# 
#                 ----------------------------------------------------
#                 Data from a 3D direct N-body simulation. 
# 
#                 rows are i-particle; 
#                 coumns are :mass, tag, x ,y, z, vx, vy, vz, ax, ay, az
# 
#                 NTHU, Computational Physics Lab
# 
#                 ----------------------------------------------------
#                 Time = 0.8000000000000005
1.000000000000000000e+00 2.000000000000000000e+00 3.000000000000000000e+00 4.000000000000000000e+00 5.000000000000000000e+00 6.000000000000000000e+00 7.000000000000000000e+00 8.000000000000000000e+00 9.000000000000000000e+00 1.000000000000000000e+01 1.100000000000000000e+01 1.200000000000000000e+01 1.300000000000000000e+01 1.400000000000000000e+01 1.500000000000000000e+01 1.600000000000000000e+01 1.700000000000000000e+01 1.800000000000000000e+01 1.900000000000000000e+01 2.000000000000000000e+01 2.100000000000000000e+01 2.200000000000000000e+01 2.300000000000000000e+01 2.400000000000000000e+01 2.500000000000000000e+01 2.600000000000000000e+01 2.700000000000000000e+01 2.800000000000000000e+01 2.900000000000000000e+01 3.000000000000000000e+01 3.100000000000000000e+01 3.200000000000000000e+01 3.300000000000000000e+01 3.400000000000000000e+01 3.500000000000000000e+01 3.600000000000000000e+01 3.700000000000000000e+01 3.800000000000000000e+01 3.900000000000000000e+01 4.000000000000000000e+01 4.100000000000000000e+01 4.200000000000000000e+01 4.300000000000000000e+01 4.400000000000000000e+01 4.500000000000000000e+01 4.600000000000000000e+01 4.700000000000000000e+01 4.800000000000000000e+01 4.900000000000000000e+01 5.000000000000000000e+01 5.100000000000000000e+01 5.200000000000000000e+01 5.300000000000000000e+01 5.400000000000000000e+01 5.500000000000000000e+01 5.600000000000000000e+01 5.700000000000000000e+01 5.800000000000000000e+01 5.900000000000000000e+01 6.000000000000000000e+01 6.100000000000000000e+01 6.200000000000000000e+01 6.300000000000000000e+01 6.400000000000000000e+01 6.500000000000000000e+01 6.600000000000000000e+01 6.700000000000000000e+01 6.800000000000000000e+01 6.900000000000000000e+01 7.000000000000000000e+01 7.100000000000000000e+01 7.200000000000000000e+01 7.300000000000000000e+01 7.400000000000000000e+01 7.500000000000000000e+01 7.600000000000000000e+01 7.700000000000000000e+01 7.800000000000000000e+01 7.900000000000000000e+01 8.000000000000000000e+01 8.100000000000000000e+01 8.200000000000000000e+01 8.300000000000000000e+01 8.400000000000000000e+01 8.500000000000000000e+01 8.600000000000000000e+01 8.700000000000000000e+01 8.800000000000000000e+01 8.900000000000000000e+01 9.000000000000000000e+01 9.100000000000000000e+01 9.200000000000000000e+01 9.300000000000000000e+01 9.400000000000000000e+01 9.500000000000000000e+01 9.600000000000000000e+01 9.700000000000000000e+01 9.800000000000000000e+01 9.900000000000000000e+01 1.000000000000000000e+02
2.000000000000000111e-01 2.000000000000000111e-01 2.000000000000000111e-01 2.000000000000000111e-01 2.000000000000000111e-01 2.000000000000000111e-01 2.000000000000000111e-01 2.000000000000000111e-01 2.000000000000000111e-01 2.000000000000000111e-01 2.000000000000000111e-01 2.000000000000000111e-01 2.000000000000000111e-01 2.000000000000000111e-01 2.000000000000000111e-01 2.000000000000000111e-01 2.000000000000000111e-01 2.000000000000000111e-01 2.000000000000000111e-01 2.000000000000000111e-01 2.000000000000000111e-01 2.000000000000000111e-01 2.000000000000000111e-01 2.000000000000000111e-01 2.000000000000000111e-01 2.000000000000000111e-01 2.000000000000000111e-01 2.000000000000000111e-01 2.000000000000000111e-01 2.000000000000000111e-01 2.000000000000000111e-01 2.000000000000000111e-01 2.000000000000000111e-01 2.000000000000000111e-01 2.000000000000000111e-01 2.000000000000000111e-01 2.000000000000000111e-01 2.000000000000000111e-01 2.000000000000000111e-01 2.000000000000000111e-01 2.000000000000000111e-01 2.000000000000000111e-01 2.000000000000000111e-01 2.000000000000000111e-01 2.000000000000000111e-01 2.000000000000000111e-01 2.000000000000000111e-01 2.000000000000000111e-01 2.000000000000000111e-01 2.000000000000000111e-01 2.000000000000000111e-01 2.000000000000000111e-01 2.000000000000000111e-01 2.000000000000000111e-01 2.000000000000000111e-01 2.000000000000000111e-01 2.000000000000000111e-01 2.000000000000000111e-01 2.000000000000000111e-01 2.000000000000000111e-01 2.000000000000000111e-01 2.000000000000000111e-01 2.000000000000000111e-01 2.000000000000000111e-01 2.000000000000000111e-01 2.000000000000000111e-01 2.000000000000000111e-01 2.000000000000000111e-01 2.000000000000000111e-01 2.000000000000000111e-01 2.000000000000000111e-01 2.000000000000000111e-01 2.000000000000000111e-01 2.000000000000000111e-01 2.000000000000000111e-01 2.000000000000000111e-01 2.000000000000000111e-01 2.000000000000000111e-01 2.000000000000000111e-01 2.000000000000000111e-01 2.000000000000000111e-01 2.000000000000000111e-01 2.000000000000000111e-01 2.000000000000000111e-01 2.000000000000000111e-01 2.000000000000000111e-01 2.000000000000000111e-01 2.000000000000000111e-01 2.000000000000000111e-01 2.000000000000000111e-01 2.000000000000000111e-01 2.000000000000000111e-01 2.000000000000000111e-01 2.000000000000000111e-01 2.000000000000000111e-01 2.000000000000000111e-01 2.000000000000000111e-01 2.000000000000000111e-01 2.000000000000000111e-01 2.000000000000000111e-01
3.771628397787388121e+00 4.791139845892457672e+00 2.031332327875440491e+00 8.778794789079703564e-01 1.627133164733687520e+00 7.134108893095356674e-01 6.693541820836266254e-01 1.397466068983965526e+00 4.852845986006764534e+00 -4.002081586624314791e-01 3.312846952441017012e-01 -4.235038265704958782e+00 2.630419180603396967e+00 -6.463369266449591199e-01 -3.648088912699303243e+00 -9.366212123355300845e-01 -3.450589678466082333e+00 8.272164034224213092e-01 -6.025340497459655970e-02 6.467238359487738064e-01 -1.437752653809039938e+00 -3.690873333408561052e+00 -3.485440203726070774e+00 1.110606866358254674e-01 2.436093669187660016e+00 -1.464152536256274395e+00 -6.661152742686050621e-01 1.926009937494081337e+00 3.181956261975469324e+00 -3.846874166604488110e-01 -8.620083403577014636e-01 2.088088629885441971e+00 2.244913633210345039e-02 8.594726441448965470e-01 -2.716358777521440615e+00 4.155555689913606798e+00 4.111344710588006102e+00 1.937167509805932664e+00 -5.729948105893820642e-01 -3.314212630565664397e-01 8.048150842784925763e-01 2.835875274884283481e+00 -9.303789444150372123e-01 8.711721008326623883e-01 -1.441760331513219917e+00 1.446244971423490400e+00 8.466827887036387779e-01 9.394416765219616439e-01 5.095279915339150811e+00 2.388234049493591193e+00 -1.459032408019383387e-01 -1.766960494553216021e+00 2.408800301274238720e+00 -9.360799256141003610e-01 2.029906052138578332e+00 1.805286936576149914e+00 2.540060180587528471e+00 6.814570000374917669e-01 -2.211261989586904786e+00 -1.474282120420335129e+00 -7.568554347441506236e-01 -4.753744127669407682e+00 -2.361221121450284066e+00 3.299038323530925521e+00 -8.398763053617248897e-02 -3.667789716001985667e-01 4.625104001404627851e+00 -5.118035524256508983e-01 1.368632208238108605e+00 -1.577943842413140896e+00 1.946018234294071503e+00 -9.972263152255339547e-01 -3.639027646739691202e-02 -9.034834171356749544e-02 -9.911905095496456042e-01 1.352575310584728518e-01 -1.277088471898315092e+00 -1.054739667751435572e+00 -2.471973561110408557e+00 -4.425727450713869082e+00 -1.362869665150092668e+00 -6.366918211173581144e-01 2.463738673983946637e+00 -3.135285182408604765e+00 3.035039834105514589e-01 1.485406206263925943e+00 -3.384397890522373942e+00 -1.083600687555238862e+00 -4.139860881836821882e+00 1.890508321995323926e-01 8.531809392743499032e-01 8.340105700563639202e-01 1.055643586306427739e+00 4.413985524592861864e+00 -1.479633243070206827e+00 1.301737140766819456e+00 1.474863991435501065e+00 -1.028459139030610592e+00 -2.906683616158357020e-01 1.246380659442536842e+00
8.555548674667989850e-01 3.992930423937640860e+00 -3.236091980295980886e-01 3.079722592033500850e-01 2.601476226151736015e-01 3.194411469653170244e+00 -1.826098225117692486e+00 1.848206579998200150e+00 -3.109504807767501600e+00 3.277155920020159652e+00 8.085293300410635320e-01 -7.438517724264693820e-01 2.570745380194977781e+00 -2.241855217630730035e+00 4.170852979462252641e+00 -2.678534757501412678e+00 -4.548468126658341548e-01 -1.092126589417790061e+00 9.157939851416134758e-01 -1.356215957399336425e+00 -7.687386138752774212e-01 3.793465386408308992e-01 9.894514941951125797e-01 1.558828260670433785e+00 -2.640116373908144798e+00 -1.861803980524936897e+00 1.200832301438211347e-01 9.956077975465711383e-01 4.053503770188269684e+00 -2.289320270051274253e+00 2.613645183141760420e+00 7.619195478476782357e-01 3.818275118336495577e+00 4.026267438768739382e+00 2.072614595590023256e+00 -8.843375972332045976e-01 3.165413623823395195e+00 -1.841342349817755686e+00 1.715685053153648942e+00 1.312941559631836785e+00 -2.350568741355012925e+00 -1.485019568442259796e+00 3.953813779208000589e+00 -1.646116202328405054e+00 6.805006644311435704e-02 1.232778613450588923e+00 -2.337016067392682750e+00 3.563553362623108067e-01 2.019343988746127305e+00 -2.813472318462176602e+00 3.663208760122904639e+00 -2.104927836190848001e-01 -2.308944769642083727e+00 -1.064817332283173990e+00 1.871890281111963927e-01 -2.138506947007703829e+00 6.776385028240817787e-01 1.831944268492250227e+00 1.457279836822066077e+00 -9.739491200658223491e-01 -2.939708486466138915e+00 1.336775483000329778e+00 1.115310031945786484e-01 -2.764189994881213863e+00 -2.497437534812018356e+00 1.650122240420774267e+00 2.857562066523218647e+00 2.351122042235970433e+00 -3.457127817821450844e+00 5.984907005025852378e-01 6.782335092806696109e-01 -2.019267878421859397e+00 8.106448886364229223e-01 -2.043853181785555861e+00 1.029429061386590849e+00 3.346193065737830818e-01 -5.086873565334073533e-01 -1.160663041444590426e+00 1.670239709051511090e+00 9.113600269318826719e-01 -8.493913941565263137e-01 -6.606840429011360261e-01 2.308276602661531562e+00 1.114060047440202261e+00 -6.827389954517797399e-01 -1.551363429108339798e+00 1.305019668622062534e+00 -1.274941858458865651e+00 4.036195317214851253e-01 -6.646891723509490424e-01 -5.927940406292099951e+00 -1.394874808948290079e+00 -2.482363691480936052e-01 -2.363406413905533576e-01 3.284846753924913987e+00 -2.234801331304629546e+00 2.783407571802926750e+00 4.925885992606619190e+00 2.430727303659249383e+00 -8.540404280547646554e-01
2.092588841967228941e+00 -2.089467958786983992e+00 -2.206859788125027089e-01 3.109304757183643630e+00 9.490023426750504587e-01 -4.386385421197674384e-01 -5.458416524212275966e+00 -1.586782711514239885e+00 9.783390533555116897e-02 3.141559224822615626e+00 -1.898127339226809873e+00 3.342810402217659682e-01 -8.281250003337732313e-01 -3.036065927339308246e+00 -1.089661567688741339e+00 1.662310921349669179e+00 -1.914550063429891980e+00 -2.524248270276356898e+00 1.422184030406080935e-01 -7.755653440248568842e-01 -1.738543314423039998e+00 -8.590290181897292099e-01 -1.939847909899222733e+00 2.757712733847108577e-01 8.602244570372595822e-01 -1.237605976739655000e+00 -2.491145260970763609e+00 -3.284561820169910273e+00 2.520288484943438601e+00 2.254465620911969559e+00 4.453017816753732649e-01 1.510701707685308426e+00 2.713436718595763075e-01 -2.881573720241149328e+00 -2.508193397191335272e+00 -1.598094540988096446e+00 3.992932707641168921e+00 4.083811191355984249e+00 2.025259435543766084e+00 1.971716509783281612e+00 6.376475282613770501e-01 -3.199257625854410314e-01 1.437397432613103820e+00 1.152938061988059815e+00 -1.359470360987023341e+00 -4.453529502431665121e-01 -3.188379955946848643e+00 1.357724968274630850e+00 -1.951658345885670442e+00 -9.868897662182890551e-01 -1.592321191797406943e+00 -1.418548367790328113e+00 -2.453343883819437465e+00 4.125432751497096540e+00 -2.620040081545644384e+00 -3.302793227056461944e+00 1.968836466882045944e+00 -1.391923321004392644e+00 -1.717728675346285927e+00 3.736117610294599489e-02 -1.376086387785354193e+00 -3.425277217888035963e+00 -1.581220362283091818e+00 5.709673287158809618e-01 1.118789833214324680e+00 1.760699590617930355e+00 -7.893295592746190081e-01 1.400984363682659550e+00 -5.201044941311680492e-02 -2.098521556711278602e-01 1.681191246878981360e+00 -8.767069837798486809e-01 4.830512098740698868e+00 -7.397255092537847743e-01 -3.294296494020068966e+00 4.964127494302958410e-01 -3.044709046155559928e+00 8.895307456832604043e-01 3.195279879138778423e+00 1.447260398251392965e+00 -2.840980633783917186e-01 -3.583374271514040643e+00 -1.739010399108177563e+00 -1.231065187019811935e+00 1.478539552761055420e+00 -2.957698602326973347e+00 -2.541835503119924677e+00 -1.123927451311041714e-01 1.120104446375977059e+00 2.082460787367386434e-01 4.181837224730347913e+00 -8.358676965393899705e-01 -4.341700678886822651e+00 2.181178623025768815e+00 6.122164835706818131e-01 2.589485623530103364e+00 -1.342881082038560603e+00 -2.266365432842421868e+00 2.089420867508356983e-01 7.911965056300650501e-01
3.192922420136538708e+00 4.056010532821169967e+00 1.719646077310670984e+00 7.431811411524014144e-01 1.377466542765113156e+00 6.039455420388414320e-01 5.666518196411867159e-01 1.183039158622154252e+00 4.108246302102557479e+00 -3.388018677946963986e-01 2.804526928053003298e-01 -3.585229603890960792e+00 2.226813511766922549e+00 -5.471631109919611324e-01 -3.088342192540170839e+00 -7.929027305003221171e-01 -2.921139816193804251e+00 7.002919239308014188e-01 -5.100450470653289381e-02 5.475530222534749081e-01 -1.217148750697453430e+00 -3.124554333882012980e+00 -2.950641210373969869e+00 9.401730047794158718e-02 2.062308731062533873e+00 -1.239487450601525209e+00 -5.639113519448073486e-01 1.630488874966865342e+00 2.693732028147493018e+00 -3.256610422487465906e-01 -7.297365871901221324e-01 1.767668725576805322e+00 1.900360306893909140e-02 7.275983811298945003e-01 -2.299572303029231435e+00 3.517942465399888530e+00 3.480520134452171011e+00 1.639936617939052432e+00 -4.850536399205980231e-01 -2.805746755437024120e-01 6.813251669385940179e-01 2.400744917757918984e+00 -7.876242616494015802e-01 7.375003638890157420e-01 -1.220553337016044182e+00 1.224333546806760209e+00 7.167742594205658291e-01 7.952998065306452480e-01 4.313482863647203125e+00 2.021790783932102542e+00 -1.235149087917338240e-01 -1.495832473655235084e+00 2.039198986180497553e+00 -7.924502356431351036e-01 1.718441376606634208e+00 1.528285970994649912e+00 2.150311007520151030e+00 5.769014970609217530e-01 -1.871976501437664586e+00 -1.248052687577801079e+00 -6.407248473696686153e-01 -4.024349826342201730e+00 -1.998915034691292059e+00 2.792843058970575054e+00 -7.109859137109120208e-02 -3.105132355858795101e-01 3.915448388298014670e+00 -4.332726730888475930e-01 1.158634745484437678e+00 -1.335825532843267993e+00 1.647457700205244402e+00 -8.442151379996213345e-01 -3.080622225364492220e-02 -7.648689766831458237e-02 -8.391058515351510483e-01 1.145049527492368324e-01 -1.081131650858274451e+00 -8.928993518071838276e-01 -2.092682623952649479e+00 -3.746659537021129083e+00 -1.153752511744837284e+00 -5.390015959065884710e-01 2.085707449698443128e+00 -2.654216929388267587e+00 2.569386134580961545e-01 1.257488660327183094e+00 -2.865106738357390270e+00 -9.173441666898757285e-01 -3.504659302468228876e+00 1.600439411034262072e-01 7.222735542379493667e-01 7.059745763148518316e-01 8.936692352413779794e-01 3.736720690161054126e+00 -1.252597191073183902e+00 1.102002637477889069e+00 1.248565128940260394e+00 -8.706561305574216370e-01 -2.460726164632712487e-01 1.055134712005402653e+00
7.242803996272340061e-01 3.380273545211542885e+00 -2.739562781118174972e-01 2.607185387426690371e-01 2.202329514607062055e-01 2.704268900654662300e+00 -1.545909410945313089e+00 1.564625428558616305e+00 -2.632396163363515562e+00 2.774321501669498868e+00 6.844706984388209126e-01 -6.297150320245759048e-01 2.176298066008366838e+00 -1.897869439124793667e+00 3.530895665537919115e+00 -2.267545150129969933e+00 -3.850514806945911639e-01 -9.245561893560099165e-01 7.752774700219823290e-01 -1.148134944257255707e+00 -6.507778933167850388e-01 3.211432231634768764e-01 8.376355274379111426e-01 1.319641275491558297e+00 -2.235024890941318176e+00 -1.576130037758809666e+00 1.016556919787247049e-01 8.428431130245755964e-01 3.431552508888561004e+00 -1.938054385333685570e+00 2.212613983167323717e+00 6.449912718546606527e-01 3.232408064306449447e+00 3.408493123919404066e+00 1.754594669437959498e+00 -7.486488160262919633e-01 2.679728373355470872e+00 -1.558814427840716776e+00 1.452423399797543757e+00 1.111514018320458375e+00 -1.989898471743817954e+00 -1.257163704566754525e+00 3.347152322506446787e+00 -1.393538617455674533e+00 5.759588666277611763e-02 1.043624799484541343e+00 -1.978427776074924926e+00 3.016759437764086615e-01 1.709506617783675297e+00 -2.381780749329774238e+00 3.101138247323891761e+00 -1.781870207591105260e-01 -1.954666780834813489e+00 -9.014355919844210252e-01 1.584680665489724971e-01 -1.810378261010844092e+00 5.736639788266070239e-01 1.550855385823803001e+00 1.233675068980360612e+00 -8.245067103882501858e-01 -2.488641544133523453e+00 1.131666869423511690e+00 9.441698930870573436e-02 -2.340061992066322372e+00 -2.114233434375828669e+00 1.396925829899223759e+00 2.419110566738694956e+00 1.990366783956174501e+00 -2.926673700522518295e+00 5.066566050775167529e-01 5.741818904542488333e-01 -1.709429703454399929e+00 6.862630525479060939e-01 -1.730243797947686568e+00 8.714735043125982905e-01 2.832785006489939028e-01 -4.306343627291246423e-01 -9.825728531310895519e-01 1.413965607877581077e+00 7.715201775356798075e-01 -7.190765358309082478e-01 -5.593097117934356932e-01 1.954103264009765084e+00 9.431184425478701394e-01 -5.779807018669467222e-01 -1.313331103121212262e+00 1.104780173032018586e+00 -1.079303986372134538e+00 3.416940738034294767e-01 -5.627006344019437334e-01 -5.018387798431811042e+00 -1.180835137122063561e+00 -2.101492636856004681e-01 -2.000759033660793329e-01 2.780828530637586837e+00 -1.891899885543332660e+00 2.356325907762424343e+00 4.170078942980960157e+00 2.057762519116076216e+00 -7.229975450197062559e-01
1.771509440133091307e+00 -1.768869608880952349e+00 -1.868225196008073408e-01 2.632219428852096588e+00 8.033942998910086342e-01 -3.713361800389414769e-01 -4.620900463038995376e+00 -1.343308050873774917e+00 8.282260959824089275e-02 2.659528463265665721e+00 -1.606882335449568044e+00 2.829887412698408600e-01 -7.010645159354850220e-01 -2.570221125073955282e+00 -9.224695229712263078e-01 1.407249811765330261e+00 -1.620787128393705201e+00 -2.136936398250333990e+00 1.204003330000814470e-01 -6.565833741977449289e-01 -1.471781207189694296e+00 -7.272277602052704681e-01 -1.642205540385228923e+00 2.334569515368081494e-01 7.282314500128217460e-01 -1.047706134941698286e+00 -2.108910093034938260e+00 -2.780587842399660392e+00 2.133587123829166377e+00 1.908541412277921401e+00 3.769759370984748226e-01 1.278940344351450431e+00 2.297084760964755445e-01 -2.439435484202996829e+00 -2.123343095850928730e+00 -1.352889171444269012e+00 3.380275994510066884e+00 3.457207024411890650e+00 1.714484199073019743e+00 1.669169344350702078e+00 5.398091072864698026e-01 -2.708373042295117994e-01 1.216845649674108243e+00 9.760288725901740126e-01 -1.150880253035375445e+00 -3.770200713683968807e-01 -2.699165176908128849e+00 1.149393663979195956e+00 -1.652204208631676607e+00 -8.354641653793994927e-01 -1.348000080684045088e+00 -1.200891118380743139e+00 -2.076913395887967528e+00 3.492442229738685455e+00 -2.218030571531141248e+00 -2.796020390815171730e+00 1.666735449528048862e+00 -1.178349867723119671e+00 -1.454166995967937748e+00 3.160367935423910590e-02 -1.164942887193773036e+00 -2.899717224808926463e+00 -1.338601396330415305e+00 4.833594811382456169e-01 9.471246900353671450e-01 1.490564173733729847e+00 -6.682202221769086847e-01 1.186019879276514866e+00 -4.403021605132715482e-02 -1.776578874131337082e-01 1.423196432506560472e+00 -7.421907309668934749e-01 4.089337925678084851e+00 -6.262242765658317944e-01 -2.788827479849608881e+00 4.202413309168152589e-01 -2.577535733371915327e+00 7.530338339102989886e-01 2.705007745123225504e+00 1.225194180497896079e+00 -2.404898027266975102e-01 -3.033548115848847981e+00 -1.472179186892679903e+00 -1.042181917852501805e+00 1.251668991900951156e+00 -2.503879805943154846e+00 -2.151818581922606555e+00 -9.515090553995968203e-02 9.482402449681743839e-01 1.762931521902783016e-01 3.540197680270317449e+00 -7.075919072667764542e-01 -3.675524814866610424e+00 1.846507164093908360e+00 5.182799550433582203e-01 2.192161169846535529e+00 -1.136833431118870363e+00 -1.918624011106634164e+00 1.768862320993576098e-01 6.697962359694575873e-01
1.764028014035672109e+00 2.240881043757612989e+00 9.500608632778355656e-01 4.105942630297440554e-01 7.610145503938414713e-01 3.336644759277394012e-01 3.130662796815160687e-01 6.535978691432535737e-01 2.269735737941159126e+00 -1.871820719393242349e-01 1.549431860991021814e-01 -1.980772772939527915e+00 1.230265767754133321e+00 -3.022931418962457872e-01 -1.706256663715012944e+00 -4.380510956878447826e-01 -1.613867668898782304e+00 3.868993452791062437e-01 -2.817170888632605438e-02 3.026278197005469739e-01 -6.724512498300826424e-01 -1.726248695702063518e+00 -1.630163213477772599e+00 5.193776388069155925e-02 1.139387838059805036e+00 -6.847729498627542766e-01 -3.115550369942104436e-01 9.008125377340565620e-01 1.488243424012218208e+00 -1.799190905013572650e-01 -4.031499273789170834e-01 9.765443574555682238e-01 1.049718909852515557e-02 4.019846915151810696e-01 -1.270474054242294315e+00 1.943597733105209668e+00 1.922932287729110623e+00 9.060363406742600878e-01 -2.679392729965094921e-01 -1.550227453512492970e-01 3.764155731393006299e-01 1.326359138343870425e+00 -4.351463130849599348e-01 4.074508612078960867e-01 -6.743548190576694745e-01 6.764121391978851205e-01 3.960108773003823135e-01 4.393933349911227082e-01 2.383126655659111304e+00 1.116999119028573295e+00 -6.823687385655473336e-02 -8.263965224257557862e-01 1.126612168859715268e+00 -4.378120591656693983e-01 9.494005062165978837e-01 8.443412294368038973e-01 1.187984551720747461e+00 3.187364289988535715e-01 -1.034236836813497540e+00 -6.894857898175655864e-01 -3.539857546584476156e-01 -2.223383650533391709e+00 -1.104346207383608114e+00 1.542988224686228982e+00 -3.927628492160532836e-02 -1.715747236289525690e-01 2.163218815047056154e+00 -2.393719953971561731e-01 6.401249787981374562e-01 -7.380103540737280587e-01 9.102458465583481706e-01 -4.664123329321821498e-01 -1.701897907694572762e-02 -4.226002044769829741e-02 -4.635903238691581052e-01 6.326346119397704970e-02 -5.972954715543903337e-01 -4.933008596425253467e-01 -1.156167473428919568e+00 -2.069958654938274911e+00 -6.374202413160062752e-01 -2.977910854992459888e-01 1.152306528973403132e+00 -1.466402408730995477e+00 1.419598512199253260e-01 6.947347536916297361e-01 -1.582915181269891391e+00 -5.068293200476368110e-01 -1.936265700019100366e+00 8.842201515561791403e-02 3.990456915109996117e-01 3.899069008942221415e-01 4.937351016977236107e-01 2.064470379441075032e+00 -6.920241191570776218e-01 6.088345507948396129e-01 6.898068162034404205e-01 -4.810212874826113039e-01 -1.359569235817534305e-01 5.829310801686437005e-01
4.001490209904898787e-01 1.867545322954089260e+00 -1.513566775180969770e-01 1.440429295026247336e-01 1.216773297078004024e-01 1.494050999129437729e+00 -8.540880856639960772e-01 8.644281227278352020e-01 -1.454354407593210441e+00 1.532761692348773463e+00 3.781556855619325197e-01 -3.479003875453906547e-01 1.202361173917285919e+00 -1.048530406648138458e+00 1.950759998256931027e+00 -1.252766832143431541e+00 -2.127236459683722047e-01 -5.108029474086500654e-01 4.283255232028324033e-01 -6.343457332888272626e-01 -3.595268484581702340e-01 1.774299043293067757e-01 4.627815553171534257e-01 7.290656053886178656e-01 -1.234806388379829034e+00 -8.707718776916379966e-01 5.615828010680192633e-02 4.656507871436091350e-01 1.895875555873482332e+00 -1.070737106733781197e+00 1.222422182874399965e+00 3.563033736647527316e-01 1.785835889857017023e+00 1.883131671982398947e+00 9.693703105654013497e-01 -4.136159424719469957e-01 1.480508081496990203e+00 -8.612176664025993356e-01 8.024116216423855530e-01 6.141393145786480101e-01 -1.099367312373505490e+00 -6.945597237682444858e-01 1.849234066679199318e+00 -7.698973661383357037e-01 3.179615685366337513e-02 5.765817784747104824e-01 -1.093034751146101380e+00 1.666674096401241090e-01 9.444770122819114988e-01 -1.315884386146086715e+00 1.713318877780854121e+00 -9.842873477275342065e-02 -1.079913250000807290e+00 -4.980262448447597134e-01 8.755187252202610571e-02 -1.000192610445622021e+00 3.169383704536905544e-01 8.568147768950102883e-01 6.815727859537734634e-01 -4.555184427245494438e-01 -1.374911226515571183e+00 6.252273906047105534e-01 5.216151725978462883e-02 -1.292839114822966318e+00 -1.168062314962146964e+00 7.717608014097641078e-01 1.336518036441309842e+00 1.099625869578374937e+00 -1.616922999795344262e+00 2.799109402605913233e-01 3.172516550554098647e-01 -9.444106838766160861e-01 3.791485992198974642e-01 -9.559121269751290617e-01 4.814657540964392135e-01 1.565098293630149406e-01 -2.379138965873935918e-01 -5.428488058343539091e-01 7.811922660997329126e-01 4.262426903227914954e-01 -3.973005498965450633e-01 -3.090055422987990075e-01 1.079605982952423826e+00 5.210471418488774598e-01 -3.193210478351041770e-01 -7.255970794007153835e-01 6.103665412850228789e-01 -5.962658208124496095e-01 1.887881000974122869e-01 -3.108795855748135994e-01 -2.772582707327463147e+00 -6.523603816788461351e-01 -1.161061776636154730e-01 -1.105353544846267300e-01 1.536349541038721123e+00 -1.045236178007896255e+00 1.301815103298271215e+00 2.303896405139269188e+00 1.136869950324485457e+00 -3.994387685013131017e-01
9.787255258929391522e-01 -9.772712596153019238e-01 -1.032117409624791621e-01 1.454242675226588011e+00 4.438668829800051507e-01 -2.051577162279334954e-01 -2.552967897110295592e+00 -7.421440242091719153e-01 4.575791184599298234e-02 1.469337232850409958e+00 -8.877662684595799547e-01 1.563432586758084497e-01 -3.873326933232132951e-01 -1.419995549395417500e+00 -5.096503538204656403e-01 7.774750923062256902e-01 -8.954520572703339454e-01 -1.180616678432734323e+00 6.652543621960672893e-02 -3.627843888148881146e-01 -8.131195070760440791e-01 -4.017893570053683305e-01 -9.072894834793757690e-01 1.289787316849498322e-01 4.023279797731865726e-01 -5.788264522432822190e-01 -1.165127892218899230e+00 -1.536217570350482786e+00 1.178771872584637004e+00 1.054419720796453852e+00 2.082714773623361715e-01 7.066579512626410819e-01 1.269073319227918550e-01 -1.347742446876644573e+00 -1.173103136919845690e+00 -7.474468418157915739e-01 1.867547661439908024e+00 1.910044145584997022e+00 9.471693100412795774e-01 9.221578454763609267e-01 2.982342501774598587e-01 -1.496321443163487197e-01 6.722792400813956126e-01 5.392251796034351896e-01 -6.358438120710376840e-01 -2.082974207741560557e-01 -1.491235748399140748e+00 6.350053067782643890e-01 -9.128142910102521324e-01 -4.615767692400868372e-01 -7.447426872957420008e-01 -6.634692449277079795e-01 -1.147459049073113579e+00 1.929510758802146508e+00 -1.225420284414262762e+00 -1.544740904788199476e+00 9.208212729034388477e-01 -6.510128489680510055e-01 -8.034007886948982824e-01 1.741281656767245875e-02 -6.436057256730413068e-01 -1.602043577219659065e+00 -7.395479398976899654e-01 2.670457520309081900e-01 5.232646871864882199e-01 8.235469270147621756e-01 -3.691840005463013497e-01 6.552489785841202341e-01 -2.432598794469340714e-02 -9.816160649972861807e-02 7.862150130845680929e-01 -4.100512465002555951e-01 2.259286693529425794e+00 -3.459763719853786168e-01 -1.540767174523671734e+00 2.321685113001192846e-01 -1.424032262371618840e+00 4.160169810988398886e-01 1.494466224830478751e+00 6.768895517086166436e-01 -1.328330984855893848e-01 -1.675966746438912303e+00 -8.133442772721515279e-01 -5.757992076827690431e-01 6.915068752281943176e-01 -1.383346281663362598e+00 -1.188826340329536047e+00 -5.257538826626318579e-02 5.238860734047549039e-01 9.739789874857281149e-02 1.955905206423548703e+00 -3.908867835751458353e-01 -2.030656689752995181e+00 1.020161964955044187e+00 2.863395003574152886e-01 1.211121987406931888e+00 -6.280775872585424580e-01 -1.060006686935494269e+00 9.773294465186860291e-02 3.700461737711346899e-01
