# 
#                 ----------------------------------------------------
#                 Data from a 3D direct N-body simulation. 
# 
#                 rows are i-particle; 
#                 coumns are :mass, tag, x ,y, z, vx, vy, vz, ax, ay, az
# 
#                 NTHU, Computational Physics Lab
# 
#                 ----------------------------------------------------
#                 Time = 6.29999999999991
1.000000000000000000e+00 2.000000000000000000e+00 3.000000000000000000e+00 4.000000000000000000e+00 5.000000000000000000e+00 6.000000000000000000e+00 7.000000000000000000e+00 8.000000000000000000e+00 9.000000000000000000e+00 1.000000000000000000e+01 1.100000000000000000e+01 1.200000000000000000e+01 1.300000000000000000e+01 1.400000000000000000e+01 1.500000000000000000e+01 1.600000000000000000e+01 1.700000000000000000e+01 1.800000000000000000e+01 1.900000000000000000e+01 2.000000000000000000e+01 2.100000000000000000e+01 2.200000000000000000e+01 2.300000000000000000e+01 2.400000000000000000e+01 2.500000000000000000e+01 2.600000000000000000e+01 2.700000000000000000e+01 2.800000000000000000e+01 2.900000000000000000e+01 3.000000000000000000e+01 3.100000000000000000e+01 3.200000000000000000e+01 3.300000000000000000e+01 3.400000000000000000e+01 3.500000000000000000e+01 3.600000000000000000e+01 3.700000000000000000e+01 3.800000000000000000e+01 3.900000000000000000e+01 4.000000000000000000e+01 4.100000000000000000e+01 4.200000000000000000e+01 4.300000000000000000e+01 4.400000000000000000e+01 4.500000000000000000e+01 4.600000000000000000e+01 4.700000000000000000e+01 4.800000000000000000e+01 4.900000000000000000e+01 5.000000000000000000e+01 5.100000000000000000e+01 5.200000000000000000e+01 5.300000000000000000e+01 5.400000000000000000e+01 5.500000000000000000e+01 5.600000000000000000e+01 5.700000000000000000e+01 5.800000000000000000e+01 5.900000000000000000e+01 6.000000000000000000e+01 6.100000000000000000e+01 6.200000000000000000e+01 6.300000000000000000e+01 6.400000000000000000e+01 6.500000000000000000e+01 6.600000000000000000e+01 6.700000000000000000e+01 6.800000000000000000e+01 6.900000000000000000e+01 7.000000000000000000e+01 7.100000000000000000e+01 7.200000000000000000e+01 7.300000000000000000e+01 7.400000000000000000e+01 7.500000000000000000e+01 7.600000000000000000e+01 7.700000000000000000e+01 7.800000000000000000e+01 7.900000000000000000e+01 8.000000000000000000e+01 8.100000000000000000e+01 8.200000000000000000e+01 8.300000000000000000e+01 8.400000000000000000e+01 8.500000000000000000e+01 8.600000000000000000e+01 8.700000000000000000e+01 8.800000000000000000e+01 8.900000000000000000e+01 9.000000000000000000e+01 9.100000000000000000e+01 9.200000000000000000e+01 9.300000000000000000e+01 9.400000000000000000e+01 9.500000000000000000e+01 9.600000000000000000e+01 9.700000000000000000e+01 9.800000000000000000e+01 9.900000000000000000e+01 1.000000000000000000e+02
2.000000000000000111e-01 2.000000000000000111e-01 2.000000000000000111e-01 2.000000000000000111e-01 2.000000000000000111e-01 2.000000000000000111e-01 2.000000000000000111e-01 2.000000000000000111e-01 2.000000000000000111e-01 2.000000000000000111e-01 2.000000000000000111e-01 2.000000000000000111e-01 2.000000000000000111e-01 2.000000000000000111e-01 2.000000000000000111e-01 2.000000000000000111e-01 2.000000000000000111e-01 2.000000000000000111e-01 2.000000000000000111e-01 2.000000000000000111e-01 2.000000000000000111e-01 2.000000000000000111e-01 2.000000000000000111e-01 2.000000000000000111e-01 2.000000000000000111e-01 2.000000000000000111e-01 2.000000000000000111e-01 2.000000000000000111e-01 2.000000000000000111e-01 2.000000000000000111e-01 2.000000000000000111e-01 2.000000000000000111e-01 2.000000000000000111e-01 2.000000000000000111e-01 2.000000000000000111e-01 2.000000000000000111e-01 2.000000000000000111e-01 2.000000000000000111e-01 2.000000000000000111e-01 2.000000000000000111e-01 2.000000000000000111e-01 2.000000000000000111e-01 2.000000000000000111e-01 2.000000000000000111e-01 2.000000000000000111e-01 2.000000000000000111e-01 2.000000000000000111e-01 2.000000000000000111e-01 2.000000000000000111e-01 2.000000000000000111e-01 2.000000000000000111e-01 2.000000000000000111e-01 2.000000000000000111e-01 2.000000000000000111e-01 2.000000000000000111e-01 2.000000000000000111e-01 2.000000000000000111e-01 2.000000000000000111e-01 2.000000000000000111e-01 2.000000000000000111e-01 2.000000000000000111e-01 2.000000000000000111e-01 2.000000000000000111e-01 2.000000000000000111e-01 2.000000000000000111e-01 2.000000000000000111e-01 2.000000000000000111e-01 2.000000000000000111e-01 2.000000000000000111e-01 2.000000000000000111e-01 2.000000000000000111e-01 2.000000000000000111e-01 2.000000000000000111e-01 2.000000000000000111e-01 2.000000000000000111e-01 2.000000000000000111e-01 2.000000000000000111e-01 2.000000000000000111e-01 2.000000000000000111e-01 2.000000000000000111e-01 2.000000000000000111e-01 2.000000000000000111e-01 2.000000000000000111e-01 2.000000000000000111e-01 2.000000000000000111e-01 2.000000000000000111e-01 2.000000000000000111e-01 2.000000000000000111e-01 2.000000000000000111e-01 2.000000000000000111e-01 2.000000000000000111e-01 2.000000000000000111e-01 2.000000000000000111e-01 2.000000000000000111e-01 2.000000000000000111e-01 2.000000000000000111e-01 2.000000000000000111e-01 2.000000000000000111e-01 2.000000000000000111e-01 2.000000000000000111e-01
4.801351958468359982e+01 6.099247069223375206e+01 2.585893645656362949e+01 1.117559554611789530e+01 2.071344341682026169e+01 9.081743716700627189e+00 8.521060485419429398e+00 1.778975904116357398e+01 6.177787153669165576e+01 -5.094739535806403374e+00 4.217271755007645950e+00 -5.391288621244455470e+01 3.348555486587620322e+01 -8.227876012865921851e+00 -4.644104417390072825e+01 -1.192300810319857440e+01 -4.392647589101684247e+01 1.053066087632646841e+01 -7.668295060552307030e-01 8.236194480573454157e+00 -1.830285594029419727e+01 -4.698528620524134425e+01 -4.437003263226839067e+01 1.413681310680621639e+00 3.101197687072988529e+01 -1.863836278742312658e+01 -8.479908545415197452e+00 2.451842770927612136e+01 4.050712606032490726e+01 -4.897074407509363958e+00 -1.097308466094913193e+01 2.658008661424915431e+01 2.857266212994158949e-01 1.094126187806712025e+01 -3.457987891472705400e+01 5.290105295322979373e+01 5.233851394245093047e+01 2.466058238267451941e+01 -7.293092081046262720e+00 -4.219356152751894129e+00 1.024534572829123746e+01 3.610103789973608457e+01 -1.184386888381501279e+01 1.109007063873922405e+01 -1.835451688095870182e+01 1.841072106171022327e+01 1.077862385949734580e+01 1.195942192733188847e+01 6.486414752081883250e+01 3.040262035697622878e+01 -1.857297374922082911e+00 -2.249310359098810963e+01 3.066430045610211153e+01 -1.191642888225761610e+01 2.584092797809761066e+01 2.298142626686170331e+01 3.233484021768025940e+01 8.675341919630429999e+00 -2.814993879316277159e+01 -1.876676591647501624e+01 -9.634841157138176015e+00 -6.051626106159334029e+01 -3.005832865530099340e+01 4.199725733462437915e+01 -1.069055273652697702e+00 -4.669793291749996911e+00 5.887868018800240577e+01 -6.515273443409848042e+00 1.742298513491797962e+01 -2.008730147004984801e+01 2.477479681696145519e+01 -1.269486672092177493e+01 -4.632303166665083793e-01 -1.150221570642113500e+00 -1.261805176258893724e+01 1.721900998425488050e+00 -1.625731695493027473e+01 -1.342677885905822421e+01 -3.146869596522180501e+01 -5.634036484525628197e+01 -1.734941671253074702e+01 -8.105291672695038585e+00 3.136365699650571059e+01 -3.991271939246417588e+01 3.863838202227233509e+00 1.890939439704355252e+01 -4.308397608611153373e+01 -1.379484360080992644e+01 -5.270144441946807490e+01 2.406675176166186869e+00 1.086124872652304596e+01 1.061339669222125437e+01 1.343853875672942877e+01 5.619096602071937241e+01 -1.883567067651544136e+01 1.657133384637503681e+01 1.877525093528488398e+01 -1.309248946739875841e+01 -3.700447672095036111e+00 1.586635585511555568e+01
1.089131539356023559e+01 5.083100283458746560e+01 -4.119636167378328828e+00 3.920570740305595603e+00 3.311808539395628248e+00 4.066528967263055705e+01 -2.324664899058159406e+01 2.352808667191040826e+01 -3.958474511413830754e+01 4.171886856165808410e+01 1.029269319178277442e+01 -9.469226649075915603e+00 3.272601626779577799e+01 -2.853906141131952978e+01 5.309595714303621605e+01 -3.409800732707027748e+01 -5.790002744306085525e+00 -1.390307069055663192e+01 1.165821600896029508e+01 -1.726554123284069320e+01 -9.785746128096681318e+00 4.829277937634544493e+00 1.259601488912181289e+01 1.984386397771666566e+01 -3.360911537749802136e+01 -2.370083392535621059e+01 1.528552801166330077e+00 1.267416238610409884e+01 5.160210110956491292e+01 -2.914345064973650068e+01 3.327205804624048824e+01 9.698184977686947761e+00 4.860713678680956917e+01 5.125526340732224639e+01 2.638449639613158837e+01 -1.125783400021744995e+01 4.029657522477013742e+01 -2.344070402951301091e+01 2.184029452244089953e+01 1.671538694851300733e+01 -2.992279530755172701e+01 -1.890460037800880144e+01 5.033268779048989217e+01 -2.095519488734861469e+01 8.655945287488647777e-01 1.569347509896889470e+01 -2.975040305385331507e+01 4.536391124033677613e+00 2.570683443446378647e+01 -3.581591763208720636e+01 4.663331343488688674e+01 -2.679152399467950030e+00 -2.939322055144378254e+01 -1.355533304845192433e+01 2.382988214733972931e+00 -2.722340170289909267e+01 8.626464794930409852e+00 2.332090351492995239e+01 1.855118657239784241e+01 -1.239839122194684684e+01 -3.742259499542940659e+01 1.701748988647173633e+01 1.419751887131805557e+00 -3.518864516029689327e+01 -3.179252830061275148e+01 2.100596688720010619e+01 3.637746236709538294e+01 2.992983391134084670e+01 -4.400964980882153554e+01 7.618695584851497671e+00 8.634811583699299575e+00 -2.570518809874614519e+01 1.031970059889699343e+01 -2.601822199643000033e+01 1.310463448754858362e+01 4.259876564656202902e+00 -6.475589964538258414e+00 -1.477534681011859874e+01 2.126255819466123143e+01 1.160157189679329015e+01 -1.081360838694248194e+01 -8.410563978226026194e+00 2.938483020423785774e+01 1.418197235511501475e+01 -8.691331651018170845e+00 -1.974933903920596023e+01 1.661304870618721097e+01 -1.622942445278223289e+01 5.138398313765805803e+00 -8.461567744765206456e+00 -7.546434303690274703e+01 -1.775620814214423504e+01 -3.160172994386337031e+00 -3.008582279511965663e+00 4.181657080283402195e+01 -2.844937313180883720e+01 3.543301810361653992e+01 6.270766504195288604e+01 3.094348602859592035e+01 -1.087199367030472885e+01
2.663906015321923704e+01 -2.659944981347629067e+01 -2.809256486116385343e+00 3.958179797068824968e+01 1.208117349806178886e+01 -5.583995608802985622e+00 -6.948691317674061452e+01 -2.019981402200903986e+01 1.245444041482204112e+00 3.999259774096615416e+01 -2.416336026635389089e+01 4.255386066978822157e+00 -1.054241239141901509e+01 -3.864961742060584982e+01 -1.387169759489958132e+01 2.116142926971414084e+01 -2.437252854691950077e+01 -3.213415828297968346e+01 1.810653205574088043e+00 -9.874077411029629658e+00 -2.213165601984530539e+01 -1.093588235817129473e+01 -2.469469320196127171e+01 3.510569641888913850e+00 1.095064870010401847e+01 -1.575463880910187875e+01 -3.171261467648156440e+01 -4.181297210689583466e+01 3.208390875361927641e+01 2.869940243971955596e+01 5.668760295806634097e+00 1.923344584534140722e+01 3.454192977068183179e+00 -3.668300112605916752e+01 -3.192967720736458759e+01 -2.034408380153930906e+01 5.083105991072229557e+01 5.198777702273242340e+01 2.578049832075449643e+01 2.509957279047786471e+01 8.117373592231043489e+00 -4.072706696298762807e+00 1.829820451612809862e+01 1.467677325074689421e+01 -1.730643958906952662e+01 -5.669456027834955947e+00 -4.058863410734772970e+01 1.728373171817027298e+01 -2.484506313250618703e+01 -1.256325722774669629e+01 -2.027050199851798595e+01 -1.805838250638615605e+01 -3.123164391210692870e+01 5.251762261720173797e+01 -3.335362376615161395e+01 -4.204498022220453635e+01 2.506313980919788875e+01 -1.771936150581353786e+01 -2.186704547866007431e+01 4.742612523383381573e-01 -1.751775372373716522e+01 -4.360456982379913171e+01 -2.012912513416562277e+01 7.268489218010974362e+00 1.424230194467765109e+01 2.241513648520207980e+01 -1.004845819744466162e+01 1.783467034264560880e+01 -6.621066112726862185e-01 -2.671713627851702189e+00 2.139978048698321444e+01 -1.116078789056627585e+01 6.149348511980532095e+01 -9.416828153987175654e+00 -4.193682135290190161e+01 6.319234312362067563e+00 -3.875951894790507879e+01 1.132332983315767549e+01 4.067654444455681784e+01 1.842370244713833571e+01 -3.615685632478542910e+00 -4.561672474095152552e+01 -2.213774119756320502e+01 -1.567207764986210350e+01 1.882162184005430206e+01 -3.765207317738663306e+01 -3.235769289116106506e+01 -1.430960668965902682e+00 1.425918113846512725e+01 2.650991774759316133e+00 5.323595982360411938e+01 -1.063949450828893717e+01 -5.527064876847958885e+01 2.776687100122437712e+01 7.793622961451613484e+00 3.296449076006926759e+01 -1.709509508472936901e+01 -2.885135889665701114e+01 2.660061867200843810e+00 1.007198193177095824e+01
1.289503255644875601e+01 1.638083432259237426e+01 6.944931064658796060e+00 3.001441932985956740e+00 5.563004716643923153e+00 2.439082368305018012e+00 2.288513790064194087e+00 4.777790001650704887e+00 1.659175875502167230e+01 -1.368300052547044787e+00 1.132632560290881774e+00 -1.447943706453757784e+01 8.993230242826479426e+00 -2.209758038852888351e+00 -1.247272941534887991e+01 -3.202141844753807032e+00 -1.179735749520722088e+01 2.828232632538832281e+00 -2.059299000338822572e-01 2.212289776718692202e+00 -4.915614019356582709e+00 -1.261886092674855675e+01 -1.191647543166303791e+01 3.796612148148495458e-01 8.328918644444470942e+00 -5.005671584146920594e+00 -2.277468581295461814e+00 6.584932642058535457e+00 1.087905502338472097e+01 -1.315205666665318018e+00 -2.947012378828635093e+00 7.138491028957419715e+00 7.673302934013197241e-02 2.938505747428628023e+00 -9.287159838947696144e+00 1.420768764529086070e+01 1.405663013020503627e+01 6.623121471117698000e+00 -1.958603695613143625e+00 -1.133222674140284214e+00 2.751592834507762930e+00 9.695671855898245539e+00 -3.180915911685980202e+00 2.978460280194591192e+00 -4.929544932445681482e+00 4.944562106589287076e+00 2.894841609704991825e+00 3.211966106536078946e+00 1.742064674897347842e+01 8.165254933280319705e+00 -4.988091700745526658e-01 -6.040937404768304653e+00 8.235523017298397974e+00 -3.200402140133578488e+00 6.940107499734859076e+00 6.172123454622491678e+00 8.684144313573645135e+00 2.329967715412101459e+00 -7.560268263203123063e+00 -5.040108878104374135e+00 -2.587631768561160506e+00 -1.625292468665411860e+01 -8.072752105525657029e+00 1.127923066886864234e+01 -2.871063595222523301e-01 -1.254225631019395770e+00 1.581312092921931622e+01 -1.749805677003822391e+00 4.679310305503533662e+00 -5.394845359807471041e+00 6.653931444677865237e+00 -3.409470767820963033e+00 -1.244080161594138256e-01 -3.089221925954828141e-01 -3.388842428174128063e+00 4.624566367438696091e-01 -4.366219542670846110e+00 -3.606019725578629931e+00 -8.451576714960005177e+00 -1.513138451183283273e+01 -4.659533566276270022e+00 -2.176852942347784481e+00 8.423348145428665390e+00 -1.071939059698128460e+01 1.037729874872979963e+00 5.078503819373910488e+00 -1.157109830971567810e+01 -3.704928899022493116e+00 -1.415409518620391793e+01 6.463648952154789074e-01 2.917023676298394097e+00 2.850123701451504843e+00 3.609200239214549022e+00 1.509126717727502154e+01 -5.058683379707603400e+00 4.450575901398795331e+00 5.042482124686179290e+00 -3.516262681593709694e+00 -9.938487541623736155e-01 4.261214837523706223e+00
2.925085228754257027e+00 1.365174994608619308e+01 -1.106417046346138022e+00 1.052953492365796606e+00 8.894624466084480874e-01 1.092149869738848267e+01 -6.243380060640166818e+00 6.318965521946931396e+00 -1.063132505848927245e+01 1.120447916704354441e+01 2.764314628353073733e+00 -2.543145922524162383e+00 8.789250797186946684e+00 -7.664745937506482143e+00 1.426004785123995688e+01 -9.157711206393251757e+00 -1.555001492221692372e+00 -3.733968447707775695e+00 3.131056388888265651e+00 -4.637079615769033047e+00 -2.628128029065388560e+00 1.297014492913805661e+00 3.382932823760546270e+00 5.329457024920777108e+00 -9.026424935806044658e+00 -6.365329731654425949e+00 4.105134776250848883e-01 3.403901397451310817e+00 1.385884347015751317e+01 -7.827080456574495138e+00 8.935894653554923295e+00 2.604545601259147691e+00 1.305444296610081878e+01 1.376568296308435890e+01 7.086083703068314144e+00 -3.023531013020019476e+00 1.082251070455009057e+01 -6.295497112558728681e+00 5.865606352493047737e+00 4.489388680082812222e+00 -8.036358228054615083e+00 -5.077227493150864746e+00 1.351788612245777443e+01 -5.627940346547885220e+00 2.324125594173053200e-01 4.214808259989664130e+00 -7.990070583417869798e+00 1.218335705414183234e+00 6.904125716836743365e+00 -9.619103293771869900e+00 1.252434901613960427e+01 -7.195020431762724211e-01 -7.894156682735218311e+00 -3.640568731709485473e+00 6.400045066520543280e-01 -7.311396551915525954e+00 2.316817358553401096e+00 6.263308062871836945e+00 4.982286144291983021e+00 -3.329832713993694071e+00 -1.005058093057251334e+01 4.570410185177475881e+00 3.812988964675076420e-01 -9.450644987661993568e+00 -8.538519853035104745e+00 5.641556454124986075e+00 9.769941865642067569e+00 8.038248151425980481e+00 -1.181969052420053323e+01 2.046142108620973676e+00 2.319126786258222772e+00 -6.903624218916668553e+00 2.771574684412334122e+00 -6.987701127998354522e+00 3.519506762622005347e+00 1.144088514063680506e+00 -1.739146647608887708e+00 -3.968218403958929663e+00 5.710512533169294969e+00 3.115825995549823979e+00 -2.904281555456463160e+00 -2.258826781310963927e+00 7.891913400784047461e+00 3.808845692976012387e+00 -2.334233157165740202e+00 -5.304114507314115379e+00 4.461772961833153417e+00 -4.358678865269995484e+00 1.380045797256710616e+00 -2.272526460767947842e+00 -2.026757454167000816e+01 -4.768729745294605138e+00 -8.487372837662825464e-01 -8.080107761108817899e-01 1.123070131865646815e+01 -7.640667824861948176e+00 9.516252761352989253e+00 1.684147252561619723e+01 8.310508580890529018e+00 -2.919892242812253347e+00
7.154477334596449190e+00 -7.143849581354787759e+00 -7.544742523320699945e-01 1.063049846383351671e+01 3.244668758246124440e+00 -1.499702630549763827e+00 -1.866218431487520846e+01 -5.425062263407705032e+00 3.344900314560056986e-01 1.074084435056829712e+01 -6.489561634593808748e+00 1.142866351913353729e+00 -2.831404944126237222e+00 -1.038015621696665924e+01 -3.725543168039931796e+00 5.683335256821446357e+00 -6.545747250210243173e+00 -8.630300130453072427e+00 4.863050742507315505e-01 -2.651976266604460175e+00 -5.943890136509941691e+00 -2.937084433512433979e+00 -6.632281666383717855e+00 9.428324271441170801e-01 2.941010666307568577e+00 -4.231209688900150034e+00 -8.517073864824249441e+00 -1.122973731584189139e+01 8.616818520705935569e+00 7.707792073005047762e+00 1.522462737247274100e+00 5.165713023117043612e+00 9.276902038801945194e-01 -9.851988938608778668e+00 -8.575373745521332580e+00 -5.463832409330383832e+00 1.365176772807459038e+01 1.396241224946339621e+01 6.923765923748200102e+00 6.740949256442845261e+00 2.180090400358347225e+00 -1.093809770831042583e+00 4.914353447239632189e+00 3.941723994094968653e+00 -4.648017142336931862e+00 -1.522653475882925544e+00 -1.090092234442284358e+01 4.641875659043558144e+00 -6.672668480386878542e+00 -3.374122245736019376e+00 -5.444062946688744020e+00 -4.849955631261886779e+00 -8.387920825349475251e+00 1.410471294735908998e+01 -8.957814625865470504e+00 -1.129204083777934819e+01 6.731184616868491233e+00 -4.758897524444312133e+00 -5.872855306450099455e+00 1.272541739377094361e-01 -4.704751483587782168e+00 -1.171093147565815684e+01 -5.406087871968836112e+00 1.952101876931731761e+00 3.825058848141154932e+00 6.020149780641348869e+00 -2.698736131161983742e+00 4.789862624504437782e+00 -1.778229030943495603e-01 -7.175669810383215053e-01 5.747174206682158726e+00 -2.997475403185804410e+00 1.651537454675546712e+01 -2.529084564709813687e+00 -1.126299305162540421e+01 1.697145519684574166e+00 -1.040966144511238056e+01 3.041067511268284118e+00 1.092453889889469387e+01 4.948053328794816963e+00 -9.709859133757761107e-01 -1.225129829121824265e+01 -5.945536623163123480e+00 -4.209097861850610300e+00 5.054899238581448628e+00 -1.011225244130561585e+01 -8.690303995726244679e+00 -3.843301535645856637e-01 3.829604716096573380e+00 7.119775018463249117e-01 1.429766349084045096e+01 -2.857348259325528161e+00 -1.484408644468867422e+01 7.457378564135116683e+00 2.093139643392703864e+00 8.853290019264202115e+00 -4.591242152366071139e+00 -7.748644291237077653e+00 7.144318412198661372e-01 2.705032650439012532e+00
1.764018484094886485e+00 2.240876283028348404e+00 9.500500711146395716e-01 4.105926028437197339e-01 7.610054731957611729e-01 3.336606173207733450e-01 3.130657227692695832e-01 6.535897496506682947e-01 2.269728341053082410e+00 -1.871813755517996447e-01 1.549415256464420076e-01 -1.980763492488817556e+00 1.230256009913570203e+00 -3.022893784497812097e-01 -1.706251365829741795e+00 -4.380420057290075331e-01 -1.613855848888850142e+00 3.868981111432300835e-01 -2.816758734089781779e-02 3.026893855564770641e-01 -6.724476484589324565e-01 -1.726235415298586373e+00 -1.630149451719474785e+00 5.193477372420183397e-02 1.139382807316804858e+00 -6.847583990229659801e-01 -3.115560185916199654e-01 9.008070744025072907e-01 1.488239989306509026e+00 -1.799168407333779085e-01 -4.031393415364630806e-01 9.765071192055734262e-01 1.049608001662437687e-02 4.019828616817943678e-01 -1.270469768158374313e+00 1.943588547720445092e+00 1.922928473497623303e+00 9.060330830074264652e-01 -2.679141245184699094e-01 -1.550277123630476872e-01 3.764116725847998501e-01 1.326348658050715112e+00 -4.351434780301878802e-01 4.074465625431172855e-01 -6.743635146178931228e-01 6.764038530711058428e-01 3.960125093920008332e-01 4.393939764871068188e-01 2.383119559141924082e+00 1.116992394562640989e+00 -6.823502062088421249e-02 -8.263800513907815226e-01 1.126602865163930600e+00 -4.378089315426424988e-01 9.493925551235338212e-01 8.443327106775307955e-01 1.187966826058430403e+00 3.187398685566639744e-01 -1.034234485693088068e+00 -6.894607058319850434e-01 -3.539825601247419407e-01 -2.223376012502616739e+00 -1.104331661109710039e+00 1.542977895512057662e+00 -3.927372595446612658e-02 -1.715858760845683229e-01 2.163212104354946597e+00 -2.393691822773144351e-01 6.401224145337993665e-01 -7.380023033506620811e-01 9.102722248855451559e-01 -4.664096868127648454e-01 -1.701841713493619165e-02 -4.226114442613854161e-02 -4.635881106759449644e-01 6.326403535937301370e-02 -5.972874031702033459e-01 -4.932934088478075352e-01 -1.156161614856148656e+00 -2.069948325423089042e+00 -6.374136760456708961e-01 -2.977911671140829886e-01 1.152296722981352328e+00 -1.466393824502052468e+00 1.419624710942987977e-01 6.947291177714334243e-01 -1.582906088382808774e+00 -5.068344112903706566e-01 -1.936260176896907215e+00 8.842198712977680786e-02 3.990454353205548088e-01 3.898333883870099825e-01 4.937324871179628594e-01 2.064461574111227549e+00 -6.920140413816996405e-01 6.088309146843844388e-01 6.898023715803723865e-01 -4.810190037002755603e-01 -1.359597557199868356e-01 5.829222280538597367e-01
4.001458141140017410e-01 1.867540361721561126e+00 -1.513564697219060284e-01 1.440426782156552787e-01 1.216782366888481959e-01 1.494040003586698306e+00 -8.540850880529711198e-01 8.644249602649166642e-01 -1.454349994795535395e+00 1.532754829681975517e+00 3.781530091039831398e-01 -3.478957807734165408e-01 1.202353859516265500e+00 -1.048521571302645450e+00 1.950753967945599410e+00 -1.252755658296982988e+00 -2.127171305670507995e-01 -5.108020902252667916e-01 4.283230380401236714e-01 -6.343550946482168218e-01 -3.595165398247208710e-01 1.774313782533719630e-01 4.627812825406295016e-01 7.290558282572944249e-01 -1.234798777761121569e+00 -8.707619806952889840e-01 5.615551378666477217e-02 4.656462229002482633e-01 1.895870221463293648e+00 -1.070731030649792803e+00 1.222413217960226062e+00 3.562785955616470934e-01 1.785822336422356660e+00 1.883124220658620063e+00 9.693599708468444431e-01 -4.136147525325872265e-01 1.480505453543834227e+00 -8.612145258584943397e-01 8.023940602996938454e-01 6.141628332752974151e-01 -1.099354199330380366e+00 -6.945565373234953155e-01 1.849222449050291317e+00 -7.698900388822306207e-01 3.178266845881453501e-02 5.765782387385872676e-01 -1.093024270570587264e+00 1.666650258084882708e-01 9.444760431524026334e-01 -1.315875368370041931e+00 1.713309539102347845e+00 -9.841940431353501939e-02 -1.079906098752625221e+00 -4.980238142765849862e-01 8.755212004230192302e-02 -1.000183703845828775e+00 3.169367096313756016e-01 8.568085749973257670e-01 6.815642739148732865e-01 -4.555129267684832617e-01 -1.374895533105519707e+00 6.252258003092522332e-01 5.216012100210259961e-02 -1.292832145143494760e+00 -1.168050101590287548e+00 7.717491361882858891e-01 1.336514153941614769e+00 1.099612658155328493e+00 -1.616910057369599807e+00 2.799055902454714029e-01 3.172648445494149483e-01 -9.443967501077478177e-01 3.791473708397107290e-01 -9.558992511011891180e-01 4.814595970009939441e-01 1.565111202761864106e-01 -2.379108285053374017e-01 -5.428438433115333472e-01 7.811899805519583184e-01 4.262364052976005957e-01 -3.973118277027670175e-01 -3.090026332348445592e-01 1.079601044693097256e+00 5.210401951918061103e-01 -3.193181616298292891e-01 -7.255969639632070534e-01 6.103615121522857345e-01 -5.962469221194038882e-01 1.887918246564505298e-01 -3.108770059260511642e-01 -2.772578771578060763e+00 -6.523414010639841942e-01 -1.161070544996280346e-01 -1.105332774294773557e-01 1.536338764707193105e+00 -1.045229446079148250e+00 1.301802911394984497e+00 2.303888457399917655e+00 1.136861564648240286e+00 -3.994347499239577770e-01
9.787206465139703937e-01 -9.772686667144615535e-01 -1.032089556445481143e-01 1.454230599553871794e+00 4.438683149039734377e-01 -2.051575017866658635e-01 -2.552959312469606168e+00 -7.421357999165848485e-01 4.575767473099075222e-02 1.469328797614859239e+00 -8.877586391463488935e-01 1.563410221842569670e-01 -3.873349955206431550e-01 -1.419986780937614768e+00 -5.096496379088303330e-01 7.774691145025824923e-01 -8.954463764619084998e-01 -1.180610605951776249e+00 6.652865522498084550e-02 -3.628014776624184368e-01 -8.131090187405939362e-01 -4.017926557402322629e-01 -9.072860062257352975e-01 1.289770945200623131e-01 4.023226287756187514e-01 -5.788173575705299889e-01 -1.165119296052721465e+00 -1.536207341475583021e+00 1.178768857433541539e+00 1.054407184244141371e+00 2.082701054835334742e-01 7.066913489671518001e-01 1.269054672240018389e-01 -1.347735939705489772e+00 -1.173095198325419863e+00 -7.474437204428571180e-01 1.867543236125416950e+00 1.910035996138137460e+00 9.471368883666397842e-01 9.221387077148033296e-01 2.982327140476260796e-01 -1.496312058386951027e-01 6.722731624412884299e-01 5.392157742413338228e-01 -6.358429279850000837e-01 -2.082968981502683892e-01 -1.491227192719019712e+00 6.349950716419315855e-01 -9.128111833647054585e-01 -4.615737002686404189e-01 -7.447379345353121183e-01 -6.634657022532274295e-01 -1.147455288273425467e+00 1.929502418473462599e+00 -1.225414318036512906e+00 -1.544729078357676144e+00 9.208065608615598752e-01 -6.510078579833377121e-01 -8.033973126725143521e-01 1.738678971445117155e-02 -6.436007602133924088e-01 -1.602038063269064283e+00 -7.395420420564814412e-01 2.670437479734575348e-01 5.232599979123063738e-01 8.235637397930658521e-01 -3.691848476818284097e-01 6.552432015602223103e-01 -2.432593445034253107e-02 -9.816600005873019064e-02 7.861705869034664174e-01 -4.100518574200119892e-01 2.259277976361606211e+00 -3.459742557168033472e-01 -1.540755487206406871e+00 2.321636046897683769e-01 -1.424021042834242801e+00 4.160040291887979746e-01 1.494459049801117212e+00 6.768823108415317202e-01 -1.328144597934625415e-01 -1.675952230545851629e+00 -8.133364502841309296e-01 -5.758036107967304806e-01 6.914943899909287151e-01 -1.383339360190347200e+00 -1.188813444920371998e+00 -5.257855745631693362e-02 5.238841361493860038e-01 9.739701096475572584e-02 1.955902424979441667e+00 -3.908605415221783064e-01 -2.030645810169357190e+00 1.020157755899306462e+00 2.863378599547816705e-01 1.211112860762103116e+00 -6.280736815195172573e-01 -1.060003108830537499e+00 9.773607073343509866e-02 3.700423694047822454e-01
