# 
#                 ----------------------------------------------------
#                 Data from a 3D direct N-body simulation. 
# 
#                 rows are i-particle; 
#                 coumns are :mass, tag, x ,y, z, vx, vy, vz, ax, ay, az
# 
#                 NTHU, Computational Physics Lab
# 
#                 ----------------------------------------------------
#                 Time = 8.299999999999867
1.000000000000000000e+00 2.000000000000000000e+00 3.000000000000000000e+00 4.000000000000000000e+00 5.000000000000000000e+00 6.000000000000000000e+00 7.000000000000000000e+00 8.000000000000000000e+00 9.000000000000000000e+00 1.000000000000000000e+01 1.100000000000000000e+01 1.200000000000000000e+01 1.300000000000000000e+01 1.400000000000000000e+01 1.500000000000000000e+01 1.600000000000000000e+01 1.700000000000000000e+01 1.800000000000000000e+01 1.900000000000000000e+01 2.000000000000000000e+01 2.100000000000000000e+01 2.200000000000000000e+01 2.300000000000000000e+01 2.400000000000000000e+01 2.500000000000000000e+01 2.600000000000000000e+01 2.700000000000000000e+01 2.800000000000000000e+01 2.900000000000000000e+01 3.000000000000000000e+01 3.100000000000000000e+01 3.200000000000000000e+01 3.300000000000000000e+01 3.400000000000000000e+01 3.500000000000000000e+01 3.600000000000000000e+01 3.700000000000000000e+01 3.800000000000000000e+01 3.900000000000000000e+01 4.000000000000000000e+01 4.100000000000000000e+01 4.200000000000000000e+01 4.300000000000000000e+01 4.400000000000000000e+01 4.500000000000000000e+01 4.600000000000000000e+01 4.700000000000000000e+01 4.800000000000000000e+01 4.900000000000000000e+01 5.000000000000000000e+01 5.100000000000000000e+01 5.200000000000000000e+01 5.300000000000000000e+01 5.400000000000000000e+01 5.500000000000000000e+01 5.600000000000000000e+01 5.700000000000000000e+01 5.800000000000000000e+01 5.900000000000000000e+01 6.000000000000000000e+01 6.100000000000000000e+01 6.200000000000000000e+01 6.300000000000000000e+01 6.400000000000000000e+01 6.500000000000000000e+01 6.600000000000000000e+01 6.700000000000000000e+01 6.800000000000000000e+01 6.900000000000000000e+01 7.000000000000000000e+01 7.100000000000000000e+01 7.200000000000000000e+01 7.300000000000000000e+01 7.400000000000000000e+01 7.500000000000000000e+01 7.600000000000000000e+01 7.700000000000000000e+01 7.800000000000000000e+01 7.900000000000000000e+01 8.000000000000000000e+01 8.100000000000000000e+01 8.200000000000000000e+01 8.300000000000000000e+01 8.400000000000000000e+01 8.500000000000000000e+01 8.600000000000000000e+01 8.700000000000000000e+01 8.800000000000000000e+01 8.900000000000000000e+01 9.000000000000000000e+01 9.100000000000000000e+01 9.200000000000000000e+01 9.300000000000000000e+01 9.400000000000000000e+01 9.500000000000000000e+01 9.600000000000000000e+01 9.700000000000000000e+01 9.800000000000000000e+01 9.900000000000000000e+01 1.000000000000000000e+02
2.000000000000000111e-01 2.000000000000000111e-01 2.000000000000000111e-01 2.000000000000000111e-01 2.000000000000000111e-01 2.000000000000000111e-01 2.000000000000000111e-01 2.000000000000000111e-01 2.000000000000000111e-01 2.000000000000000111e-01 2.000000000000000111e-01 2.000000000000000111e-01 2.000000000000000111e-01 2.000000000000000111e-01 2.000000000000000111e-01 2.000000000000000111e-01 2.000000000000000111e-01 2.000000000000000111e-01 2.000000000000000111e-01 2.000000000000000111e-01 2.000000000000000111e-01 2.000000000000000111e-01 2.000000000000000111e-01 2.000000000000000111e-01 2.000000000000000111e-01 2.000000000000000111e-01 2.000000000000000111e-01 2.000000000000000111e-01 2.000000000000000111e-01 2.000000000000000111e-01 2.000000000000000111e-01 2.000000000000000111e-01 2.000000000000000111e-01 2.000000000000000111e-01 2.000000000000000111e-01 2.000000000000000111e-01 2.000000000000000111e-01 2.000000000000000111e-01 2.000000000000000111e-01 2.000000000000000111e-01 2.000000000000000111e-01 2.000000000000000111e-01 2.000000000000000111e-01 2.000000000000000111e-01 2.000000000000000111e-01 2.000000000000000111e-01 2.000000000000000111e-01 2.000000000000000111e-01 2.000000000000000111e-01 2.000000000000000111e-01 2.000000000000000111e-01 2.000000000000000111e-01 2.000000000000000111e-01 2.000000000000000111e-01 2.000000000000000111e-01 2.000000000000000111e-01 2.000000000000000111e-01 2.000000000000000111e-01 2.000000000000000111e-01 2.000000000000000111e-01 2.000000000000000111e-01 2.000000000000000111e-01 2.000000000000000111e-01 2.000000000000000111e-01 2.000000000000000111e-01 2.000000000000000111e-01 2.000000000000000111e-01 2.000000000000000111e-01 2.000000000000000111e-01 2.000000000000000111e-01 2.000000000000000111e-01 2.000000000000000111e-01 2.000000000000000111e-01 2.000000000000000111e-01 2.000000000000000111e-01 2.000000000000000111e-01 2.000000000000000111e-01 2.000000000000000111e-01 2.000000000000000111e-01 2.000000000000000111e-01 2.000000000000000111e-01 2.000000000000000111e-01 2.000000000000000111e-01 2.000000000000000111e-01 2.000000000000000111e-01 2.000000000000000111e-01 2.000000000000000111e-01 2.000000000000000111e-01 2.000000000000000111e-01 2.000000000000000111e-01 2.000000000000000111e-01 2.000000000000000111e-01 2.000000000000000111e-01 2.000000000000000111e-01 2.000000000000000111e-01 2.000000000000000111e-01 2.000000000000000111e-01 2.000000000000000111e-01 2.000000000000000111e-01 2.000000000000000111e-01
7.733162158075063530e+01 9.823589186100286952e+01 4.164889863182646224e+01 1.799966460296613491e+01 3.336146371551652123e+01 1.462722965352753945e+01 1.372421950611790820e+01 2.865251847132184793e+01 9.950084566285069343e+01 -8.205702385791049380e+00 6.792419912068812238e+00 -8.683328724370235818e+01 5.393252728429975207e+01 -1.325197081389543285e+01 -7.479900568899356017e+01 -1.920337572306484475e+01 -7.074890247375614649e+01 1.696092235268071491e+01 -1.235024444031409763e+00 1.326615335793744244e+01 -2.947897924379800827e+01 -7.567547877085263508e+01 -7.146328227625411955e+01 2.276873261081520550e+00 4.994857972937247581e+01 -3.001922262393274465e+01 -1.365795775394885680e+01 3.948990709345696359e+01 6.524171605506496974e+01 -7.887319402236834698e+00 -1.767338800722649950e+01 4.281008257732567301e+01 4.601848301180443968e-01 1.762223907996315120e+01 -5.569513809070190291e+01 8.520360525730541212e+01 8.429763111582811064e+01 3.971889146186183694e+01 -1.174612749668959211e+01 -6.795856970153489662e+00 1.650135470767598989e+01 5.814507883413376987e+01 -1.907598763795429164e+01 1.786188428586300603e+01 -2.956233385274228453e+01 2.965265290710506108e+01 1.736033211225566930e+01 1.926214209910801856e+01 1.044716800737387956e+02 4.896711495266973202e+01 -2.991385739779123920e+00 -3.622773835628745331e+01 4.938855213802216326e+01 -1.919285099770726433e+01 4.161992801687852506e+01 3.701433852145672176e+01 5.207906233876454394e+01 1.397275711826147671e+01 -4.533894426998221405e+01 -3.022590486044670044e+01 -1.551806978600993503e+01 -9.746886239176504318e+01 -4.841249605878495998e+01 6.764167437123187199e+01 -1.721815421775695354e+00 -7.521416405630127144e+00 9.483134619528237863e+01 -1.049362313687423942e+01 2.806185055211563295e+01 -3.235299672454149089e+01 3.990320439247993534e+01 -2.044662760659507583e+01 -7.460831782419400371e-01 -1.852588254712104865e+00 -2.032291282054416470e+01 2.773342347753226633e+00 -2.618433077462738723e+01 -2.162540506143785279e+01 -5.068417257258740705e+01 -9.074303042760874405e+01 -2.794331113863776750e+01 -1.305457989234939120e+01 5.051494664584038219e+01 -6.428428815884838343e+01 6.223222917536530119e+00 3.045586022105450397e+01 -6.939198480118439250e+01 -2.221837026693221873e+01 -8.488215509640073719e+01 3.876248940607202265e+00 1.749338694747538270e+01 1.709331021249699489e+01 2.164440418606855587e+01 9.050242344493544522e+01 -3.033706542878340784e+01 2.669014744610170098e+01 3.023981988816544231e+01 -2.108705281761218231e+01 -5.960064717138086721e+00 2.555462990729387585e+01
1.754177745068646743e+01 8.186958340594183881e+01 -6.635183197660531995e+00 6.314563079226667597e+00 5.334089914086256101e+00 6.549636697648401196e+01 -3.744157926122488789e+01 3.789486760812118149e+01 -6.375609518133959597e+01 6.719333649388423169e+01 1.657762844281872816e+01 -1.525131001457190649e+01 5.270922551594600947e+01 -4.596559635011273315e+01 8.551756072760846905e+01 -5.491894095676119747e+01 -9.325439931755235889e+00 -2.239261175877690135e+01 1.877697484064793798e+01 -2.780841073791612317e+01 -1.576103517389569575e+01 7.778169693119854955e+00 2.028744309929492218e+01 3.196088959683645214e+01 -5.413156273673468633e+01 -3.817301726176235377e+01 2.461890759308326349e+00 2.041325758608628504e+01 8.311152844521620864e+01 -4.693907356997848979e+01 5.358867370928448537e+01 1.561983314965924485e+01 7.828766727093785960e+01 8.255287770833157879e+01 4.249538365171331833e+01 -1.813212552070667982e+01 6.490260751751313251e+01 -3.775412727832924986e+01 3.517629519118570869e+01 2.692249018529938454e+01 -4.819422004532964365e+01 -3.044816841052992729e+01 8.106690482985874269e+01 -3.375085559283851211e+01 1.393984864096434961e+00 2.527624806484582720e+01 -4.791659266832526498e+01 7.306392565210790835e+00 4.140403794579627572e+01 -5.768587487591910445e+01 7.510863046205567173e+01 -4.314995211148954013e+00 -4.734134605061893097e+01 -2.183251811873986625e+01 3.838101470331743759e+00 -4.384656213495718191e+01 1.389397291648258559e+01 3.756113673533909036e+01 2.987888733286988341e+01 -1.996908245421533934e+01 -6.027354778277379665e+01 2.740876184325743026e+01 2.286669909612056628e+00 -5.667559936372743579e+01 -5.120566810090076615e+01 3.383257796368155113e+01 5.859037437162534445e+01 4.820555541263080812e+01 -7.088285085649548023e+01 1.227079093485223282e+01 1.390759496359032354e+01 -4.140122991247825013e+01 1.662114469844221176e+01 -4.190542263975650883e+01 2.110656715186291876e+01 6.861075844858484096e+00 -1.042970488939405449e+01 -2.379747126038485661e+01 3.424596320171328756e+01 1.868569664240794026e+01 -1.741679525400502726e+01 -1.354622278136319657e+01 4.732785905113617986e+01 2.284174406947539637e+01 -1.399843426286049208e+01 -3.180876198073652361e+01 2.675731760928663050e+01 -2.613927585887554272e+01 8.276073590829048143e+00 -1.362837465513892710e+01 -1.215446496282867628e+02 -2.859835026480022790e+01 -5.089861678740874140e+00 -4.845670368062219957e+00 6.735065087341942558e+01 -4.582116761363216995e+01 5.706912934033909579e+01 1.009983869370801699e+02 4.983822624486492003e+01 -1.751064761992584806e+01
4.290545607190868793e+01 -4.284168628648249211e+01 -4.524622877219432127e+00 6.375125598972971375e+01 1.945824765714639426e+01 -8.993715871562409703e+00 -1.119172003548430609e+02 -3.253421007528160658e+01 2.005939451740745394e+00 6.441294396207786122e+01 -3.891800074576871538e+01 6.853800795221416386e+00 -1.697989229125415989e+01 -6.224990333818615085e+01 -2.234208320041017970e+01 3.408303795903206179e+01 -3.925491574958197560e+01 -5.175597970161460637e+01 2.916320693247878459e+00 -1.590363305316864029e+01 -3.564565423676883427e+01 -1.761363656610870976e+01 -3.977382851616099657e+01 5.654188670611528522e+00 1.763731524253081062e+01 -2.537469282089185896e+01 -5.107700092154529159e+01 -6.734486133027333210e+01 5.167508348299894294e+01 4.622380084236943532e+01 9.130225969025275390e+00 3.097825488871067634e+01 5.563384302640769441e+00 -5.908245082463436404e+01 -5.142661502423261055e+01 -3.276663603323870433e+01 8.186968179964253522e+01 8.373267344123080136e+01 4.152230365546068924e+01 4.042574854798221651e+01 1.307401980733994229e+01 -6.559588641265173159e+00 2.947145768126761567e+01 2.363865270350648728e+01 -2.787415972184570023e+01 -9.131356771239079961e+00 -6.537293310530083090e+01 2.783747308822411881e+01 -4.001602243228468581e+01 -2.023464909237573650e+01 -3.264810371856410143e+01 -2.908522514179794527e+01 -5.030239610580223797e+01 8.458605327445907562e+01 -5.372008160072739003e+01 -6.771851994896482552e+01 4.036712203337831539e+01 -2.853917222614312621e+01 -3.521955068589440430e+01 7.635429472116525007e-01 -2.821445816703929310e+01 -7.023050885246152575e+01 -3.242038490959679109e+01 1.170678044994269129e+01 2.293893959494924317e+01 3.610256367640292297e+01 -1.618430016269011418e+01 2.872488194323936739e+01 -1.066404285884921199e+00 -4.303179629243714110e+00 3.446646967658022476e+01 -1.797584241723687981e+01 9.904279008827003850e+01 -1.516694577596124027e+01 -6.754431832629629184e+01 1.017785251733413787e+01 -6.242688382370339184e+01 1.823747279851486525e+01 6.551454027793687374e+01 2.967357366180591427e+01 -5.823286212298359743e+00 -7.347122565497261348e+01 -3.565548727462651613e+01 -2.524188063444429986e+01 3.031440898580874332e+01 -6.064325671863134914e+01 -5.211592765739818134e+01 -2.304778119282280269e+00 2.296615882568003997e+01 4.269740792462256351e+00 8.574309163042971704e+01 -1.713591187471553923e+01 -8.902011318113360971e+01 4.472194360374227529e+01 1.255257795351204209e+01 5.309329643869821780e+01 -2.753372671765569635e+01 -4.646865366487049442e+01 4.284397719003031568e+00 1.622213193751797178e+01
1.642306940622111355e+01 2.086258682949301146e+01 8.845031072782211012e+00 3.822627118044277239e+00 7.085015550240975735e+00 3.106403554999402683e+00 2.914645228682605893e+00 6.084969400050258770e+00 2.113121534521534173e+01 -1.742662794997030362e+00 1.442515590951325866e+00 -1.844096393419711077e+01 1.145374214139995850e+01 -2.814336748987538606e+00 -1.588523208117764618e+01 -4.078225743255412539e+00 -1.502506904610861760e+01 3.602028839490574619e+00 -2.622650234971569128e-01 2.817669317849410771e+00 -6.260509271527201491e+00 -1.607133159232086328e+01 -1.517677416409318170e+01 4.835307251068685086e-01 1.060768419656861816e+01 -6.375188201363335416e+00 -2.900580630679076677e+00 8.386546722975989354e+00 1.385553495931863210e+01 -1.675039320178399072e+00 -3.753290930346155463e+00 9.091504803199455864e+00 9.772517559163725054e-02 3.742471448054742744e+00 -1.182809932200695968e+01 1.809486462659486605e+01 1.790248702980533935e+01 8.435187596653248576e+00 -2.494431631792710213e+00 -1.443278160701464641e+00 3.504416131206848917e+00 1.234836904177122108e+01 -4.051202832517792451e+00 3.793353351864082956e+00 -6.278272069843415792e+00 6.297369709766346801e+00 3.686866648774449029e+00 4.090754067490861345e+00 2.218688577907706616e+01 1.039923963884724145e+01 -6.352791882877504293e-01 -7.693697302778999436e+00 1.048872863201618522e+01 -4.076019964355432457e+00 8.838892511181466460e+00 7.860788770116553970e+00 1.106007774537462751e+01 2.967447495275882918e+00 -9.628737205377829511e+00 -6.419029977914257223e+00 -3.295596849115356886e+00 -2.069967661675041981e+01 -1.028141524697603337e+01 1.436518633153938751e+01 -3.656537796326023715e-01 -1.597397522015715055e+00 2.013954505454350397e+01 -2.228544006601751448e+00 5.959555102707688512e+00 -6.870849866470407186e+00 8.474476223713470091e+00 -4.342290108584342612e+00 -1.584448434467342903e-01 -3.934444954131379180e-01 -4.316018622025008966e+00 5.889847145955621199e-01 -5.560794248749452606e+00 -4.592606450689304509e+00 -1.076389987187446451e+01 -1.927128103431791573e+01 -5.934360836836964914e+00 -2.772435277593564784e+00 1.072794146954041672e+01 -1.365217813932011559e+01 1.321654849618282723e+00 6.467961984886454019e+00 -1.473691037349037991e+01 -4.718597784972501152e+00 -1.802661547137521580e+01 8.232088691275384340e-01 3.715114543756139920e+00 3.629789559750820960e+00 4.596665180961835517e+00 1.922019021608299028e+01 -6.442711337242149838e+00 5.668237685585110874e+00 6.422086812618291063e+00 -4.478300660616291395e+00 -1.265768300810498515e+00 5.427059183631287809e+00
3.725376817133418061e+00 1.738683060788173762e+01 -1.409129983207826786e+00 1.341038845674644708e+00 1.132818931262474127e+00 1.390957856793097847e+01 -7.951550199498115035e+00 8.047815403181374450e+00 -1.354002499324752939e+01 1.426998874113260563e+01 3.520620613303191870e+00 -3.238937426827470212e+00 1.119395842532965268e+01 -9.761788970323063808e+00 1.816155571219933762e+01 -1.166322238413812862e+01 -1.980435672393786817e+00 -4.755572617509121969e+00 3.987702434091041415e+00 -5.905789922407766568e+00 -3.347160980601883828e+00 1.651877267737402510e+00 4.308495385458340543e+00 6.787568559931161261e+00 -1.149602239675940396e+01 -8.106853570068834003e+00 5.228244708216320813e-01 4.335193786535065819e+00 1.765058384679965897e+01 -9.968542442374292989e+00 1.138072097806916538e+01 3.317102483629709830e+00 1.662608747052903624e+01 1.753193131181199149e+01 9.024803516276836746e+00 -3.850760503299079929e+00 1.378352157898345531e+01 -8.017926125251545244e+00 7.470394254640090104e+00 5.717714639225611961e+00 -1.023506646376707607e+01 -6.466340528203488702e+00 1.721633087619684233e+01 -7.167720333263621235e+00 2.959777286327154866e-01 5.367964693482348615e+00 -1.017611899432389322e+01 1.551665727408433781e+00 8.793077791099534579e+00 -1.225085391845738592e+01 1.595096797830171020e+01 -9.163407357831485633e-01 -1.005396879137811617e+01 -4.636616330060603808e+00 8.151087498134721443e-01 -9.311763848927602893e+00 2.950690757178281665e+00 7.976925135803170086e+00 6.345414586349034103e+00 -4.240858498925806686e+00 -1.280037180177326839e+01 5.820861766035094753e+00 4.856191211186680068e-01 -1.203630919134313437e+01 -1.087461990445073035e+01 7.185054581445725397e+00 1.244297012528177149e+01 1.023747330356178864e+01 -1.505351047811662113e+01 2.605953222629835420e+00 2.953656640101682385e+00 -8.792417545981958682e+00 3.529869410828072152e+00 -8.899499470204526475e+00 4.482425880114311312e+00 1.457110770664875599e+00 -2.214968266494506732e+00 -5.053906028915577942e+00 7.272892465873088241e+00 3.968298728035605460e+00 -3.698905351181539292e+00 -2.876832011630906738e+00 1.005111542880840858e+01 4.850925997039589710e+00 -2.972869444562077135e+00 -6.755308433814215086e+00 5.682495923640050961e+00 -5.551172474560083003e+00 1.757629492862553544e+00 -2.894280440565436319e+00 -2.581273203592155596e+01 -6.073412310548515158e+00 -1.080951403661138510e+00 -1.029077305160329692e+00 1.430337871416300644e+01 -9.731126633369418855e+00 1.211985843264176488e+01 2.144924934165850416e+01 1.058423160599264001e+01 -3.718761692725967904e+00
9.111918566993240987e+00 -9.098386882564707179e+00 -9.608921290094447620e-01 1.353895951288873434e+01 4.132405405860487768e+00 -1.910017631458030163e+00 -2.376810283314281236e+01 -6.909333761041657418e+00 4.260053779715544664e-01 1.367950184098229727e+01 -8.265078818083887668e+00 1.455548368491562883e+00 -3.606074963777881059e+00 -1.322012966988445370e+01 -4.744842434961793920e+00 7.238273411547623049e+00 -8.336639932543620901e+00 -1.099152126690117193e+01 6.193624247056421783e-01 -3.377579435889357828e+00 -7.570108043654923513e+00 -3.740669785986368012e+00 -8.446853635631189405e+00 1.200786595841163651e+00 3.745655857366395836e+00 -5.388844291012238941e+00 -1.084731235011442330e+01 -1.430215187168827384e+01 1.097435619810729435e+01 9.816606285709051249e+00 1.939002931162099319e+00 6.579096137799941069e+00 1.181501115157602033e+00 -1.254746073716225396e+01 -1.092156404352530963e+01 -6.958719811430233548e+00 1.738685414533731688e+01 1.778248414047552473e+01 8.818039297225276130e+00 8.585226433963477177e+00 2.776555809367795113e+00 -1.393072170846296087e+00 6.258899696600530582e+00 5.020155425702334639e+00 -5.919702987348976819e+00 -1.939247265689790334e+00 -1.388337662354648927e+01 5.911865675139520881e+00 -8.498290808500913229e+00 -4.297269608137654018e+00 -6.933538756701244310e+00 -6.176886991729501730e+00 -1.068283135516667670e+01 1.796371768066997632e+01 -1.140864318780138298e+01 -1.438149884753360652e+01 8.572797555742925013e+00 -6.060913178394920386e+00 -7.479649888602708963e+00 1.620274296302692818e-01 -5.991952942312525288e+00 -1.491500753368081789e+01 -6.885171882792605835e+00 2.486189347976964115e+00 4.871578785696873304e+00 7.667277469616470498e+00 -3.437105837052297552e+00 6.100348955845493748e+00 -2.264747713304569032e-01 -9.138990357512161156e-01 7.319514826724816459e+00 -3.817579125629257053e+00 2.103393039116036789e+01 -3.221033049848247565e+00 -1.434450388081051031e+01 2.161472668091382943e+00 -1.325770339136717269e+01 3.873075408696364352e+00 1.391345690934062951e+01 6.301817860494875134e+00 -1.236614601030027627e+00 -1.560320257193046523e+01 -7.572209426469469484e+00 -5.360705138164335359e+00 6.437887863417175893e+00 -1.287893107568389262e+01 -1.106793072531506006e+01 -4.894873078584790482e-01 4.877372964331759597e+00 9.067715127458387814e-01 1.820946830623783796e+01 -3.639069014667573931e+00 -1.890537792983775134e+01 9.497694023632218929e+00 2.665815342919033437e+00 1.127551562738028146e+01 -5.847389466872674468e+00 -9.868650464437120462e+00 9.099040215401850151e-01 3.445117341975651115e+00
1.764018381924766343e+00 2.240876231988714995e+00 9.500499554084728127e-01 4.105925850449899106e-01 7.610053758770517485e-01 3.336605759521203418e-01 3.130657167986061751e-01 6.535896625928102610e-01 2.269728261751264853e+00 -1.871813680854833850e-01 1.549415078448445338e-01 -1.980763392992739735e+00 1.230255905296271601e+00 -3.022893381011610425e-01 -1.706251309031221686e+00 -4.380419082705226952e-01 -1.613855722164428963e+00 3.868980979124718722e-01 -2.816754314970153564e-02 3.026900500124514171e-01 -6.724476098511638078e-01 -1.726235272915630281e+00 -1.630149304173569513e+00 5.193474166582769114e-02 1.139382753383824332e+00 -6.847582430035904499e-01 -3.115560291180990982e-01 9.008070158293330909e-01 1.488239952483091821e+00 -1.799168166150537929e-01 -4.031392280306865805e-01 9.765067186974171198e-01 1.049606812577528157e-02 4.019828420639750544e-01 -1.270469722207982821e+00 1.943588449243504490e+00 1.922928432605396365e+00 9.060330480820053545e-01 -2.679138545802229876e-01 -1.550277657161532319e-01 3.764116307645644088e-01 1.326348545690033465e+00 -4.351434476350815039e-01 4.074465164552962815e-01 -6.743636079412972384e-01 6.764037642330684719e-01 3.960125268942982779e-01 4.393939833728472966e-01 2.383119483060300858e+00 1.116992322468745469e+00 -6.823500075190494507e-02 -8.263798747136189560e-01 1.126602765415909646e+00 -4.378088980114027695e-01 9.493924698788140937e-01 8.443326193409130820e-01 1.187966635969657458e+00 3.187399054417313082e-01 -1.034234460489584784e+00 -6.894604367628043295e-01 -3.539825258757720028e-01 -2.223375930615549390e+00 -1.104331505142515990e+00 1.542977784769133720e+00 -3.927369851873633438e-02 -1.715859958681114072e-01 2.163212032410067209e+00 -2.393691521167731484e-01 6.401223870421265394e-01 -7.380022170378477409e-01 9.102725089991094976e-01 -4.664096584596594819e-01 -1.701841111041538582e-02 -4.226115647537642683e-02 -4.635880869481618927e-01 6.326404151363979045e-02 -5.972873166646071041e-01 -4.932933289657804865e-01 -1.156161552046444108e+00 -2.069948214673463571e+00 -6.374136057019555990e-01 -2.977911679921089183e-01 1.152296617848756366e+00 -1.466393732471631850e+00 1.419624991841448580e-01 6.947290573495114030e-01 -1.582905990894557524e+00 -5.068344659668756469e-01 -1.936260117689722504e+00 8.842198682996889325e-02 3.990454325739625219e-01 3.898325958427278914e-01 4.937324590868671370e-01 2.064461479708733282e+00 -6.920139333346221333e-01 6.088308757011102745e-01 6.898023239292850883e-01 -4.810189792158609534e-01 -1.359597860976635153e-01 5.829221331460501254e-01
4.001457797325579380e-01 1.867540308532219528e+00 -1.513564674940547083e-01 1.440426755216019927e-01 1.216782464181171558e-01 1.494039885701982984e+00 -8.540850559155238608e-01 8.644249263609643519e-01 -1.454349947485966910e+00 1.532754756107080674e+00 3.781529804092070846e-01 -3.478957313838944021e-01 1.202353781096771712e+00 -1.048521476577298994e+00 1.950753903294684566e+00 -1.252755538498401489e+00 -2.127170607132691238e-01 -5.108020810372011500e-01 4.283230113991684518e-01 -6.343551959084450242e-01 -3.595164292890219992e-01 1.774313940571159431e-01 4.627812796214480495e-01 7.290557234236828554e-01 -1.234798696167406229e+00 -8.707618745918854763e-01 5.615548412644811443e-02 4.656461739652121290e-01 1.895870164273284919e+00 -1.070730965508799537e+00 1.222413121839159178e+00 3.562783291562556243e-01 1.785822191113133117e+00 1.883124140772608479e+00 9.693598599901974699e-01 -4.136147397751665511e-01 1.480505425369804895e+00 -8.612144921885711568e-01 8.023938718156852223e-01 6.141630857286763945e-01 -1.099354058739021145e+00 -6.945565031615966722e-01 1.849222324495614966e+00 -7.698899603256613711e-01 3.178252376448131161e-02 5.765782007888990979e-01 -1.093024158204074503e+00 1.666650002500812411e-01 9.444760327625988383e-01 -1.315875271689736392e+00 1.713309438981164723e+00 -9.841930421054859157e-02 -1.079906022082462558e+00 -4.980237882183516374e-01 8.755212269697582039e-02 -1.000183608351780995e+00 3.169366918250613452e-01 8.568085085073650076e-01 6.815641826545019155e-01 -4.555128675754637202e-01 -1.374895364851195234e+00 6.252257832596311848e-01 5.216010602993969431e-02 -1.292832070420224522e+00 -1.168049970647971669e+00 7.717490110329230379e-01 1.336514112317272129e+00 1.099612516505654947e+00 -1.616909918611913799e+00 2.799055328849002211e-01 3.172649867049802674e-01 -9.443966007141769703e-01 3.791473576702549808e-01 -9.558991130569871597e-01 4.814595309886661734e-01 1.565111341231452124e-01 -2.379107956111437272e-01 -5.428437901059066650e-01 7.811899560484363292e-01 4.262363379049108336e-01 -3.973119487729045440e-01 -3.090026020449381239e-01 1.079600991750313543e+00 5.210401207151726943e-01 -3.193181306870803149e-01 -7.255969627326812610e-01 6.103614582294146773e-01 -5.962467194045405483e-01 1.887918645979861920e-01 -3.108769782694354444e-01 -2.772578729383357921e+00 -6.523411966720489286e-01 -1.161070639003175947e-01 -1.105332551611249714e-01 1.536338649171942183e+00 -1.045229373905485870e+00 1.301802780680176630e+00 2.303888372192229639e+00 1.136861474749778278e+00 -3.994347068408926060e-01
9.787205942016000693e-01 -9.772686389160193388e-01 -1.032089257816484335e-01 1.454230470089029392e+00 4.438683302674775177e-01 -2.051574994872423230e-01 -2.552959220433661525e+00 -7.421357117393654335e-01 4.575767218881653803e-02 1.469328707180192595e+00 -8.877585573509410022e-01 1.563409982068742210e-01 -3.873350202056021208e-01 -1.419986686929460618e+00 -5.096496302335699058e-01 7.774690504149261994e-01 -8.954463155566914079e-01 -1.180610540849063916e+00 6.652868974114900524e-02 -3.628016622946142467e-01 -8.131089062868306350e-01 -4.017926911093183118e-01 -9.072859689494936486e-01 1.289770769681465035e-01 4.023225714061801628e-01 -5.788172600492598185e-01 -1.165119203892833299e+00 -1.536207231809959994e+00 1.178768825108226226e+00 1.054407049833897769e+00 2.082700907708375793e-01 7.066917085660286979e-01 1.269054472324916694e-01 -1.347735869941889764e+00 -1.173095113213194818e+00 -7.474436869785379134e-01 1.867543188681860311e+00 1.910035908767772739e+00 9.471365404322851234e-01 9.221385024461064006e-01 2.982326975804665548e-01 -1.496311957766296163e-01 6.722730972814296990e-01 5.392156734016536612e-01 -6.358429185309556475e-01 -2.082968925475486288e-01 -1.491227100991291188e+00 6.349949619045339722e-01 -9.128111500474872519e-01 -4.615736673653182964e-01 -7.447378835801528041e-01 -6.634656642563274698e-01 -1.147455247955266877e+00 1.929502329056626442e+00 -1.225414254071234277e+00 -1.544728951560029762e+00 9.208064030997081817e-01 -6.510078044760898575e-01 -8.033972754062304045e-01 1.738651039063023040e-02 -6.436007069770490752e-01 -1.602038004154139550e+00 -7.395419788227758362e-01 2.670437264883759876e-01 5.232599476380699333e-01 8.235639204607728692e-01 -3.691848567641942136e-01 6.552431396292848209e-01 -2.432593387695281342e-02 -9.816604716350481319e-02 7.861701090882649012e-01 -4.100518639803704124e-01 2.259277882904955792e+00 -3.459742330294363621e-01 -1.540755361904359910e+00 2.321635520826754728e-01 -1.424020922548534296e+00 4.160038903219354656e-01 1.494458972877334313e+00 6.768822332043852308e-01 -1.328142596775178930e-01 -1.675952074914953904e+00 -8.133363663668138344e-01 -5.758036580092613654e-01 6.914942561312681368e-01 -1.383339285987784661e+00 -1.188813306655351010e+00 -5.257859143437085270e-02 5.238841153875206658e-01 9.739700144812744875e-02 1.955902395159900165e+00 -3.908602587534590334e-01 -2.030645693528129847e+00 1.020157710773735626e+00 2.863378423681968710e-01 1.211112762913926888e+00 -6.280736396458918014e-01 -1.060003070469687447e+00 9.773610425617056119e-02 3.700423286178430304e-01
