# 
#                 ----------------------------------------------------
#                 Data from a 3D direct N-body simulation. 
# 
#                 rows are i-particle; 
#                 coumns are :mass, tag, x ,y, z, vx, vy, vz, ax, ay, az
# 
#                 NTHU, Computational Physics Lab
# 
#                 ----------------------------------------------------
#                 Time = 3.3999999999999715
1.000000000000000000e+00 2.000000000000000000e+00 3.000000000000000000e+00 4.000000000000000000e+00 5.000000000000000000e+00 6.000000000000000000e+00 7.000000000000000000e+00 8.000000000000000000e+00 9.000000000000000000e+00 1.000000000000000000e+01 1.100000000000000000e+01 1.200000000000000000e+01 1.300000000000000000e+01 1.400000000000000000e+01 1.500000000000000000e+01 1.600000000000000000e+01 1.700000000000000000e+01 1.800000000000000000e+01 1.900000000000000000e+01 2.000000000000000000e+01 2.100000000000000000e+01 2.200000000000000000e+01 2.300000000000000000e+01 2.400000000000000000e+01 2.500000000000000000e+01 2.600000000000000000e+01 2.700000000000000000e+01 2.800000000000000000e+01 2.900000000000000000e+01 3.000000000000000000e+01 3.100000000000000000e+01 3.200000000000000000e+01 3.300000000000000000e+01 3.400000000000000000e+01 3.500000000000000000e+01 3.600000000000000000e+01 3.700000000000000000e+01 3.800000000000000000e+01 3.900000000000000000e+01 4.000000000000000000e+01 4.100000000000000000e+01 4.200000000000000000e+01 4.300000000000000000e+01 4.400000000000000000e+01 4.500000000000000000e+01 4.600000000000000000e+01 4.700000000000000000e+01 4.800000000000000000e+01 4.900000000000000000e+01 5.000000000000000000e+01 5.100000000000000000e+01 5.200000000000000000e+01 5.300000000000000000e+01 5.400000000000000000e+01 5.500000000000000000e+01 5.600000000000000000e+01 5.700000000000000000e+01 5.800000000000000000e+01 5.900000000000000000e+01 6.000000000000000000e+01 6.100000000000000000e+01 6.200000000000000000e+01 6.300000000000000000e+01 6.400000000000000000e+01 6.500000000000000000e+01 6.600000000000000000e+01 6.700000000000000000e+01 6.800000000000000000e+01 6.900000000000000000e+01 7.000000000000000000e+01 7.100000000000000000e+01 7.200000000000000000e+01 7.300000000000000000e+01 7.400000000000000000e+01 7.500000000000000000e+01 7.600000000000000000e+01 7.700000000000000000e+01 7.800000000000000000e+01 7.900000000000000000e+01 8.000000000000000000e+01 8.100000000000000000e+01 8.200000000000000000e+01 8.300000000000000000e+01 8.400000000000000000e+01 8.500000000000000000e+01 8.600000000000000000e+01 8.700000000000000000e+01 8.800000000000000000e+01 8.900000000000000000e+01 9.000000000000000000e+01 9.100000000000000000e+01 9.200000000000000000e+01 9.300000000000000000e+01 9.400000000000000000e+01 9.500000000000000000e+01 9.600000000000000000e+01 9.700000000000000000e+01 9.800000000000000000e+01 9.900000000000000000e+01 1.000000000000000000e+02
2.000000000000000111e-01 2.000000000000000111e-01 2.000000000000000111e-01 2.000000000000000111e-01 2.000000000000000111e-01 2.000000000000000111e-01 2.000000000000000111e-01 2.000000000000000111e-01 2.000000000000000111e-01 2.000000000000000111e-01 2.000000000000000111e-01 2.000000000000000111e-01 2.000000000000000111e-01 2.000000000000000111e-01 2.000000000000000111e-01 2.000000000000000111e-01 2.000000000000000111e-01 2.000000000000000111e-01 2.000000000000000111e-01 2.000000000000000111e-01 2.000000000000000111e-01 2.000000000000000111e-01 2.000000000000000111e-01 2.000000000000000111e-01 2.000000000000000111e-01 2.000000000000000111e-01 2.000000000000000111e-01 2.000000000000000111e-01 2.000000000000000111e-01 2.000000000000000111e-01 2.000000000000000111e-01 2.000000000000000111e-01 2.000000000000000111e-01 2.000000000000000111e-01 2.000000000000000111e-01 2.000000000000000111e-01 2.000000000000000111e-01 2.000000000000000111e-01 2.000000000000000111e-01 2.000000000000000111e-01 2.000000000000000111e-01 2.000000000000000111e-01 2.000000000000000111e-01 2.000000000000000111e-01 2.000000000000000111e-01 2.000000000000000111e-01 2.000000000000000111e-01 2.000000000000000111e-01 2.000000000000000111e-01 2.000000000000000111e-01 2.000000000000000111e-01 2.000000000000000111e-01 2.000000000000000111e-01 2.000000000000000111e-01 2.000000000000000111e-01 2.000000000000000111e-01 2.000000000000000111e-01 2.000000000000000111e-01 2.000000000000000111e-01 2.000000000000000111e-01 2.000000000000000111e-01 2.000000000000000111e-01 2.000000000000000111e-01 2.000000000000000111e-01 2.000000000000000111e-01 2.000000000000000111e-01 2.000000000000000111e-01 2.000000000000000111e-01 2.000000000000000111e-01 2.000000000000000111e-01 2.000000000000000111e-01 2.000000000000000111e-01 2.000000000000000111e-01 2.000000000000000111e-01 2.000000000000000111e-01 2.000000000000000111e-01 2.000000000000000111e-01 2.000000000000000111e-01 2.000000000000000111e-01 2.000000000000000111e-01 2.000000000000000111e-01 2.000000000000000111e-01 2.000000000000000111e-01 2.000000000000000111e-01 2.000000000000000111e-01 2.000000000000000111e-01 2.000000000000000111e-01 2.000000000000000111e-01 2.000000000000000111e-01 2.000000000000000111e-01 2.000000000000000111e-01 2.000000000000000111e-01 2.000000000000000111e-01 2.000000000000000111e-01 2.000000000000000111e-01 2.000000000000000111e-01 2.000000000000000111e-01 2.000000000000000111e-01 2.000000000000000111e-01 2.000000000000000111e-01
1.803562343193033968e+01 2.291093619427565287e+01 9.713597524338675626e+00 4.197955928674437232e+00 7.780758263249197171e+00 3.411447961204097989e+00 3.200811889761772999e+00 6.682513389798483416e+00 2.320597923676533014e+01 -1.913767106735261514e+00 1.584166538780330535e+00 -2.025162973251835297e+01 1.257841423151374904e+01 -3.090704747983197276e+00 -1.744491616030334313e+01 -4.478763898141395750e+00 -1.650040366347447574e+01 3.955692868643941651e+00 -2.880777322673933050e-01 3.093359516658451991e+00 -6.875217848218953876e+00 -1.764941018502503312e+01 -1.666703309800079325e+01 5.310496792014112177e-01 1.164921778919458895e+01 -7.001325078751698072e+00 -3.185342662683715353e+00 9.210017102066789363e+00 1.521591584048210599e+01 -1.839528415834334574e+00 -4.121950288220173952e+00 9.984677163959670310e+00 1.073369149856800431e-01 4.109933246685073982e+00 -1.298944099764560178e+01 1.987154914102805137e+01 1.966020101017195998e+01 9.263399413474040500e+00 -2.739721671472430842e+00 -1.584901648770517868e+00 3.848537810556518224e+00 1.356088621345591072e+01 -4.448991224299583713e+00 4.165848863147922465e+00 -6.894534666930853817e+00 6.915769620237135484e+00 4.048815701644606690e+00 4.492371853432768347e+00 2.436529009362345732e+01 1.142033444734011027e+01 -6.976791475215589067e-01 -8.449314158904270400e+00 1.151864927658648696e+01 -4.476249408696648224e+00 9.706812369806661067e+00 8.632687775416140852e+00 1.214622320783540133e+01 3.258736498959434513e+00 -1.057411697427052566e+01 -7.049633847695381483e+00 -3.619205873084982539e+00 -2.273207603192425807e+01 -1.129106300143396346e+01 1.577571102577761408e+01 -4.015929924275399299e-01 -1.754056943284366898e+00 2.211693676904017991e+01 -2.447384549602571902e+00 6.544700146116889883e+00 -7.545550064439779270e+00 9.306088845497999529e+00 -4.768654375858172756e+00 -1.740095454226288918e-01 -4.320552612923556079e-01 -4.739796850599815592e+00 6.468019883080045052e-01 -6.106874264766204874e+00 -5.043620857631212928e+00 -1.182078341140449496e+01 -2.116348304962227544e+01 -6.517094246701961247e+00 -3.044629993002175627e+00 1.178135564574805905e+01 -1.499267317545062639e+01 1.451373608869451770e+00 7.103069577674304469e+00 -1.618391160037970167e+01 -5.181788206713213718e+00 -1.979654273355246730e+01 9.040314374933184904e-01 4.079866135171624109e+00 3.987291504997263036e+00 5.048003318209194568e+00 2.110735262038863524e+01 -7.075408485493095867e+00 6.224797932821941160e+00 7.052671995861720333e+00 -4.918012729624781976e+00 -1.389996898669345171e+00 5.960021292537308391e+00
4.091181558666454166e+00 1.909393549066631124e+01 -1.547480699827918249e+00 1.472705088457272771e+00 1.244024378534411612e+00 1.527538228295104616e+01 -8.732274778374446100e+00 8.837993793820231758e+00 -1.486944442051698978e+01 1.567111342154601772e+01 3.866314323188829505e+00 -3.557005490688416760e+00 1.229308734610336629e+01 -1.072033189619804894e+01 1.994473914839489481e+01 -1.280848299936018542e+01 -2.174974316900661897e+00 -5.222485029743628715e+00 4.379250995731419849e+00 -6.485472990310198860e+00 -3.675942472918282355e+00 1.814034770935947671e+00 4.731505008597546080e+00 7.454118912543661324e+00 -1.262481235166257143e+01 -8.902932388319976909e+00 5.741978069316374667e-01 4.760890957188752104e+00 1.938358962701308386e+01 -1.094734165086423339e+01 1.249821163608062768e+01 3.643155623592866377e+00 1.825863587113043351e+01 1.925332058081582076e+01 9.911012915483587093e+00 -4.228844163702203396e+00 1.513681976134702545e+01 -8.805169660743640492e+00 8.204104111172899394e+00 6.278713167697902442e+00 -1.124014159101231947e+01 -7.101251066310370064e+00 1.890679908623113903e+01 -7.871555907461896595e+00 3.252449853832884430e-01 5.895042837734512098e+00 -1.117536600844075778e+01 1.704044145771696384e+00 9.656391671531324050e+00 -1.345377451070840635e+01 1.751716842459920187e+01 -1.006450593842300290e+00 -1.104117171848420398e+01 -5.091874002061474336e+00 8.951317963119372889e-01 -1.022612467736045438e+01 3.240413412421589090e+00 8.760190538845517239e+00 6.968535003926952243e+00 -4.657308518530165031e+00 -1.405734689505555934e+01 6.392374929090261837e+00 5.333184746369976637e-01 -1.321813425792291774e+01 -1.194247209007865074e+01 7.890658943598068298e+00 1.366467319215176701e+01 1.124278624192674236e+01 -1.653165480690940470e+01 2.861886777375703961e+00 3.243441830671758730e+00 -9.655866980843311964e+00 3.876448777484658326e+00 -9.773445799408236212e+00 4.922602827209188625e+00 1.600149062084586848e+00 -2.432479892688081957e+00 -5.550172078535551279e+00 7.986975845079310687e+00 4.358000947078153331e+00 -4.061887477379084288e+00 -3.159322548597387925e+00 1.103800401229652017e+01 5.327294256492217883e+00 -3.264788527018090303e+00 -7.418542207911976938e+00 6.240477558000808500e+00 -6.096475113069633522e+00 1.930134915131129114e+00 -3.178478963366285992e+00 -2.834707082162839242e+01 -6.669988542421923405e+00 -1.187064986379415599e+00 -1.130143577058275062e+00 1.570784208967882201e+01 -1.068662663863096718e+01 1.330996702299566437e+01 2.355524612748533997e+01 1.162351449439299600e+01 -4.083929515316430781e+00
1.000659647557491994e+01 -9.991700916733989857e+00 -1.055274969306735589e+00 1.486839277503489676e+01 4.538100282829156562e+00 -2.097545287269156677e+00 -2.610177305476705811e+01 -7.587814958784403707e+00 4.678339858234305537e-01 1.502267719212809283e+01 -9.076657032214383136e+00 1.598487770346251446e+00 -3.960081580280028657e+00 -1.451820929780686242e+01 -5.210699175205602884e+00 7.949014987207395855e+00 -9.155213853448904260e+00 -1.207075584380325850e+01 6.801213046193655964e-01 -3.708925485270824218e+00 -8.313498636975488409e+00 -4.107875433056054071e+00 -9.276214220941085387e+00 1.318704377593462596e+00 4.113484722404602500e+00 -5.918058210833883948e+00 -1.191242759127123207e+01 -1.570648633645991232e+01 1.205185825845113001e+01 1.078058834200073690e+01 2.129394228432560432e+00 7.224513317844554194e+00 1.297528980239748497e+00 -1.377946319608711434e+01 -1.199395910026125556e+01 -7.641970834282303393e+00 1.909395305579779745e+01 1.952848332083315341e+01 9.684289580223870431e+00 9.428414288185267722e+00 3.049180080043375707e+00 -1.529857634160863400e+00 6.873488508608128100e+00 5.513176526910648079e+00 -6.500909438023604991e+00 -2.129649433852295548e+00 -1.524657013451747822e+01 6.492447158171294141e+00 -9.332695740001089035e+00 -4.719220297140694242e+00 -7.614342734824461445e+00 -6.783384652775183099e+00 -1.173172321703407484e+01 1.972751320804734476e+01 -1.252882889363599084e+01 -1.579364823150081243e+01 9.414696835280967235e+00 -6.656047008100769879e+00 -8.214050985002280925e+00 1.783370619816458114e-01 -6.580315896964860300e+00 -1.637943891017458498e+01 -7.561244923620050074e+00 2.730312847710225643e+00 5.349939839704331845e+00 8.419786700879065222e+00 -3.774545653989153760e+00 6.699366718638943397e+00 -2.487107496673243157e-01 -1.003557166279089641e+00 8.038825107817766380e+00 -4.192377247411432251e+00 2.309916331448871674e+01 -3.537304780491110634e+00 -1.575301898341904305e+01 2.373760538635043105e+00 -1.455950987244225203e+01 4.253531720815660222e+00 1.527958234522376912e+01 6.920638317503117420e+00 -1.358312335416756111e+00 -1.713533964129989684e+01 -8.315765203523721283e+00 -5.886947786525625226e+00 7.070148659444063455e+00 -1.414348349599251264e+01 -1.215477256388733807e+01 -5.374958797032045599e-01 5.356260363081360332e+00 9.958115003756681238e-01 1.999730555344767069e+01 -3.996754613712024007e+00 -2.076166432179438814e+01 1.043023676522772369e+01 2.927568788868971428e+00 1.238267979638962402e+01 -6.421542893057168300e+00 -1.083760372569658514e+01 9.991895294571909725e-01 3.783415622550495350e+00
7.779378281719709243e+00 9.882292766682676088e+00 4.189785098700346211e+00 1.810723267871889641e+00 3.356088205379581524e+00 1.471466306446962191e+00 1.380623154829785593e+00 2.882379156047717217e+00 1.000954604526880765e+01 -8.254740144233342347e-01 6.833020190301422048e-01 -8.735222283025592560e+00 5.425487127160615763e+00 -1.333118576418799384e+00 -7.524600081501473525e+00 -1.931819388228623868e+00 -7.117174701355099664e+00 1.706228023351047618e+00 -1.242436065864476608e-01 1.334494915480625155e+00 -2.965515585324745018e+00 -7.612777287495456235e+00 -7.189041052890617678e+00 2.290501605163854093e-01 5.024708149099210708e+00 -3.019871202571809743e+00 -1.373956196493993476e+00 3.972591741699071477e+00 6.563158812612141624e+00 -7.934466701756535123e-01 -1.777907543104583654e+00 4.306617755197372333e+00 4.629431921665672078e-02 1.772755319740270563e+00 -5.602797209576207749e+00 8.571280210299132563e+00 8.480137288562010767e+00 3.995625301074447133e+00 -1.181650962494835699e+00 -6.836426584688364283e-01 1.659998709421410590e+00 5.849260009788782355e+00 -1.918999625823975652e+00 1.796864946207763492e+00 -2.973891352704859603e+00 2.982990349372584671e+00 1.746405447384068887e+00 1.937723619926577046e+00 1.050959952790694274e+01 4.925976515678762269e+00 -3.009274798139209839e-01 -3.644434095774191640e+00 4.968374053377392130e+00 -1.930756018492563175e+00 4.186868530157950907e+00 3.723557993945752376e+00 5.239039269941295096e+00 1.405622338777588576e+00 -4.560988089203497964e+00 -3.040671064647505695e+00 -1.561082119320304828e+00 -9.805133712722211570e+00 -4.870189264239362714e+00 6.804594044745265080e+00 -1.732123741116278481e-01 -7.566273766073623452e-01 9.539805354196808196e+00 -1.055634850365743560e+00 2.822955122844619691e+00 -3.254638113358728990e+00 4.014143856278937328e+00 -2.056882489878692155e+00 -7.505456691078329912e-02 -1.863649528782828357e-01 -2.044436751416585984e+00 2.789909746118824363e-01 -2.634085505481976064e+00 -2.175468315415198362e+00 -5.098707619466173568e+00 -9.128533640926722370e+00 -2.811033443818582001e+00 -1.313258563479735130e+00 5.081686958480950089e+00 -6.466847901649875219e+00 6.260388931363695120e-01 3.063788981103003906e+00 -6.980670013299636878e+00 -2.235109465170548759e+00 -8.538940284440784012e+00 3.899411305698754493e-01 1.759791895834555753e+00 1.719601677231466397e+00 2.177375842519611471e+00 9.104327992502705413e+00 -3.051841950262169867e+00 2.684965992849083438e+00 3.042054934224890594e+00 -2.121307410097222235e+00 -5.995656620211688992e-01 2.570739753004100958e+00
1.764662142074024276e+00 8.235882547850604141e+00 -6.674832695248281711e-01 6.352297078512220141e-01 5.365956240872414851e-01 6.588781912953820097e+00 -3.766533094271043325e+00 3.812132914564775099e+00 -6.413709762945755344e+00 6.759489677870465840e+00 1.667670713541876459e+00 -1.534247833987816279e+00 5.302424089686700981e+00 -4.624032758760826312e+00 8.602860919697700837e+00 -5.524719010734417957e+00 -9.381213549169966637e-01 -2.252642325724210970e+00 1.888919403644830686e+00 -2.797450504958092665e+00 -1.585529337811789619e+00 7.824635997454146841e-01 2.040867085220981814e+00 3.215194434647169253e+00 -5.445507944551908786e+00 -3.840119290958046605e+00 2.476622928967518178e-01 2.053527029733104303e+00 8.360819452401978324e+00 -4.721960039972003642e+00 5.390895690347329960e+00 1.571335925901789388e+00 7.875557236373509795e+00 8.304622198640517539e+00 4.274939059728566804e+00 -1.824048146910161927e+00 6.529044704280909883e+00 -3.797974766491561294e+00 3.538662340308332599e+00 2.708318120803828055e+00 -4.848230126876233115e+00 -3.063013310604768780e+00 8.155140202384018266e+00 -3.395258717985773611e+00 1.402418709170638600e-01 2.542731118469534479e+00 -4.820299460965681959e+00 7.350069627534782102e-01 4.165145123474899513e+00 -5.803064090693219157e+00 7.555750695345253121e+00 -4.340851134671830369e-01 -4.762428492935919522e+00 -2.196299499208314465e+00 3.861033759593954784e-01 -4.410863183751513539e+00 1.397700783707822580e+00 3.778562758803029276e+00 3.005749150723365126e+00 -2.008844837769645508e+00 -6.063382779808952350e+00 2.757255252332310391e+00 2.300344472548228603e-01 -5.701431276111852853e+00 -5.151173698654659461e+00 3.403483137519570434e+00 5.894050545904613969e+00 4.849370512708965464e+00 -7.130650446743192816e+00 1.234415520281360257e+00 1.399059669472713319e+00 -4.164872662691716521e+00 1.672047222505985919e+00 -4.215592393402649130e+00 2.123273497882291139e+00 6.902063561760792831e-01 -1.049205028960642494e+00 -2.393970909008996450e+00 3.445061428677860249e+00 1.879739977694154796e+00 -1.752078049868589948e+00 -1.362718940138002655e+00 4.761070023549834218e+00 2.297828637903720495e+00 -1.408210285267768480e+00 -3.199883303734392559e+00 2.691724222537964728e+00 -2.629561460220838587e+00 8.325497680005973233e-01 -1.370982961987975646e+00 -1.222709582704096931e+01 -2.876938341381086950e+00 -5.120268874425942807e-01 -4.874641253504050087e-01 6.775318142398964127e+00 -4.609501957338521194e+00 5.741023460035256321e+00 1.016019543967934169e+01 5.013609453128397675e+00 -1.761531185148029977e+00
4.316187116222039322e+00 -4.309770265357079744e+00 -4.551680848835951698e-01 6.413228875058704759e+00 1.957450745888889454e+00 -9.047458602710396480e-01 -1.125860170440173924e+01 -3.272867864679620542e+00 2.017927580442805680e-01 6.479790243688225537e+00 -3.915061043999987778e+00 6.894772301427045669e-01 -1.708133619196133601e+00 -6.262193934989004340e+00 -2.247559167708197858e+00 3.428674403962435502e+00 -3.948952358566313325e+00 -5.206528945726965674e+00 2.933722007301608481e-01 -1.599853191758543680e+00 -3.585873243795595133e+00 -1.771885964096851840e+00 -4.001152003569423243e+00 5.687987377879115680e-01 1.774274666169530557e+00 -2.552638711636507018e+00 -5.138227301147380466e+00 -6.774735305495974025e+00 5.198388621899525219e+00 4.650010356160839464e+00 9.184793347465886049e-01 3.116310470222844575e+00 5.596642176654411660e-01 -5.943554255392659691e+00 -5.173397111530920967e+00 -3.296245400318254415e+00 8.235892031794429968e+00 8.423307286986162268e+00 4.177066663366295174e+00 4.066745656380254204e+00 1.315215421495765646e+00 -6.598792078318523879e-01 2.964760848319381026e+00 2.377997586683096909e+00 -2.804072589074653621e+00 -9.185924344594127433e-01 -6.576362883253511704e+00 2.800389230749817937e+00 -4.025515829867149620e+00 -2.035558298913733299e+00 -3.284322601964044797e+00 -2.925904845260793419e+00 -5.060300224624930010e+00 8.509155346672569564e+00 -5.404112683561885788e+00 -6.812325677990505035e+00 4.060844554542459406e+00 -2.870974384961583414e+00 -3.543002855008162477e+00 7.683065007330198981e-02 -2.838308929418905446e+00 -7.065020704026634846e+00 -3.261415534812559525e+00 1.177674866736727388e+00 2.307604524094616583e+00 3.631816120989842300e+00 -1.628100132519923360e+00 2.889656933333645927e+00 -1.072776894230828143e-01 -4.328858901584513030e-01 3.467276369314161499e+00 -1.808325059733197682e+00 9.963467801666794799e+00 -1.525759074163467011e+00 -6.794801315992342161e+00 1.023870720666215872e+00 -6.279999631094992374e+00 1.834654914826716388e+00 6.590607149387743391e+00 2.985094117593842800e+00 -5.858226663656010968e-01 -7.391035800764142571e+00 -3.586860366339204020e+00 -2.539267700533167194e+00 3.049564628687022605e+00 -6.100567809534425123e+00 -5.242744097617213050e+00 -2.318525600400546949e-01 2.310340584932693009e+00 4.295261075607784695e-01 8.625546262603254632e+00 -1.723850834174620816e+00 -8.955212829328786484e+00 4.498920775731562571e+00 1.262759734049620830e+00 5.341062080581545857e+00 -2.769828201016243607e+00 -4.674635023749841523e+00 4.309974561966040119e-01 1.631909511357917619e+00
1.764019159489668587e+00 2.240876620424273380e+00 9.500508359807736669e-01 4.105927205020373227e-01 7.610061165165966646e-01 3.336608907869085816e-01 3.130657622381091687e-01 6.535903251318365692e-01 2.269728865276338770e+00 -1.871814249068460556e-01 1.549416433236664725e-01 -1.980764150204614493e+00 1.230256701477531189e+00 -3.022896451722741906e-01 -1.706251741295106594e+00 -4.380426499691223441e-01 -1.613856686593916789e+00 3.868981986032313802e-01 -2.816787946257467284e-02 3.026850015423748208e-01 -6.724479036760723227e-01 -1.726236356511477554e+00 -1.630150427059979146e+00 5.193498564776174997e-02 1.139383163840405055e+00 -6.847594303565796015e-01 -3.115559490108165130e-01 9.008074615972045951e-01 1.488240232726689483e+00 -1.799170001685501674e-01 -4.031400918428477143e-01 9.765097643900432223e-01 1.049615862012859280e-02 4.019829913646837949e-01 -1.270470071912733090e+00 1.943589198698935760e+00 1.922928743814883212e+00 9.060333138812470821e-01 -2.679159083639416350e-01 -1.550273598656088936e-01 3.764119490326082174e-01 1.326349400805687528e+00 -4.351436789550742756e-01 4.074468672020644111e-01 -6.743628978659950146e-01 6.764044403282839513e-01 3.960123937003102168e-01 4.393939309816824457e-01 2.383120062077998202e+00 1.116992871135899401e+00 -6.823515196377276382e-02 -8.263812191591857204e-01 1.126603524540934043e+00 -4.378091532001528452e-01 9.493931186299645608e-01 8.443333144453702976e-01 1.187968082541787762e+00 3.187396247414117090e-01 -1.034234652303836599e+00 -6.894624842629918371e-01 -3.539827865255638639e-01 -2.223376553816190260e+00 -1.104332692101633651e+00 1.542978627570333217e+00 -3.927390731585905792e-02 -1.715850846375174821e-01 2.163212579945597014e+00 -2.393693816509828709e-01 6.401225962662724367e-01 -7.380028739177248998e-01 9.102703491860693052e-01 -4.664098742653426388e-01 -1.701845696001954775e-02 -4.226106477098788561e-02 -4.635882675276483678e-01 6.326399467521563735e-02 -5.972879750082600303e-01 -4.932939369012100950e-01 -1.156162030058455414e+00 -2.069949057521032199e+00 -6.374141411159490733e-01 -2.977911613132808721e-01 1.152297417954178504e+00 -1.466394432867396347e+00 1.419622854100047182e-01 6.947295171908662859e-01 -1.582906732819010731e+00 -5.068340500180433805e-01 -1.936260568292604178e+00 8.842198911264384509e-02 3.990454534768683170e-01 3.898386191111628540e-01 4.937326724163987879e-01 2.064462198156033601e+00 -6.920147556207539852e-01 6.088311723815538201e-01 6.898026865759769866e-01 -4.810191655540941302e-01 -1.359595549291673089e-01 5.829228554330458945e-01
4.001460413914633141e-01 1.867540713328459612e+00 -1.513564844485439931e-01 1.440426960245223820e-01 1.216781723825990785e-01 1.494040782857894545e+00 -8.540853004966575401e-01 8.644251843853959505e-01 -1.454350307534433062e+00 1.532755316046861216e+00 3.781531987883531842e-01 -3.478961072617209327e-01 1.202354377903341653e+00 -1.048522197479349050e+00 1.950754395318818446e+00 -1.252756450216667927e+00 -2.127175923307031147e-01 -5.108021509643781988e-01 4.283232141518607539e-01 -6.343544269640750688e-01 -3.595172704908828898e-01 1.774312737853246946e-01 4.627813018439502768e-01 7.290565212378404825e-01 -1.234799317133731478e+00 -8.707626820912723886e-01 5.615570985054186420e-02 4.656465463817077710e-01 1.895870599516907840e+00 -1.070731461262762529e+00 1.222413853350273083e+00 3.562803552277078456e-01 1.785823296981005504e+00 1.883124748742359023e+00 9.693607036552350786e-01 -4.136148368648113749e-01 1.480505639788046945e+00 -8.612147484322040247e-01 8.023953058802162364e-01 6.141611649975350362e-01 -1.099355128695431505e+00 -6.945567631495328520e-01 1.849223272412495955e+00 -7.698905581762238715e-01 3.178362481845597998e-02 5.765784896030612394e-01 -1.093025013359735231e+00 1.666651947598444539e-01 9.444761118340255779e-01 -1.315876007471660003e+00 1.713310200948493289e+00 -9.842006592915708563e-02 -1.079906605575802647e+00 -4.980239865336298366e-01 8.755210249461020666e-02 -1.000184335098145194e+00 3.169368273364153721e-01 8.568090145290988557e-01 6.815648771845627119e-01 -4.555133179668235943e-01 -1.374896645337855938e+00 6.252259130152179045e-01 5.216021997345718364e-02 -1.292832639097502900e+00 -1.168050967176600174e+00 7.717499633629224531e-01 1.336514429098164980e+00 1.099613594512758086e+00 -1.616910974620603403e+00 2.799059694207955973e-01 3.172639062224582029e-01 -9.443977376548063907e-01 3.791474578961679942e-01 -9.559001636376444067e-01 4.814600333704300295e-01 1.565110287501761954e-01 -2.379110459492671525e-01 -5.428441950210310951e-01 7.811901425315084246e-01 4.262368507808650953e-01 -3.973110276534924656e-01 -3.090028394119886390e-01 1.079601394670069991e+00 5.210406875174899977e-01 -3.193183661765313652e-01 -7.255969721071285905e-01 6.103618685997413973e-01 -5.962482619784236215e-01 1.887915606380472788e-01 -3.108771887495729858e-01 -2.772579050506091214e+00 -6.523427504876448957e-01 -1.161069923566448725e-01 -1.105334246341392601e-01 1.536339528447456360e+00 -1.045229923180131415e+00 1.301803775473834968e+00 2.303889020663624443e+00 1.136862158927789412e+00 -3.994350347232385467e-01
9.787209923223282315e-01 -9.772688504756524841e-01 -1.032091530502855237e-01 1.454231455375134985e+00 4.438682133622658399e-01 -2.051575169859782555e-01 -2.552959920871286759e+00 -7.421363828032429000e-01 4.575769153575429821e-02 1.469329395430413188e+00 -8.877591798498919440e-01 1.563411806861061681e-01 -3.873348323449909425e-01 -1.419987402373058760e+00 -5.096496886460446518e-01 7.774695381521186111e-01 -8.954467790723863452e-01 -1.180611036310642792e+00 6.652842706042418064e-02 -3.628002598539801782e-01 -8.131097621010903165e-01 -4.017924219388213647e-01 -9.072862526430731656e-01 1.289772105486418907e-01 4.023230080133949338e-01 -5.788180022057086704e-01 -1.165119905271875922e+00 -1.536208066414973095e+00 1.178769071119239564e+00 1.054408072750810055e+00 2.082702027335096850e-01 7.066889746916550363e-01 1.269055993776506686e-01 -1.347736400875932938e+00 -1.173095760953314581e+00 -7.474439416578108064e-01 1.867543549750439569e+00 1.910036573697474704e+00 9.471391877733936759e-01 9.221400644811612590e-01 2.982328229041844025e-01 -1.496312723524676480e-01 6.722735931768897277e-01 5.392164408326010072e-01 -6.358429905231604007e-01 -2.082969351870236629e-01 -1.491227799078300720e+00 6.349957970476697300e-01 -9.128114036073695647e-01 -4.615739177736349341e-01 -7.447382713716239611e-01 -6.634659533996314362e-01 -1.147455554797224719e+00 1.929503009560572524e+00 -1.225414740876684228e+00 -1.544729916541545789e+00 9.208076036828695132e-01 -6.510082116925044460e-01 -8.033975590202371286e-01 1.738863567511063704e-02 -6.436011121285646341e-01 -1.602038454047489902e+00 -7.395424600580825514e-01 2.670438900003141991e-01 5.232603302468246120e-01 8.235625462272155861e-01 -3.691847876429639741e-01 6.552436109607495673e-01 -2.432593824123839218e-02 -9.816568867544572807e-02 7.861737426799870754e-01 -4.100518140672789191e-01 2.259278594154847219e+00 -3.459744056932623768e-01 -1.540756315508142738e+00 2.321639524447360048e-01 -1.424021837976981786e+00 4.160049471497257456e-01 1.494459558303146141e+00 6.768828240490017967e-01 -1.328157821501206592e-01 -1.675953259330536183e+00 -8.133370050115987793e-01 -5.758032987080735632e-01 6.914952748577241071e-01 -1.383339850708168894e+00 -1.188814358899389800e+00 -5.257833284843387023e-02 5.238842734058738460e-01 9.739707387595754329e-02 1.955902622101538091e+00 -3.908624080506880594e-01 -2.030646581220968194e+00 1.020158054200096309e+00 2.863379762105871529e-01 1.211113507582285642e+00 -6.280739583234763446e-01 -1.060003362413977968e+00 9.773584914324025263e-02 3.700426390241209340e-01
