# 
#                 ----------------------------------------------------
#                 Data from a 3D direct N-body simulation. 
# 
#                 rows are i-particle; 
#                 coumns are :mass, tag, x ,y, z, vx, vy, vz, ax, ay, az
# 
#                 NTHU, Computational Physics Lab
# 
#                 ----------------------------------------------------
#                 Time = 9.499999999999842
1.000000000000000000e+00 2.000000000000000000e+00 3.000000000000000000e+00 4.000000000000000000e+00 5.000000000000000000e+00 6.000000000000000000e+00 7.000000000000000000e+00 8.000000000000000000e+00 9.000000000000000000e+00 1.000000000000000000e+01 1.100000000000000000e+01 1.200000000000000000e+01 1.300000000000000000e+01 1.400000000000000000e+01 1.500000000000000000e+01 1.600000000000000000e+01 1.700000000000000000e+01 1.800000000000000000e+01 1.900000000000000000e+01 2.000000000000000000e+01 2.100000000000000000e+01 2.200000000000000000e+01 2.300000000000000000e+01 2.400000000000000000e+01 2.500000000000000000e+01 2.600000000000000000e+01 2.700000000000000000e+01 2.800000000000000000e+01 2.900000000000000000e+01 3.000000000000000000e+01 3.100000000000000000e+01 3.200000000000000000e+01 3.300000000000000000e+01 3.400000000000000000e+01 3.500000000000000000e+01 3.600000000000000000e+01 3.700000000000000000e+01 3.800000000000000000e+01 3.900000000000000000e+01 4.000000000000000000e+01 4.100000000000000000e+01 4.200000000000000000e+01 4.300000000000000000e+01 4.400000000000000000e+01 4.500000000000000000e+01 4.600000000000000000e+01 4.700000000000000000e+01 4.800000000000000000e+01 4.900000000000000000e+01 5.000000000000000000e+01 5.100000000000000000e+01 5.200000000000000000e+01 5.300000000000000000e+01 5.400000000000000000e+01 5.500000000000000000e+01 5.600000000000000000e+01 5.700000000000000000e+01 5.800000000000000000e+01 5.900000000000000000e+01 6.000000000000000000e+01 6.100000000000000000e+01 6.200000000000000000e+01 6.300000000000000000e+01 6.400000000000000000e+01 6.500000000000000000e+01 6.600000000000000000e+01 6.700000000000000000e+01 6.800000000000000000e+01 6.900000000000000000e+01 7.000000000000000000e+01 7.100000000000000000e+01 7.200000000000000000e+01 7.300000000000000000e+01 7.400000000000000000e+01 7.500000000000000000e+01 7.600000000000000000e+01 7.700000000000000000e+01 7.800000000000000000e+01 7.900000000000000000e+01 8.000000000000000000e+01 8.100000000000000000e+01 8.200000000000000000e+01 8.300000000000000000e+01 8.400000000000000000e+01 8.500000000000000000e+01 8.600000000000000000e+01 8.700000000000000000e+01 8.800000000000000000e+01 8.900000000000000000e+01 9.000000000000000000e+01 9.100000000000000000e+01 9.200000000000000000e+01 9.300000000000000000e+01 9.400000000000000000e+01 9.500000000000000000e+01 9.600000000000000000e+01 9.700000000000000000e+01 9.800000000000000000e+01 9.900000000000000000e+01 1.000000000000000000e+02
2.000000000000000111e-01 2.000000000000000111e-01 2.000000000000000111e-01 2.000000000000000111e-01 2.000000000000000111e-01 2.000000000000000111e-01 2.000000000000000111e-01 2.000000000000000111e-01 2.000000000000000111e-01 2.000000000000000111e-01 2.000000000000000111e-01 2.000000000000000111e-01 2.000000000000000111e-01 2.000000000000000111e-01 2.000000000000000111e-01 2.000000000000000111e-01 2.000000000000000111e-01 2.000000000000000111e-01 2.000000000000000111e-01 2.000000000000000111e-01 2.000000000000000111e-01 2.000000000000000111e-01 2.000000000000000111e-01 2.000000000000000111e-01 2.000000000000000111e-01 2.000000000000000111e-01 2.000000000000000111e-01 2.000000000000000111e-01 2.000000000000000111e-01 2.000000000000000111e-01 2.000000000000000111e-01 2.000000000000000111e-01 2.000000000000000111e-01 2.000000000000000111e-01 2.000000000000000111e-01 2.000000000000000111e-01 2.000000000000000111e-01 2.000000000000000111e-01 2.000000000000000111e-01 2.000000000000000111e-01 2.000000000000000111e-01 2.000000000000000111e-01 2.000000000000000111e-01 2.000000000000000111e-01 2.000000000000000111e-01 2.000000000000000111e-01 2.000000000000000111e-01 2.000000000000000111e-01 2.000000000000000111e-01 2.000000000000000111e-01 2.000000000000000111e-01 2.000000000000000111e-01 2.000000000000000111e-01 2.000000000000000111e-01 2.000000000000000111e-01 2.000000000000000111e-01 2.000000000000000111e-01 2.000000000000000111e-01 2.000000000000000111e-01 2.000000000000000111e-01 2.000000000000000111e-01 2.000000000000000111e-01 2.000000000000000111e-01 2.000000000000000111e-01 2.000000000000000111e-01 2.000000000000000111e-01 2.000000000000000111e-01 2.000000000000000111e-01 2.000000000000000111e-01 2.000000000000000111e-01 2.000000000000000111e-01 2.000000000000000111e-01 2.000000000000000111e-01 2.000000000000000111e-01 2.000000000000000111e-01 2.000000000000000111e-01 2.000000000000000111e-01 2.000000000000000111e-01 2.000000000000000111e-01 2.000000000000000111e-01 2.000000000000000111e-01 2.000000000000000111e-01 2.000000000000000111e-01 2.000000000000000111e-01 2.000000000000000111e-01 2.000000000000000111e-01 2.000000000000000111e-01 2.000000000000000111e-01 2.000000000000000111e-01 2.000000000000000111e-01 2.000000000000000111e-01 2.000000000000000111e-01 2.000000000000000111e-01 2.000000000000000111e-01 2.000000000000000111e-01 2.000000000000000111e-01 2.000000000000000111e-01 2.000000000000000111e-01 2.000000000000000111e-01 2.000000000000000111e-01
9.830939809522062944e+01 1.248844269394393365e+02 5.294697187802064775e+01 2.288244380446130322e+01 4.241140623883492111e+01 1.859514953098078394e+01 1.744720109616563875e+01 3.642506630164824344e+01 1.264925084193751559e+02 -1.043166832422579127e+01 8.634996505468089723e+00 -1.103885935999213785e+02 6.856280209762066136e+01 -1.684682323296141604e+01 -9.508978512447234266e+01 -2.441263678131298320e+01 -8.994096143914556762e+01 2.156192358953284227e+01 -1.570023099843711467e+00 1.686529342730256786e+01 -3.747575264570758691e+01 -9.620396606701442010e+01 -9.084911876064508363e+01 2.894503142704882404e+00 6.349815634347813642e+01 -3.816247438834355421e+01 -1.736297485255107986e+01 5.020234420784971263e+01 8.293989076915855208e+01 -1.002690669252972278e+01 -2.246759735895724575e+01 5.442297314733187363e+01 5.850122089496928579e-01 2.240263246238242090e+01 -7.080359547351054061e+01 1.083168264849819309e+02 1.071651240198760178e+02 5.049346036973651763e+01 -1.493234340904979618e+01 -8.639410758479362684e+00 2.097767043600783765e+01 7.391809262837880112e+01 -2.425073431689854786e+01 2.270726979634749298e+01 -3.758180214156281806e+01 3.769650726213274794e+01 2.206970111151614233e+01 2.448741064866343464e+01 1.328117890304914965e+02 6.225043698583220220e+01 -3.802849964713700182e+00 -4.605516861561412867e+01 6.278618047974906347e+01 -2.439929735888264517e+01 5.291016160195005114e+01 4.705520452438711487e+01 6.620649159626276514e+01 1.776318684739196385e+01 -5.763807772601931845e+01 -3.842515232739334152e+01 -1.972765342090352192e+01 -1.239093049955119881e+02 -6.154531302667508896e+01 8.599084196546198200e+01 -2.188877018125119811e+00 -9.561835358432528409e+00 1.205563129184497768e+02 -1.334022173196437677e+01 3.567420479188765370e+01 -4.112937815383077833e+01 5.072797208961865323e+01 -2.599319068877248640e+01 -9.484702459069064284e-01 -2.355149682811369605e+00 -2.583591858772331307e+01 3.525674115638465889e+00 -3.328733073436772827e+01 -2.749170399288026445e+01 -6.443328873140367818e+01 -1.153589303747036752e+02 -3.552348193345275718e+01 -1.659591186648458461e+01 6.421812996592740319e+01 -8.172270540622302804e+01 7.911421738685348259e+00 3.871761951948994351e+01 -8.821596955520143979e+01 -2.824560842866715049e+01 -1.079082009421625798e+02 4.927763414054412650e+00 2.223883711122144646e+01 2.172973709126199182e+01 2.751588977157561544e+01 1.150530639622508744e+02 -3.856656905703464133e+01 3.393039089626339688e+01 3.844298173281417519e+01 -2.680734727347450530e+01 -7.576877726474074315e+00 3.248680485610267965e+01
2.230033458996824081e+01 1.040784091533881508e+02 -8.435115833931611462e+00 8.027520420201341267e+00 6.781080969782313339e+00 8.326356996649784037e+01 -4.759838073837133976e+01 4.817463203627024626e+01 -8.105125713173087831e+01 8.542090640189303485e+01 2.107464332243566218e+01 -1.938851984950312612e+01 6.700767034260539390e+01 -5.843467857023640022e+01 1.087159703875694845e+02 -6.981679179608748598e+01 -1.185511901688458281e+01 -2.846707639741691054e+01 2.387061032768347602e+01 -3.535209439377608476e+01 -2.003648017107130386e+01 9.888173019360406713e+00 2.579084008294434938e+01 4.063089198142961322e+01 -6.881584466771271025e+01 -4.852819008726266503e+01 3.129712070548358316e+00 2.595075537136067112e+01 1.056572555751850615e+02 -5.967225079090544426e+01 6.812567632318301492e+01 1.985687650619143341e+01 9.952476420182311756e+01 1.049470446576218592e+02 5.402308696177870218e+01 -2.305084073630713704e+01 8.250879731635866676e+01 -4.799571306037670837e+01 4.471849186973592083e+01 3.422594519381765821e+01 -6.126783471315966523e+01 -3.870785772398185998e+01 1.030579419452020318e+02 -4.290644075805270319e+01 1.772041544262585422e+00 3.213294199862814793e+01 -6.091491284664314776e+01 9.288390236284428170e+00 5.263575403789316454e+01 -7.333432976613219978e+01 9.548337482426300937e+01 -5.485465985300209013e+00 -6.018364093018281835e+01 -2.775503484029420065e+01 4.879269498657109239e+00 -5.574081094422392368e+01 1.766299624181958805e+01 4.775034901923424258e+01 3.798411104087099233e+01 -2.538608191295633176e+01 -7.662391859445114051e+01 3.484395852511464398e+01 2.906968130126434957e+00 -7.205000947820458634e+01 -6.509620795487938949e+01 4.301030273958279082e+01 7.448422867958034033e+01 6.128224437772382061e+01 -9.011123856079667860e+01 1.559946678120434704e+01 1.768041373324991028e+01 -5.263209650850065202e+01 2.112997408792973530e+01 -5.327306935461944448e+01 2.683212906515528218e+01 8.722296787306708765e+00 -1.325896257945789714e+01 -3.025300601980353576e+01 4.353589092720170584e+01 2.375454527407766747e+01 -2.214154628799800761e+01 -1.722090306635619328e+01 6.016651027563079168e+01 2.903800414701997212e+01 -1.779578664801253396e+01 -4.043756191438502157e+01 3.401577296336756717e+01 -3.322998045048284155e+01 1.052115912789480490e+01 -1.732534260601100584e+01 -1.545161847532526167e+02 -3.635613068308942530e+01 -6.470600449876817706e+00 -6.160147076231097252e+00 8.562086914879361643e+01 -5.825108471724949055e+01 7.255025745138796367e+01 1.283962857683926586e+02 6.335784442685338291e+01 -2.226075463675694621e+01
5.454443717603930253e+01 -5.446338396340814114e+01 -5.752003856260756720e+00 8.104505333354691743e+01 2.473671934317177090e+01 -1.143345042876322815e+01 -1.422770543861371380e+02 -4.135974829409580877e+01 2.550091429083970684e+00 8.188626283336196821e+01 -4.947528148237245915e+01 8.713024354247210113e+00 -2.158606346426396172e+01 -7.913644934929308761e+01 -2.840284185553293028e+01 4.332874376418157425e+01 -4.990360501107744540e+01 -6.579584480622179399e+01 3.707456262204570141e+00 -2.021794558752111470e+01 -4.531522229289674897e+01 -2.239173104965397698e+01 -5.056329877365016756e+01 7.187996079666900684e+00 2.242177451830142587e+01 -3.225805438972391670e+01 -6.493266156128622413e+01 -8.561351277463572274e+01 6.569302447228049857e+01 5.876290145060098524e+01 1.160698395062546773e+01 3.938198831233957975e+01 7.072557561275620408e+00 -7.510977353013753088e+01 -6.537712035132777544e+01 -4.165525925896540116e+01 1.040785378661920788e+02 1.064468802572891377e+02 5.278588909406055762e+01 5.139195997446405784e+01 1.662061431955288526e+01 -8.339009706453888171e+00 3.746617394214081997e+01 3.005107449132122710e+01 -3.543561020726838962e+01 -1.160842725226339489e+01 -8.310666855910488948e+01 3.538890826239045140e+01 -5.087119542791732840e+01 -2.572370566007365511e+01 -4.150456149880285750e+01 -3.697518480716959033e+01 -6.394796150738053342e+01 1.075317561611988850e+02 -6.829275168402358531e+01 -8.608852340122336955e+01 5.131745969817755793e+01 -3.628099365526005471e+01 -4.477357658759902392e+01 9.704941284275313551e-01 -3.586819420267914182e+01 -8.928198525125159790e+01 -4.121506138876070935e+01 1.488247914890833812e+01 2.916158129615765304e+01 4.589626267679032878e+01 -2.057464026473255458e+01 3.651707574594924210e+01 -1.355688683828086161e+00 -5.470538029782563427e+00 4.381592990985760849e+01 -2.285217471057039162e+01 1.259101866260535019e+02 -1.928128688178809469e+01 -8.586706683405189722e+01 1.293877747243383070e+01 -7.936142294818260723e+01 2.318468607913445112e+01 8.328669902360833532e+01 3.772311029624211187e+01 -7.402849984867943434e+00 -9.340175422307062547e+01 -4.532774076361862114e+01 -3.208930543769628940e+01 3.853775027586720370e+01 -7.709397828956676335e+01 -6.625339009776725163e+01 -2.930019477199461875e+00 2.919620294433537566e+01 5.427992448056513375e+00 1.090027033201008635e+02 -2.178421405651988962e+01 -1.131686315871675248e+02 5.685368998033295185e+01 1.595771961014617801e+01 6.749591637320905591e+01 -3.500280709517691946e+01 -5.907423642993659740e+01 5.446652542534417663e+00 2.062270322130745370e+01
1.853989144535676559e+01 2.355163829830096134e+01 9.985090997557950487e+00 4.315338216758017431e+00 7.998221983029798920e+00 3.506796238378359298e+00 3.290324087720438051e+00 6.869276978823513957e+00 2.385488924443439984e+01 -1.967280435298411900e+00 1.628445397024347097e+00 -2.081787998711612175e+01 1.293004920812209058e+01 -3.177083947136766451e+00 -1.793273364135584558e+01 -4.603876014890127877e+00 -1.696169588892374946e+01 4.066306554502532755e+00 -2.960660669834909720e-01 3.180897502642198393e+00 -7.067446396103135520e+00 -1.814281389309880765e+01 -1.713295330141173167e+01 5.458524090895524594e-01 1.197494349050769458e+01 -7.196898063687498848e+00 -3.274447867596315564e+00 9.467515130978840787e+00 1.564142289538775366e+01 -1.890939495590235664e+00 -4.237057982681365687e+00 1.026331279045098732e+01 1.103204551110268522e-01 4.224850854849863779e+00 -1.335266298003310403e+01 2.042717074720605908e+01 2.021000114125764568e+01 9.522427247797251582e+00 -2.815928206624658703e+00 -1.629311489575377303e+00 3.956110080275965668e+00 1.393998727551272943e+01 -4.573374963975687102e+00 4.282289162961187223e+00 -7.087508416888325335e+00 7.109054210173902710e+00 4.162081684332295417e+00 4.618026848830623976e+00 2.504662914447131428e+01 1.173963041227998083e+01 -7.171611854612562897e-01 -8.685353119277214873e+00 1.184065193179569064e+01 -4.601390635676374075e+00 9.978163459038309924e+00 8.873987896184567958e+00 1.248563767286366577e+01 3.349935388728231267e+00 -1.086981855323547208e+01 -7.246382451531581559e+00 -3.720375873738831718e+00 -2.336772771812144356e+01 -1.160661302387670801e+01 1.621675965247933959e+01 -4.127822127062552027e-01 -1.803300739540623532e+00 2.273539947993378973e+01 -2.515786983481690608e+00 6.727701961998924673e+00 -7.756452510717637416e+00 9.566803287854803273e+00 -4.901981693415190300e+00 -1.788669356486227713e-01 -4.441578854448085534e-01 -4.872324321909846212e+00 6.649015655668776281e-01 -6.277539012512590944e+00 -5.184558430456875477e+00 -1.215129372254281037e+01 -2.175521887114178199e+01 -6.699257150478636902e+00 -3.129784679348899701e+00 1.211069739122884314e+01 -1.541185060101491189e+01 1.492009853910854167e+00 7.301636842366612257e+00 -1.663639754426834472e+01 -5.326799154395376767e+00 -2.035012760149167121e+01 9.293152532672460664e-01 4.193969062329450104e+00 4.097588525946009419e+00 5.189144126605535590e+00 2.169754397401710122e+01 -7.273128036966670429e+00 6.398834729110525643e+00 7.249849592390847697e+00 -5.055523431080379382e+00 -1.428920049828803496e+00 6.126565725595296996e+00
4.205551746360185028e+00 1.962787896813844668e+01 -1.590757743782591271e+00 1.513890055794976819e+00 1.278832828790171794e+00 1.570242640865012262e+01 -8.976452260565544350e+00 9.085125308451830861e+00 -1.528524492135220392e+01 1.610929443465341748e+01 3.974404184409130014e+00 -3.656412295219300113e+00 1.263678294792890711e+01 -1.102001472443886598e+01 2.050246038402003634e+01 -1.316652900785377867e+01 -2.235696132140343018e+00 -5.368535113029473393e+00 4.501690042770406741e+00 -6.667016176517554626e+00 -3.778580675004414413e+00 1.864794943571821850e+00 4.863832920456300890e+00 7.662435408365478651e+00 -1.297778081684774243e+01 -9.151767799666874481e+00 5.902110462070495611e-01 4.893969186109751845e+00 1.992562803319480835e+01 -1.125341958875997506e+01 1.284761670623716689e+01 3.744636428607947209e+00 1.876907407259482596e+01 1.979168026574705053e+01 1.018803532746073692e+01 -4.347098188635111882e+00 1.556012808413986725e+01 -9.051383509559043361e+00 8.433266865442709204e+00 6.454710389482841038e+00 -1.155429130786925995e+01 -7.299808325586298885e+00 1.943539764221661414e+01 -8.091588270911802994e+00 3.341167299942582880e-01 6.059858527307079967e+00 -1.148774796308107504e+01 1.751663722912014443e+00 9.926449028464814361e+00 -1.382990422634124883e+01 1.800693928628952989e+01 -1.034443882048599717e+00 -1.134985600348850809e+01 -5.234244871032320390e+00 9.201712975480498269e-01 -1.051198416102846878e+01 3.331014784026641973e+00 9.005095333533972735e+00 7.163291588407710186e+00 -4.787473928906803344e+00 -1.445024620801865645e+01 6.571132702746976584e+00 5.482112455447832877e-01 -1.358770766182420076e+01 -1.227627984465453181e+01 8.111153371196015982e+00 1.404678705225091129e+01 1.155700829678532493e+01 -1.699380235441047660e+01 2.941839851326911059e+00 3.334374650839084797e+00 -9.925693438802401403e+00 3.984846237560890181e+00 -1.004657837996639280e+01 5.060177304912263807e+00 1.644924134211365629e+00 -2.500461215054666564e+00 -5.705318567057600099e+00 8.210320408532663095e+00 4.479782320873897383e+00 -4.175679712432727619e+00 -3.247635128231457280e+00 1.134663660897308191e+01 5.476174127920897305e+00 -3.356051195579608848e+00 -7.626024788862597603e+00 6.414929663395666282e+00 -6.266668499800657877e+00 1.984179737876025751e+00 -3.267332809298491014e+00 -2.913982650326296664e+01 -6.856221708180682661e+00 -1.220279882105731906e+00 -1.161717207174621125e+00 1.614698507148701623e+01 -1.098540186851129086e+01 1.368202174492690837e+01 2.421391537229840552e+01 1.194846535882137495e+01 -4.198083332849710914e+00
1.028638327021779908e+01 -1.027110924404707504e+01 -1.084742834343084716e+00 1.528403605269913434e+01 4.665047405064871811e+00 -2.156206630411186875e+00 -2.683165388039096655e+01 -7.799896598580765783e+00 4.809145841210462069e-01 1.544269627262678668e+01 -9.330389071554602509e+00 1.643157561840020042e+00 -4.070876992657210813e+00 -1.492411367655741117e+01 -5.356421989801681605e+00 8.171236260018320152e+00 -9.411175499781661458e+00 -1.240825390370233983e+01 6.991968588726379386e-01 -3.812941465318507639e+00 -8.545838710095006618e+00 -4.222821021955253329e+00 -9.535596791375041903e+00 1.355559084909025991e+00 4.228442932287377332e+00 -6.083424984769470356e+00 -1.224545537749032320e+01 -1.614560052927944511e+01 1.238887878217070870e+01 1.108189472028512235e+01 2.188927037325922420e+00 7.427126255591762316e+00 1.333787648084828303e+00 -1.416474376800011470e+01 -1.232927816340825444e+01 -7.855652229524283214e+00 1.962790596285188371e+01 2.007452721460022005e+01 9.954603080442026908e+00 9.691792598374888712e+00 3.134435043374002916e+00 -1.572629603889908134e+00 7.065627401109792594e+00 5.667214214859860988e+00 -6.682714487812310367e+00 -2.189203535695396052e+00 -1.567284912752159620e+01 6.673859608830645662e+00 -9.593664182305314370e+00 -4.851158002801110314e+00 -7.827224207434747782e+00 -6.973045781705989654e+00 -1.205977764514658546e+01 2.027912045875724800e+01 -1.287914028068260208e+01 -1.623517356560967428e+01 9.677765209855129669e+00 -6.842122533724612765e+00 -8.443726612096476458e+00 1.828911896740390286e-01 -6.764273780694197491e+00 -1.683745312757177004e+01 -7.772622245512940786e+00 2.806641815730952061e+00 5.499490713427661603e+00 8.655554208081992940e+00 -3.880127666873796066e+00 6.886640711778231783e+00 -2.556658918751981702e-01 -1.031698301187505162e+00 8.262918867933041867e+00 -4.309641363637004119e+00 2.374506383310743018e+01 -3.636202125225898474e+00 -1.619341029158046652e+01 2.440068920717892720e+00 -1.496652847585159485e+01 4.372280051021649072e+00 1.570680766235728143e+01 7.114076525770003379e+00 -1.395991675082838279e+00 -1.761434503262131201e+01 -8.548213050360979892e+00 -6.051669536635825963e+00 7.267680945653397728e+00 -1.453893820494379341e+01 -1.249450666735335602e+01 -5.525816239563563492e-01 5.506033898900536627e+00 1.023647912697639883e+00 2.055655117483358296e+01 -4.108101272078917177e+00 -2.134215274018163200e+01 1.072188326809210146e+01 3.009420750460424454e+00 1.272885092451397071e+01 -6.601077826589397013e+00 -1.114065414180163138e+01 1.027187352938843334e+00 3.889168128662632729e+00
1.764018352405696932e+00 2.240876217242256274e+00 9.500499219784127591e-01 4.105925799025685885e-01 7.610053477595883908e-01 3.336605639998364570e-01 3.130657150735670080e-01 6.535896374397527353e-01 2.269728238839221035e+00 -1.871813659282926257e-01 1.549415027015922930e-01 -1.980763364246218572e+00 1.230255875070025651e+00 -3.022893264435778660e-01 -1.706251292620928117e+00 -4.380418801126119144e-01 -1.613855685551003560e+00 3.868980940897944754e-01 -2.816753038188937394e-02 3.026902421239969221e-01 -6.724475986965589014e-01 -1.726235231778099344e+00 -1.630149261544311390e+00 5.193473240353475157e-02 1.139382737801424295e+00 -6.847581979258429152e-01 -3.115560321594819659e-01 9.008069989062820193e-01 1.488239941844016867e+00 -1.799168096467876343e-01 -4.031391952361538800e-01 9.765066029437549089e-01 1.049606469024707243e-02 4.019828363959684903e-01 -1.270469708931931896e+00 1.943588420791419580e+00 1.922928420790766202e+00 9.060330379913023036e-01 -2.679137765800778670e-01 -1.550277811341130296e-01 3.764116186817573206e-01 1.326348513226638159e+00 -4.351434388532767206e-01 4.074465031394984282e-01 -6.743636349069530578e-01 6.764037385657972745e-01 3.960125319511865749e-01 4.393939853624747593e-01 2.383119461078660350e+00 1.116992301639245566e+00 -6.823499501132995748e-02 -8.263798236654144036e-01 1.126602736596515664e+00 -4.378088883235204953e-01 9.493924452497853883e-01 8.443325929516605211e-01 1.187966581047455561e+00 3.187399160988012015e-01 -1.034234453207811599e+00 -6.894603590191220599e-01 -3.539825159805017329e-01 -2.223375906956571502e+00 -1.104331460079878147e+00 1.542977752773037947e+00 -3.927369059194521506e-02 -1.715860304822110771e-01 2.163212011623657283e+00 -2.393691434027286624e-01 6.401223790992057738e-01 -7.380021921002121177e-01 9.102725911249343049e-01 -4.664096502682468781e-01 -1.701840936980589247e-02 -4.226115995658761421e-02 -4.635880800926993062e-01 6.326404329171607388e-02 -5.972872916712371749e-01 -4.932933058860979325e-01 -1.156161533899398020e+00 -2.069948182675372284e+00 -6.374135853791893513e-01 -2.977911682458299625e-01 1.152296587473663037e+00 -1.466393705882137466e+00 1.419625072999397830e-01 6.947290398923707810e-01 -1.582905962728019755e+00 -5.068344817667388424e-01 -1.936260100583652388e+00 8.842198674336342046e-02 3.990454317804175144e-01 3.898323667235258916e-01 4.937324509880908763e-01 2.064461452433849598e+00 -6.920139021175044647e-01 6.088308644380239221e-01 6.898023101618812047e-01 -4.810189721418015596e-01 -1.359597948747292839e-01 5.829221057250563165e-01
4.001457697990327689e-01 1.867540293164673848e+00 -1.513564668503714350e-01 1.440426747432308197e-01 1.216782492292488721e-01 1.494039851642560368e+00 -8.540850466303140376e-01 8.644249165653912215e-01 -1.454349933817262963e+00 1.532754734849711920e+00 3.781529721186546733e-01 -3.478957171142174620e-01 1.202353758439675957e+00 -1.048521449209107059e+00 1.950753884615670675e+00 -1.252755503885972566e+00 -2.127170405309845302e-01 -5.108020783826021649e-01 4.283230037020684944e-01 -6.343552251922589535e-01 -3.595163973524862500e-01 1.774313986231841056e-01 4.627812787781362402e-01 7.290556931347382807e-01 -1.234798672593219848e+00 -8.707618439364070984e-01 5.615547555691671050e-02 4.656461598268143987e-01 1.895870147749859180e+00 -1.070730946688199570e+00 1.222413094067548389e+00 3.562782521633871546e-01 1.785822149130144476e+00 1.883124117691840960e+00 9.693598279612595237e-01 -4.136147360892746816e-01 1.480505417229765364e+00 -8.612144824606075000e-01 8.023938173523511574e-01 6.141631586768174778e-01 -1.099354018119020893e+00 -6.945564932914871648e-01 1.849222288509117629e+00 -7.698899376289404239e-01 3.178248195702108175e-02 5.765781898244263237e-01 -1.093024125738902619e+00 1.666649928656901980e-01 9.444760297607673882e-01 -1.315875243756735813e+00 1.713309410054003612e+00 -9.841927528689296822e-02 -1.079905999930833360e+00 -4.980237806895717600e-01 8.755212346398130729e-02 -1.000183580761397684e+00 3.169366866803848826e-01 8.568084892970287969e-01 6.815641562873582249e-01 -4.555128504718120031e-01 -1.374895316238875287e+00 6.252257783336305774e-01 5.216010170414361186e-02 -1.292832048831081604e+00 -1.168049932815869330e+00 7.717489748702904828e-01 1.336514100291104290e+00 1.099612475579897275e+00 -1.616909878521824551e+00 2.799055163121353385e-01 3.172650277992775103e-01 -9.443965575509724042e-01 3.791473538653184483e-01 -9.558990731730813151e-01 4.814595119162580206e-01 1.565111381239628341e-01 -2.379107861072843610e-01 -5.428437747335844721e-01 7.811899489688317599e-01 4.262363184335107857e-01 -3.973119837571645885e-01 -3.090025930334827087e-01 1.079600976453989780e+00 5.210400991972892193e-01 -3.193181217470755784e-01 -7.255969623773111943e-01 6.103614426498179535e-01 -5.962466608329808349e-01 1.887918761381610355e-01 -3.108769702788564682e-01 -2.772578717192380360e+00 -6.523411375911517540e-01 -1.161070666163762088e-01 -1.105332487273344294e-01 1.536338615791311035e+00 -1.045229353052977261e+00 1.301802742913801270e+00 2.303888347573911144e+00 1.136861448776350869e+00 -3.994346943932678418e-01
9.787205790874460298e-01 -9.772686308844752423e-01 -1.032089171535905819e-01 1.454230432683866869e+00 4.438683347066023632e-01 -2.051574988228762886e-01 -2.552959193842497587e+00 -7.421356862629926443e-01 4.575767145432396016e-02 1.469328681051652818e+00 -8.877585337184766834e-01 1.563409912793017886e-01 -3.873350273376539032e-01 -1.419986659768426085e+00 -5.096496280160224268e-01 7.774690318986555715e-01 -8.954462979598658556e-01 -1.180610522039490462e+00 6.652869971364851198e-02 -3.628017156827271772e-01 -8.131088737963728663e-01 -4.017927013282784898e-01 -9.072859581796587358e-01 1.289770718970643659e-01 4.023225548309125599e-01 -5.788172318728953547e-01 -1.165119177265889094e+00 -1.536207200125202288e+00 1.178768815768737266e+00 1.054407010999784511e+00 2.082700865198987006e-01 7.066918125079035828e-01 1.269054414565330413e-01 -1.347735849785720363e+00 -1.173095088622428950e+00 -7.474436773099839559e-01 1.867543174974410691e+00 1.910035883524640932e+00 9.471364398969510656e-01 9.221384431371094648e-01 2.982326928227675977e-01 -1.496311928694662174e-01 6.722730784553286876e-01 5.392156442668337712e-01 -6.358429158001805970e-01 -2.082968909288039905e-01 -1.491227074489120952e+00 6.349949301989085138e-01 -9.128111404214305225e-01 -4.615736578588278127e-01 -7.447378688580950090e-01 -6.634656532777152282e-01 -1.147455236306552884e+00 1.929502303222236259e+00 -1.225414235590285728e+00 -1.544728914925385554e+00 9.208063575180265303e-01 -6.510077890167109693e-01 -8.033972646392022465e-01 1.738642967999229003e-02 -6.436006915959171515e-01 -1.602037987074577563e+00 -7.395419605531541318e-01 2.670437202808900179e-01 5.232599331127393283e-01 8.235639726713199771e-01 -3.691848593882757767e-01 6.552431217362354454e-01 -2.432593371129705348e-02 -9.816606077309329714e-02 7.861699709917719936e-01 -4.100518658760244906e-01 2.259277855903307763e+00 -3.459742264746189511e-01 -1.540755325701862688e+00 2.321635368833336599e-01 -1.424020887795405033e+00 4.160038502001288108e-01 1.494458950652424400e+00 6.768822107731872206e-01 -1.328142018516652034e-01 -1.675952029949735467e+00 -8.133363421212344013e-01 -5.758036716500873897e-01 6.914942174562218602e-01 -1.383339264549144021e+00 -1.188813266707352323e+00 -5.257860125140259577e-02 5.238841093891436484e-01 9.739699869860091175e-02 1.955902386544454030e+00 -3.908601770114795704e-01 -2.030645659827968075e+00 1.020157697736015168e+00 2.863378372870672428e-01 1.211112734643464695e+00 -6.280736275477066810e-01 -1.060003059386440460e+00 9.773611394176975886e-02 3.700423168336041679e-01
