# 
#                 ----------------------------------------------------
#                 Data from a 3D direct N-body simulation. 
# 
#                 rows are i-particle; 
#                 coumns are :mass, tag, x ,y, z, vx, vy, vz, ax, ay, az
# 
#                 NTHU, Computational Physics Lab
# 
#                 ----------------------------------------------------
#                 Time = 8.999999999999853
1.000000000000000000e+00 2.000000000000000000e+00 3.000000000000000000e+00 4.000000000000000000e+00 5.000000000000000000e+00 6.000000000000000000e+00 7.000000000000000000e+00 8.000000000000000000e+00 9.000000000000000000e+00 1.000000000000000000e+01 1.100000000000000000e+01 1.200000000000000000e+01 1.300000000000000000e+01 1.400000000000000000e+01 1.500000000000000000e+01 1.600000000000000000e+01 1.700000000000000000e+01 1.800000000000000000e+01 1.900000000000000000e+01 2.000000000000000000e+01 2.100000000000000000e+01 2.200000000000000000e+01 2.300000000000000000e+01 2.400000000000000000e+01 2.500000000000000000e+01 2.600000000000000000e+01 2.700000000000000000e+01 2.800000000000000000e+01 2.900000000000000000e+01 3.000000000000000000e+01 3.100000000000000000e+01 3.200000000000000000e+01 3.300000000000000000e+01 3.400000000000000000e+01 3.500000000000000000e+01 3.600000000000000000e+01 3.700000000000000000e+01 3.800000000000000000e+01 3.900000000000000000e+01 4.000000000000000000e+01 4.100000000000000000e+01 4.200000000000000000e+01 4.300000000000000000e+01 4.400000000000000000e+01 4.500000000000000000e+01 4.600000000000000000e+01 4.700000000000000000e+01 4.800000000000000000e+01 4.900000000000000000e+01 5.000000000000000000e+01 5.100000000000000000e+01 5.200000000000000000e+01 5.300000000000000000e+01 5.400000000000000000e+01 5.500000000000000000e+01 5.600000000000000000e+01 5.700000000000000000e+01 5.800000000000000000e+01 5.900000000000000000e+01 6.000000000000000000e+01 6.100000000000000000e+01 6.200000000000000000e+01 6.300000000000000000e+01 6.400000000000000000e+01 6.500000000000000000e+01 6.600000000000000000e+01 6.700000000000000000e+01 6.800000000000000000e+01 6.900000000000000000e+01 7.000000000000000000e+01 7.100000000000000000e+01 7.200000000000000000e+01 7.300000000000000000e+01 7.400000000000000000e+01 7.500000000000000000e+01 7.600000000000000000e+01 7.700000000000000000e+01 7.800000000000000000e+01 7.900000000000000000e+01 8.000000000000000000e+01 8.100000000000000000e+01 8.200000000000000000e+01 8.300000000000000000e+01 8.400000000000000000e+01 8.500000000000000000e+01 8.600000000000000000e+01 8.700000000000000000e+01 8.800000000000000000e+01 8.900000000000000000e+01 9.000000000000000000e+01 9.100000000000000000e+01 9.200000000000000000e+01 9.300000000000000000e+01 9.400000000000000000e+01 9.500000000000000000e+01 9.600000000000000000e+01 9.700000000000000000e+01 9.800000000000000000e+01 9.900000000000000000e+01 1.000000000000000000e+02
2.000000000000000111e-01 2.000000000000000111e-01 2.000000000000000111e-01 2.000000000000000111e-01 2.000000000000000111e-01 2.000000000000000111e-01 2.000000000000000111e-01 2.000000000000000111e-01 2.000000000000000111e-01 2.000000000000000111e-01 2.000000000000000111e-01 2.000000000000000111e-01 2.000000000000000111e-01 2.000000000000000111e-01 2.000000000000000111e-01 2.000000000000000111e-01 2.000000000000000111e-01 2.000000000000000111e-01 2.000000000000000111e-01 2.000000000000000111e-01 2.000000000000000111e-01 2.000000000000000111e-01 2.000000000000000111e-01 2.000000000000000111e-01 2.000000000000000111e-01 2.000000000000000111e-01 2.000000000000000111e-01 2.000000000000000111e-01 2.000000000000000111e-01 2.000000000000000111e-01 2.000000000000000111e-01 2.000000000000000111e-01 2.000000000000000111e-01 2.000000000000000111e-01 2.000000000000000111e-01 2.000000000000000111e-01 2.000000000000000111e-01 2.000000000000000111e-01 2.000000000000000111e-01 2.000000000000000111e-01 2.000000000000000111e-01 2.000000000000000111e-01 2.000000000000000111e-01 2.000000000000000111e-01 2.000000000000000111e-01 2.000000000000000111e-01 2.000000000000000111e-01 2.000000000000000111e-01 2.000000000000000111e-01 2.000000000000000111e-01 2.000000000000000111e-01 2.000000000000000111e-01 2.000000000000000111e-01 2.000000000000000111e-01 2.000000000000000111e-01 2.000000000000000111e-01 2.000000000000000111e-01 2.000000000000000111e-01 2.000000000000000111e-01 2.000000000000000111e-01 2.000000000000000111e-01 2.000000000000000111e-01 2.000000000000000111e-01 2.000000000000000111e-01 2.000000000000000111e-01 2.000000000000000111e-01 2.000000000000000111e-01 2.000000000000000111e-01 2.000000000000000111e-01 2.000000000000000111e-01 2.000000000000000111e-01 2.000000000000000111e-01 2.000000000000000111e-01 2.000000000000000111e-01 2.000000000000000111e-01 2.000000000000000111e-01 2.000000000000000111e-01 2.000000000000000111e-01 2.000000000000000111e-01 2.000000000000000111e-01 2.000000000000000111e-01 2.000000000000000111e-01 2.000000000000000111e-01 2.000000000000000111e-01 2.000000000000000111e-01 2.000000000000000111e-01 2.000000000000000111e-01 2.000000000000000111e-01 2.000000000000000111e-01 2.000000000000000111e-01 2.000000000000000111e-01 2.000000000000000111e-01 2.000000000000000111e-01 2.000000000000000111e-01 2.000000000000000111e-01 2.000000000000000111e-01 2.000000000000000111e-01 2.000000000000000111e-01 2.000000000000000111e-01 2.000000000000000111e-01
8.925995466700962311e+01 1.133887173176522936e+02 4.807318261996084630e+01 2.077609876864270078e+01 3.850742091618690210e+01 1.688345898246027588e+01 1.584117226671395606e+01 3.307212651727152064e+01 1.148487798273363154e+02 -9.471425777348066788e+00 7.840141494866213812e+00 -1.002272490272998624e+02 6.225155947837006210e+01 -1.529606742536302910e+01 -8.633669971560364331e+01 -2.216545400927944698e+01 -8.166184545589436539e+01 1.957713257409675833e+01 -1.425511007829923793e+00 1.531268095353479275e+01 -3.402608539765054019e+01 -8.734833852501795093e+01 -8.248641076823396645e+01 2.628068779841287395e+00 5.765310744066942306e+01 -3.464962013187681578e+01 -1.576469542272992719e+01 4.558118751746246744e+01 7.530520931434543286e+01 -9.103926546038810130e+00 -2.039946076748397630e+01 4.941338007910837860e+01 5.311639895289542723e-01 2.034045488958700076e+01 -6.428607269729788243e+01 9.834618966437942333e+01 9.730048950201283731e+01 4.584550087572925747e+01 -1.355786852891100125e+01 -7.844133486115797638e+00 1.904666684837562585e+01 6.711389255523403108e+01 -2.201843976489131549e+01 2.061705602794728875e+01 -3.412234338710138815e+01 3.422653062472883079e+01 2.003816183577252374e+01 2.223332147239034384e+01 1.205863643912009593e+02 5.652024581769113354e+01 -3.452798746440516986e+00 -4.181578953465425030e+01 5.700667985633256052e+01 -2.215332815222164697e+01 4.803975392843474879e+01 4.272375215078629651e+01 6.011216858323712842e+01 1.612806164238977047e+01 -5.233244775615535360e+01 -3.488814364760233389e+01 -1.791171329867133366e+01 -1.125033631251547774e+02 -5.588004794788278673e+01 7.807533435877058992e+01 -1.987395123207873482e+00 -8.681633241983881533e+00 1.094590146802292168e+02 -1.211224938327187672e+01 3.239036910838770922e+01 -3.734340217283650531e+01 4.605835451842250450e+01 -2.360050104846403940e+01 -8.611640792783898934e-01 -2.138353385034399867e+00 -2.345770493687674474e+01 3.201131338241394619e+00 -3.022322213992312001e+01 -2.496108644121336795e+01 -5.850216206212586201e+01 -1.047400644624188999e+02 -3.225353005667270168e+01 -1.506824342283728413e+01 5.830681834417592313e+01 -7.420007931932610745e+01 7.183162125027853229e+00 3.515364222853960285e+01 -8.009563402880587546e+01 -2.564556316146727610e+01 -9.797516965423113788e+01 4.474158535764930278e+00 2.019173325904048255e+01 1.972967187736398387e+01 2.498303426476066846e+01 1.044623496571815622e+02 -3.501650677675663559e+01 3.080707738992186151e+01 3.490428222558328741e+01 -2.433971292955189369e+01 -6.879412675795120613e+00 2.949638725690771324e+01
2.024757693815325510e+01 9.449791220618146781e+01 -7.658656520405696000e+00 7.288580726657745146e+00 6.156874336501207523e+00 7.559911174410886758e+01 -4.321691523904842569e+01 4.374012249675327979e+01 -7.359042841297485893e+01 7.755785352672258171e+01 1.913471035186294245e+01 -1.760380066673417687e+01 6.083957308876573222e+01 -5.305573638955443272e+01 9.870858443140005534e+01 -6.339012173063493094e+01 -1.076386058116566957e+01 -2.584665910073746176e+01 2.167330568186970297e+01 -3.209788070825289452e+01 -1.819212938368894328e+01 8.977954472337941638e+00 2.341677128257537177e+01 3.689080623931624814e+01 -6.248130409369575489e+01 -4.406115141835401516e+01 2.841625982010407725e+00 2.356197654848371315e+01 9.593142532728963090e+01 -5.417938236512712535e+01 6.185466960721485208e+01 1.802909307449473175e+01 9.036345493475951685e+01 9.528659503978560963e+01 4.905023927699558328e+01 -2.092899348405275717e+01 7.491379645155737421e+01 -4.357767311604207094e+01 4.060215766495239365e+01 3.107536039288112306e+01 -5.562810831206325446e+01 -3.514477312298946288e+01 9.357139591066528794e+01 -3.895688286512081078e+01 1.608955990100216837e+00 2.917508500885743317e+01 -5.530766688127820885e+01 8.433391499040867600e+00 4.779058902742323056e+01 -6.658386205882550257e+01 8.669406885778334981e+01 -4.980546454095045483e+00 -5.464370117874259591e+01 -2.520016537747051544e+01 4.430127865305254709e+00 -5.060984181169428098e+01 1.603710593571393517e+01 4.335490241390053967e+01 3.448766076657522461e+01 -2.304928405505333444e+01 -6.957065740565779777e+01 3.163654539610237038e+01 2.639382520128121801e+00 -6.541775965370113965e+01 -5.910407427468815200e+01 3.905119467635404362e+01 6.762789941616102851e+01 5.564119178935632704e+01 -8.181645111897258005e+01 1.416353504531383223e+01 1.605288453572513419e+01 -4.778729935940256013e+01 1.918494438843616479e+01 -4.836926754934585659e+01 2.436222285195788118e+01 7.919398612410045502e+00 -1.203847082032812388e+01 -2.746820220833341608e+01 3.952837946665641766e+01 2.156793365371974502e+01 -2.010337042925746687e+01 -1.563571082649684030e+01 5.462814209341690486e+01 2.636504709576291461e+01 -1.615767581556731258e+01 -3.671524914025589936e+01 3.088460331222088229e+01 -3.017117703401340023e+01 9.552668243311170926e+00 -1.573053582275940343e+01 -1.402928438414422772e+02 -3.300956247203203731e+01 -5.874973892112662632e+00 -5.593105128825519579e+00 7.773941894049517032e+01 -5.288903745241979237e+01 6.587197192232183340e+01 1.165773141260376917e+02 5.752571942890638468e+01 -2.021164230730695266e+01
4.952358561352964728e+01 -4.944998792035852375e+01 -5.222533553855202015e+00 7.358481411181081455e+01 2.245967918241499461e+01 -1.038099180091987783e+01 -1.291803473455472613e+02 -3.755256695594791694e+01 2.315353845965606006e+00 7.434858078254880809e+01 -4.492105676364354139e+01 7.910988197334900995e+00 -1.959904184625189316e+01 -7.185189084386881575e+01 -2.578833706416538973e+01 3.934030926342113332e+01 -4.530994804867997772e+01 -5.973929416989103913e+01 3.366173920091693361e+00 -1.835682506856845819e+01 -4.114394154753239263e+01 -2.033054462619815084e+01 -4.590891112288714027e+01 6.526338671271103564e+00 2.035784337174556669e+01 -2.928869405172101636e+01 -5.895557377007512656e+01 -7.773273841045882193e+01 5.964593118329806032e+01 5.335375496738156897e+01 1.053855419283749661e+01 3.575676165963983522e+01 6.421526917496799491e+00 -6.819586862764521129e+01 -5.935911815604856656e+01 -3.782086360400347047e+01 9.449802778183142493e+01 9.664837113578592209e+01 4.792697961024578035e+01 4.666133098150595515e+01 1.509067588453588549e+01 -7.571398803658650145e+00 3.401739437665857224e+01 2.728486933983588969e+01 -3.217373332787582285e+01 -1.053986259580464413e+01 -7.545664738002929539e+01 3.213135282469752951e+01 -4.618846472945323001e+01 -2.335582336603964393e+01 -3.768404162890053755e+01 -3.357159512313128147e+01 -5.806150458950997972e+01 9.763338372008770705e+01 -6.200635832339191467e+01 -7.816402773330128184e+01 4.659367788858316572e+01 -3.294130836224302783e+01 -4.065213793978266921e+01 8.812218384397947357e-01 -3.256650739899865954e+01 -8.106351343609114224e+01 -3.742119301133126186e+01 1.351253870616559993e+01 2.647724343128794544e+01 4.167143106859625590e+01 -1.868072453868214566e+01 3.315566078052973609e+01 -1.230896479606738092e+00 -4.966959636593343497e+00 3.978274172421448185e+01 -2.074861051195963668e+01 1.143200644418688228e+02 -1.750643259757698900e+01 -7.796295610448537161e+01 1.174776345439985015e+01 -7.205616132172180244e+01 2.105054653546497789e+01 7.562010256157496713e+01 3.425068231002040875e+01 -6.721455923374239028e+00 -8.480407571113836696e+01 -4.115530128154551903e+01 -2.913544612814209955e+01 3.499034658076845261e+01 -6.999742659546612344e+01 -6.015473842299285678e+01 -2.660300990239137686e+00 2.650867150864341326e+01 4.928343116583828731e+00 9.896891553112375561e+01 -1.977902094376082687e+01 -1.027513859250308883e+02 5.162026805868796231e+01 1.448880146464856367e+01 6.128288000318151063e+01 -3.178077738549646369e+01 -5.363640974161554453e+01 4.945275880171002392e+00 1.872437444674667617e+01
1.765788226660372118e+01 2.243120018840586027e+01 9.510066033680661945e+00 4.110041926362470122e+00 7.617719306720885264e+00 3.339965955345865822e+00 3.133791230034626007e+00 6.542482157930623821e+00 2.272002512303536648e+01 -1.873689752147901677e+00 1.550974645229217685e+00 -1.982749830250957146e+01 1.231492126797577669e+01 -3.025939282907859518e+00 -1.707960799362765414e+01 -4.384855072401211196e+00 -1.615476804298514679e+01 3.872857507127386079e+00 -2.819823006895131878e-01 3.029552398179711670e+00 -6.731222595791197527e+00 -1.727969627365581573e+01 -1.631787866695674794e+01 5.198850420876017786e-01 1.140525212026079416e+01 -6.854518960830228380e+00 -3.118669851779327651e+00 9.017111630063697092e+00 1.489730292354661678e+01 -1.800981090164843090e+00 -4.035488382230109750e+00 9.775059478978201710e+00 1.050724224691021863e-01 4.023859436162212866e+00 -1.271742812442020032e+01 1.945537653435232528e+01 1.924853692984158116e+01 9.069410727929847482e+00 -2.681971311595874763e+00 -1.551797600340364403e+00 3.767904269891232616e+00 1.327681301609484166e+01 -4.355803243790372647e+00 4.078565910241064074e+00 -6.750326601764506051e+00 6.770852338673565285e+00 3.964075418793575167e+00 4.398329856321278264e+00 2.385506941203294318e+01 1.118113425966086005e+01 -6.830436874596536034e-01 -8.272163203034320844e+00 1.127735056100767785e+01 -4.382486190677661320e+00 9.503467234285675858e+00 8.451821597428921251e+00 1.189165437759509025e+01 3.190565431599516444e+00 -1.035270132600247805e+01 -6.901652265305540546e+00 -3.543384614893709816e+00 -2.225603976259921524e+01 -1.105444728994372383e+01 1.544527077332862852e+01 -3.931453667254731776e-01 -1.717507727290007447e+00 2.165379347232619622e+01 -2.396102411027503987e+00 6.407640771763120746e+00 -7.387451412513121873e+00 9.111666999388097210e+00 -4.668776867573406264e+00 -1.703577308133458201e-01 -4.230273057672608306e-01 -4.640530281271242785e+00 6.332695440746297644e-01 -5.978895364517751609e+00 -4.937911775519935986e+00 -1.157321295402536521e+01 -2.072024477703972423e+01 -6.380550356033344528e+00 -2.980889095247904574e+00 1.153454909486785596e+01 -1.467865374577672810e+01 1.421028600962022548e+00 6.954272320912274985e+00 -1.584494456047096733e+01 -5.073381914877033161e+00 -1.938199754972201561e+01 8.851042598880823897e-01 3.994446346370686296e+00 3.902672322787573478e+00 4.942277900411821356e+00 2.066531324544385484e+01 -6.927121083211020824e+00 6.094419295918478419e+00 6.904948436120515787e+00 -4.815013944398340406e+00 -1.360940153149710730e+00 5.835104670363822521e+00
4.005478860602496027e+00 1.869410882022847886e+01 -1.515079510301796439e+00 1.441868718356116741e+00 1.217993704418408818e+00 1.495540647988638483e+01 -8.549409736448231101e+00 8.652912849322875743e+00 -1.455806995326270936e+01 1.534291706539210054e+01 3.785327697633567468e+00 -3.482464435429410088e+00 1.203560606675168820e+01 -1.049575399746992410e+01 1.952708344009848318e+01 -1.254015125292056609e+01 -2.129337610131269098e+00 -5.113134073608838648e+00 4.287528540254404774e+00 -6.349838566451849076e+00 -3.598822473569113445e+00 1.776079244654700240e+00 4.632442280994381711e+00 7.297907559181385118e+00 -1.236038147851451185e+01 -8.716386875050297078e+00 5.621333076882538693e-01 4.661146104974905668e+00 1.897769295789239763e+01 -1.071805411378992723e+01 1.223641015680415656e+01 3.566497295874265561e+00 1.787616299440277601e+01 1.885011820490714740e+01 9.703355410713079721e+00 -4.140290820272045202e+00 1.481987537482175554e+01 -8.620776267488331257e+00 8.032069952061233309e+00 6.147628816446720990e+00 -1.100461429530052015e+01 -6.952530078087855614e+00 1.851078649485312155e+01 -7.706643300136525099e+00 3.182254854038888414e-01 5.771569431447620246e+00 -1.094123589740690861e+01 1.668331225841218846e+00 9.454211013325103607e+00 -1.317196660204969838e+01 1.715028457876345058e+01 -9.852342419063562229e-01 -1.080990300160938133e+01 -4.985232980037111794e+00 8.763952358823222655e-01 -1.001189236826418494e+01 3.172546440241992727e+00 8.576691087225842836e+00 6.822509507986126209e+00 -4.559717502193255001e+00 -1.376279854569951766e+01 6.258519813154592271e+00 5.221311943189985705e-01 -1.294129163554354633e+01 -1.169225487497821447e+01 7.725278880636667900e+00 1.337853000106640877e+01 1.100720205545973229e+01 -1.618534741168611291e+01 2.801887091739093005e+00 3.175742140490094290e+00 -9.453495156297970325e+00 3.795272560299516318e+00 -9.568628839934213204e+00 4.819447547306437762e+00 1.566668565495024312e+00 -2.381505821179969562e+00 -5.433896678362769350e+00 7.819725433436627959e+00 4.266664159974972392e+00 -3.977023723576583514e+00 -3.093133830936200201e+00 1.080683611942461475e+01 5.215654076463286160e+00 -3.196392133933728452e+00 -7.263226307643242841e+00 6.109748940724802679e+00 -5.968545164324009278e+00 1.889783800803923608e+00 -3.111894323468744616e+00 -2.775353714361358470e+01 -6.530051134280466130e+00 -1.162226349032187800e+00 -1.106450582255128934e+00 1.537881576070754619e+01 -1.046278719018331849e+01 1.303112037020729908e+01 2.306197119638462212e+01 1.138003463218931266e+01 -3.998365984577704424e+00
9.797022979368335882e+00 -9.782474927910971729e+00 -1.033138375020896671e+00 1.455692083312569629e+01 4.443113238095077300e+00 -2.053627880942351158e+00 -2.555517428117245160e+01 -7.428828753248322592e+00 4.580357483304301480e-01 1.470803192984366170e+01 -8.886509802653714374e+00 1.564987065601884275e+00 -3.877209479604536213e+00 -1.421412034432670879e+01 -5.101597175602085699e+00 7.782501742469342787e+00 -8.963452349281510578e+00 -1.181794864105760468e+01 6.659325098773550833e-01 -3.631540612090297770e+00 -8.139284270389914866e+00 -4.021924672173947002e+00 -9.081953811354789963e+00 1.291070548522394557e+00 4.027281653439955811e+00 -5.794016366398810014e+00 -1.166289578655704240e+01 -1.537749692647954802e+01 1.179949437347948837e+01 1.055469121143027067e+01 2.084791993698725143e+00 7.073780358318431993e+00 1.270334926857567437e+00 -1.349087584136592888e+01 -1.174273061697260268e+01 -7.481930390034011502e+00 1.869413437418046797e+01 1.911950927065710104e+01 9.481034851807944364e+00 9.230723371682486800e+00 2.985318696551591433e+00 -1.497814007204020692e+00 6.729490860255708640e+00 5.397606390209433336e+00 -6.364793029676320657e+00 -2.085055090091148422e+00 -1.492723558798747163e+01 6.356362140992082743e+00 -9.137258611262979002e+00 -4.620371173050415337e+00 -7.454855271733835664e+00 -6.641312954118657963e+00 -1.148605002598695712e+01 1.931436930491424420e+01 -1.226643316129085726e+01 -1.546280910498204975e+01 9.217362027158216620e+00 -6.516618637880695175e+00 -8.042027978846697067e+00 1.741979678611588755e-01 -6.442473433567436736e+00 -1.603643413255895922e+01 -7.402851263658021708e+00 2.673119955054233277e+00 5.237860745616424119e+00 8.243772226257112479e+00 -3.695535237406357698e+00 6.559019149364308632e+00 -2.435029250052386240e-01 -9.826152719767132782e-01 7.869833870505872575e+00 -4.104615430862769365e+00 2.261542490282306517e+01 -3.463215011422308365e+00 -1.542303262560194810e+01 2.323987150963127135e+00 -1.425451802895150344e+01 4.164278122455392861e+00 1.495957818511102211e+01 6.775635418445537184e+00 -1.329584569161174956e+00 -1.677636901376183332e+01 -8.141544877205751263e+00 -5.763767701989236159e+00 6.921933833584083651e+00 -1.384726857081710705e+01 -1.190010003054849896e+01 -5.262923241787657025e-01 5.244091843687758825e+00 9.749494131108038530e-01 1.957859998081705299e+01 -3.912671176510485349e+00 -2.032682990735623818e+01 1.021180441809773320e+01 2.866251831377924830e+00 1.212329455474990603e+01 -6.287041011770356569e+00 -1.061065261115091296e+01 9.783192968047168536e-01 3.704146969227771091e+00
1.764018363018722502e+00 2.240876222544067708e+00 9.500499339975834179e-01 4.105925817514289311e-01 7.610053578687171472e-01 3.336605682970575915e-01 3.130657156937766139e-01 6.535896464830812658e-01 2.269728247076840955e+00 -1.871813667038714490e-01 1.549415045507524791e-01 -1.980763374581494984e+00 1.230255885937334037e+00 -3.022893306348451437e-01 -1.706251298520951254e+00 -4.380418902362812061e-01 -1.613855698714693032e+00 3.868980954641693115e-01 -2.816753497232438522e-02 3.026901730446062699e-01 -6.724476027069861139e-01 -1.726235246568353698e+00 -1.630149276870913821e+00 5.193473573361911261e-02 1.139382743403789533e+00 -6.847582141327490657e-01 -3.115560310660006604e-01 9.008070049906479193e-01 1.488239945669091346e+00 -1.799168121520962338e-01 -4.031392070268478567e-01 9.765066445634623671e-01 1.049606592542889731e-02 4.019828384337907345e-01 -1.270469713705093318e+00 1.943588431020829344e+00 1.922928425038507916e+00 9.060330416192327041e-01 -2.679138046242283688e-01 -1.550277755906575017e-01 3.764116230259144658e-01 1.326348524898266046e+00 -4.351434420106162215e-01 4.074465079269536383e-01 -6.743636252117759522e-01 6.764037477940041398e-01 3.960125301330702507e-01 4.393939846471257016e-01 2.383119468981811817e+00 1.116992309128122196e+00 -6.823499707524832703e-02 -8.263798420190278105e-01 1.126602746958001777e+00 -4.378088918066245783e-01 9.493924541046995236e-01 8.443326024394419704e-01 1.187966600793811001e+00 3.187399122672323615e-01 -1.034234455825843835e+00 -6.894603869707074395e-01 -3.539825195381648970e-01 -2.223375915462726393e+00 -1.104331476281338764e+00 1.542977764276644459e+00 -3.927369344188008649e-02 -1.715860180369347676e-01 2.163212019097023653e+00 -2.393691465357044024e-01 6.401223819549294314e-01 -7.380022010660910459e-01 9.102725615954266880e-01 -4.664096532132876449e-01 -1.701840999560976647e-02 -4.226115870498670796e-02 -4.635880825574514863e-01 6.326404265244306435e-02 -5.972873006571506327e-01 -4.932933141839767055e-01 -1.156161540423824796e+00 -2.069948194179677792e+00 -6.374135926858022216e-01 -2.977911681546111522e-01 1.152296598394479066e+00 -1.466393715441903556e+00 1.419625043820517407e-01 6.947290461687622987e-01 -1.582905972854788290e+00 -5.068344760860170606e-01 -1.936260106733819208e+00 8.842198677449987498e-02 3.990454320657265130e-01 3.898324491083597354e-01 4.937324538998607570e-01 2.064461462240023248e+00 -6.920139133410404542e-01 6.088308684874609300e-01 6.898023151117084195e-01 -4.810189746851448178e-01 -1.359597917190746574e-01 5.829221155837711610e-01
4.001457733704525954e-01 1.867540298689804423e+00 -1.513564670817975355e-01 1.440426750230800190e-01 1.216782482185494174e-01 1.494039863888001474e+00 -8.540850499686395425e-01 8.644249200872168304e-01 -1.454349938731588132e+00 1.532754742492413724e+00 3.781529750993726791e-01 -3.478957222446166231e-01 1.202353766585625428e+00 -1.048521459048828985e+00 1.950753891331357792e+00 -1.252755516330259722e+00 -2.127170477871569154e-01 -5.108020793370134927e-01 4.283230064694227845e-01 -6.343552146619269028e-01 -3.595164088347095888e-01 1.774313969815364267e-01 4.627812790813288224e-01 7.290557040245991827e-01 -1.234798681068902226e+00 -8.707618549580189438e-01 5.615547863793945299e-02 4.656461649100204214e-01 1.895870153690542903e+00 -1.070730953454802847e+00 1.222413104052329391e+00 3.562782798462966194e-01 1.785822164224366349e+00 1.883124125990117248e+00 9.693598394766799187e-01 -4.136147374144695243e-01 1.480505420156366325e+00 -8.612144859581180034e-01 8.023938369340748444e-01 6.141631324490348653e-01 -1.099354032723216745e+00 -6.945564968401077843e-01 1.849222301447407846e+00 -7.698899457891290599e-01 3.178249698827510794e-02 5.765781937665016565e-01 -1.093024137411169328e+00 1.666649955206136735e-01 9.444760308400171889e-01 -1.315875253799535516e+00 1.713309420454248055e+00 -9.841928568598246052e-02 -1.079906007895044207e+00 -4.980237833964090699e-01 8.755212318821671558e-02 -1.000183590681031687e+00 3.169366885300647363e-01 8.568084962037464392e-01 6.815641657671908105e-01 -4.555128566212218733e-01 -1.374895333716546597e+00 6.252257801046894325e-01 5.216010325940526743e-02 -1.292832056593051560e+00 -1.168049946417738072e+00 7.717489878720794616e-01 1.336514104614875409e+00 1.099612490294005873e+00 -1.616909892935483484e+00 2.799055222705753021e-01 3.172650130230527110e-01 -9.443965730695208505e-01 3.791473552333132213e-01 -9.558990875126083253e-01 4.814595187733982651e-01 1.565111366855340691e-01 -2.379107895242230097e-01 -5.428437802604206830e-01 7.811899515141732531e-01 4.262363254341101637e-01 -3.973119711789101505e-01 -3.090025962733869425e-01 1.079600981953492189e+00 5.210401069336493274e-01 -3.193181249612916384e-01 -7.255969625050709970e-01 6.103614482511908745e-01 -5.962466818915179712e-01 1.887918719890880892e-01 -3.108769731517251889e-01 -2.772578721575420513e+00 -6.523411588344889545e-01 -1.161070656398675016e-01 -1.105332510404845869e-01 1.536338627792713130e+00 -1.045229360550119502e+00 1.301802756492036472e+00 2.303888356424987016e+00 1.136861458114595269e+00 -3.994346988685870126e-01
9.787205845214702604e-01 -9.772686337720754013e-01 -1.032089202556528557e-01 1.454230446132235510e+00 4.438683331105784391e-01 -2.051574990617403282e-01 -2.552959203402852317e+00 -7.421356954225600822e-01 4.575767171839743852e-02 1.469328690445707464e+00 -8.877585422151046401e-01 1.563409937699825336e-01 -3.873350247734492213e-01 -1.419986669533684021e+00 -5.096496288133068875e-01 7.774690385558372663e-01 -8.954463042864883038e-01 -1.180610528802146231e+00 6.652869612821631085e-02 -3.628016964850339088e-01 -8.131088854777291930e-01 -4.017926976542360307e-01 -9.072859620517553791e-01 1.289770737202775019e-01 4.023225607902476963e-01 -5.788172420032176024e-01 -1.165119186839106202e+00 -1.536207211516886995e+00 1.178768819126568390e+00 1.054407024961900641e+00 2.082700880482562245e-01 7.066917751343797516e-01 1.269054435331706809e-01 -1.347735857032488438e+00 -1.173095097463589864e+00 -7.474436807861285503e-01 1.867543179902668493e+00 1.910035892600341789e+00 9.471364760432363639e-01 9.221384644607504288e-01 2.982326945333121926e-01 -1.496311939146851289e-01 6.722730852239134913e-01 5.392156547417342738e-01 -6.358429167819242833e-01 -2.082968915107950292e-01 -1.491227084017476168e+00 6.349949415981034351e-01 -9.128111438823117707e-01 -4.615736612767101232e-01 -7.447378741511377909e-01 -6.634656572249022499e-01 -1.147455240494629880e+00 1.929502312510497530e+00 -1.225414242234780016e+00 -1.544728928096704701e+00 9.208063739061460584e-01 -6.510077945748508066e-01 -8.033972685102976907e-01 1.738645869856610821e-02 -6.436006971259182752e-01 -1.602037993215216449e+00 -7.395419671216694191e-01 2.670437225126764402e-01 5.232599383350566846e-01 8.235639538991753605e-01 -3.691848584448319537e-01 6.552431281693450460e-01 -2.432593377085479416e-02 -9.816605588001428573e-02 7.861700206449128148e-01 -4.100518651944585757e-01 2.259277865611247105e+00 -3.459742288312830927e-01 -1.540755338717799905e+00 2.321635423479828653e-01 -1.424020900290278835e+00 4.160038646252030570e-01 1.494458958642986168e+00 6.768822188379214344e-01 -1.328142226424369743e-01 -1.675952046116148342e+00 -8.133363508383004703e-01 -5.758036667457716584e-01 6.914942313611328606e-01 -1.383339272257003705e+00 -1.188813281069955652e+00 -5.257859772186524588e-02 5.238841115457381070e-01 9.739699968714013445e-02 1.955902389641973382e+00 -3.908602064032927759e-01 -2.030645671944239616e+00 1.020157702423514667e+00 2.863378391138916013e-01 1.211112744807580910e+00 -6.280736318973961785e-01 -1.060003063371219412e+00 9.773611045947826204e-02 3.700423210704077981e-01
