# 
#                 ----------------------------------------------------
#                 Data from a 3D direct N-body simulation. 
# 
#                 rows are i-particle; 
#                 coumns are :mass, tag, x ,y, z, vx, vy, vz, ax, ay, az
# 
#                 NTHU, Computational Physics Lab
# 
#                 ----------------------------------------------------
#                 Time = 9.699999999999838
1.000000000000000000e+00 2.000000000000000000e+00 3.000000000000000000e+00 4.000000000000000000e+00 5.000000000000000000e+00 6.000000000000000000e+00 7.000000000000000000e+00 8.000000000000000000e+00 9.000000000000000000e+00 1.000000000000000000e+01 1.100000000000000000e+01 1.200000000000000000e+01 1.300000000000000000e+01 1.400000000000000000e+01 1.500000000000000000e+01 1.600000000000000000e+01 1.700000000000000000e+01 1.800000000000000000e+01 1.900000000000000000e+01 2.000000000000000000e+01 2.100000000000000000e+01 2.200000000000000000e+01 2.300000000000000000e+01 2.400000000000000000e+01 2.500000000000000000e+01 2.600000000000000000e+01 2.700000000000000000e+01 2.800000000000000000e+01 2.900000000000000000e+01 3.000000000000000000e+01 3.100000000000000000e+01 3.200000000000000000e+01 3.300000000000000000e+01 3.400000000000000000e+01 3.500000000000000000e+01 3.600000000000000000e+01 3.700000000000000000e+01 3.800000000000000000e+01 3.900000000000000000e+01 4.000000000000000000e+01 4.100000000000000000e+01 4.200000000000000000e+01 4.300000000000000000e+01 4.400000000000000000e+01 4.500000000000000000e+01 4.600000000000000000e+01 4.700000000000000000e+01 4.800000000000000000e+01 4.900000000000000000e+01 5.000000000000000000e+01 5.100000000000000000e+01 5.200000000000000000e+01 5.300000000000000000e+01 5.400000000000000000e+01 5.500000000000000000e+01 5.600000000000000000e+01 5.700000000000000000e+01 5.800000000000000000e+01 5.900000000000000000e+01 6.000000000000000000e+01 6.100000000000000000e+01 6.200000000000000000e+01 6.300000000000000000e+01 6.400000000000000000e+01 6.500000000000000000e+01 6.600000000000000000e+01 6.700000000000000000e+01 6.800000000000000000e+01 6.900000000000000000e+01 7.000000000000000000e+01 7.100000000000000000e+01 7.200000000000000000e+01 7.300000000000000000e+01 7.400000000000000000e+01 7.500000000000000000e+01 7.600000000000000000e+01 7.700000000000000000e+01 7.800000000000000000e+01 7.900000000000000000e+01 8.000000000000000000e+01 8.100000000000000000e+01 8.200000000000000000e+01 8.300000000000000000e+01 8.400000000000000000e+01 8.500000000000000000e+01 8.600000000000000000e+01 8.700000000000000000e+01 8.800000000000000000e+01 8.900000000000000000e+01 9.000000000000000000e+01 9.100000000000000000e+01 9.200000000000000000e+01 9.300000000000000000e+01 9.400000000000000000e+01 9.500000000000000000e+01 9.600000000000000000e+01 9.700000000000000000e+01 9.800000000000000000e+01 9.900000000000000000e+01 1.000000000000000000e+02
2.000000000000000111e-01 2.000000000000000111e-01 2.000000000000000111e-01 2.000000000000000111e-01 2.000000000000000111e-01 2.000000000000000111e-01 2.000000000000000111e-01 2.000000000000000111e-01 2.000000000000000111e-01 2.000000000000000111e-01 2.000000000000000111e-01 2.000000000000000111e-01 2.000000000000000111e-01 2.000000000000000111e-01 2.000000000000000111e-01 2.000000000000000111e-01 2.000000000000000111e-01 2.000000000000000111e-01 2.000000000000000111e-01 2.000000000000000111e-01 2.000000000000000111e-01 2.000000000000000111e-01 2.000000000000000111e-01 2.000000000000000111e-01 2.000000000000000111e-01 2.000000000000000111e-01 2.000000000000000111e-01 2.000000000000000111e-01 2.000000000000000111e-01 2.000000000000000111e-01 2.000000000000000111e-01 2.000000000000000111e-01 2.000000000000000111e-01 2.000000000000000111e-01 2.000000000000000111e-01 2.000000000000000111e-01 2.000000000000000111e-01 2.000000000000000111e-01 2.000000000000000111e-01 2.000000000000000111e-01 2.000000000000000111e-01 2.000000000000000111e-01 2.000000000000000111e-01 2.000000000000000111e-01 2.000000000000000111e-01 2.000000000000000111e-01 2.000000000000000111e-01 2.000000000000000111e-01 2.000000000000000111e-01 2.000000000000000111e-01 2.000000000000000111e-01 2.000000000000000111e-01 2.000000000000000111e-01 2.000000000000000111e-01 2.000000000000000111e-01 2.000000000000000111e-01 2.000000000000000111e-01 2.000000000000000111e-01 2.000000000000000111e-01 2.000000000000000111e-01 2.000000000000000111e-01 2.000000000000000111e-01 2.000000000000000111e-01 2.000000000000000111e-01 2.000000000000000111e-01 2.000000000000000111e-01 2.000000000000000111e-01 2.000000000000000111e-01 2.000000000000000111e-01 2.000000000000000111e-01 2.000000000000000111e-01 2.000000000000000111e-01 2.000000000000000111e-01 2.000000000000000111e-01 2.000000000000000111e-01 2.000000000000000111e-01 2.000000000000000111e-01 2.000000000000000111e-01 2.000000000000000111e-01 2.000000000000000111e-01 2.000000000000000111e-01 2.000000000000000111e-01 2.000000000000000111e-01 2.000000000000000111e-01 2.000000000000000111e-01 2.000000000000000111e-01 2.000000000000000111e-01 2.000000000000000111e-01 2.000000000000000111e-01 2.000000000000000111e-01 2.000000000000000111e-01 2.000000000000000111e-01 2.000000000000000111e-01 2.000000000000000111e-01 2.000000000000000111e-01 2.000000000000000111e-01 2.000000000000000111e-01 2.000000000000000111e-01 2.000000000000000111e-01 2.000000000000000111e-01
1.020526567513143021e+02 1.296395721234314919e+02 5.496299107594258970e+01 2.375372329940646310e+01 4.402627074237151561e+01 1.930318198992600998e+01 1.811152722800969528e+01 3.781199349013975564e+01 1.313088808330188044e+02 -1.082886803860215608e+01 8.963784414922498556e+00 -1.145917848646043780e+02 7.117341705672006924e+01 -1.748828580890745243e+01 -9.871045687858156725e+01 -2.534217282186865106e+01 -9.336557773060934551e+01 2.238292286231181549e+01 -1.629799663836889678e+00 1.750752673284140926e+01 -3.890269087689240735e+01 -9.986705355023379127e+01 -9.430831240612104693e+01 3.004712319162768264e+00 6.591593269632210195e+01 -3.961554916500016787e+01 -1.802409554671619318e+01 5.211386337400881530e+01 8.609794014706371001e+01 -1.040869292783461830e+01 -2.332307173936958478e+01 5.649516583737977271e+01 6.072862212627009315e-01 2.325564229007536099e+01 -7.349953746368419161e+01 1.124411324028141195e+02 1.112455828165330018e+02 5.241606648004697178e+01 -1.550088732583816764e+01 -8.968373612030598352e+00 2.177642068442609968e+01 7.673261705371753294e+01 -2.517411217846307281e+01 2.357187655899088696e+01 -3.901279109766217346e+01 3.913184617891641892e+01 2.291003769902603793e+01 2.541980389813855723e+01 1.378687772485882022e+02 6.462070291430276825e+01 -3.947646901701161948e+00 -4.780876683589825404e+01 6.517684292081493425e+01 -2.532833166377591638e+01 5.492478214264119885e+01 4.884688875545999309e+01 6.872737846240845272e+01 1.843954872346889573e+01 -5.983272612572420002e+01 -3.988821802481211165e+01 -2.047880824596225224e+01 -1.286273180572547403e+02 -6.388872226061264570e+01 8.926505345098537703e+01 -2.272218934471281759e+00 -9.925927226980549634e+00 1.251466570546508308e+02 -1.384816651152115696e+01 3.703254763186248510e+01 -4.269542869979451893e+01 5.265953819908389733e+01 -2.698291522045372659e+01 -9.845840012225057780e-01 -2.444826483102505499e+00 -2.681965521370114303e+01 3.659919709619229966e+00 -3.455478428268184388e+01 -2.853848154506919244e+01 -6.688667070657439240e+01 -1.197513731125575873e+02 -3.687608163523830740e+01 -1.722782462571949935e+01 6.666331537589609013e+01 -8.483440340052040085e+01 8.212662959620608660e+00 4.019184146874585650e+01 -9.157490718328506318e+01 -2.932110494919536947e+01 -1.120169516644576362e+02 5.115394904442654322e+00 2.308561183232225389e+01 2.255705144358539727e+01 2.856359324590940574e+01 1.194338619860791368e+02 -4.003503494244304761e+01 3.522233445936441854e+01 3.990674769748353867e+01 -2.782807233912723177e+01 -7.865380932345001241e+00 3.372377644331227486e+01
2.314944785462757437e+01 1.080413357528657059e+02 -8.756294512024574317e+00 8.333179284854523416e+00 7.039281100527388979e+00 8.643393604523093643e+01 -4.941075289140894000e+01 5.000894559628338243e+01 -8.413739311466569859e+01 8.867342038350210487e+01 2.187708721875262086e+01 -2.012676022287678990e+01 6.955907400734020030e+01 -6.065965194408443040e+01 1.128554775420494707e+02 -7.247515270770571760e+01 -1.230651258410563287e+01 -2.955099946158813751e+01 2.477951479630487697e+01 -3.669818473360904676e+01 -2.079938663399133247e+01 1.026468063605122438e+01 2.677286229261043715e+01 4.217796017693893873e+01 -7.143609680451348254e+01 -5.037595888404798927e+01 3.248877389293416407e+00 2.693886213176680045e+01 1.096802985847645857e+02 -6.194434932757474854e+01 7.071964792628750729e+01 2.061292935688900130e+01 1.033142954592880045e+02 1.089430431931049412e+02 5.608008122380208960e+01 -2.392853266875272311e+01 8.565043304152412418e+01 -4.982321405192922725e+01 4.642119311912389890e+01 3.552917053495151833e+01 -6.360068005506040834e+01 -4.018171051895632928e+01 1.069820059193840649e+02 -4.454015621096780819e+01 1.839500539864040940e+00 3.335644526787646669e+01 -6.323432292174576475e+01 9.642056280717691052e+00 5.463993336417870950e+01 -7.612662811625115467e+01 9.911902886969673432e+01 -5.694323147190390344e+00 -6.247521025085976731e+01 -2.881184429010788506e+01 5.065054800636668908e+00 -5.786321144802072780e+01 1.833553793235403617e+01 4.956850425571018803e+01 3.943040064165523972e+01 -2.635268695573218523e+01 -7.954146574233716649e+01 3.617068958122641931e+01 3.017653581265695273e+00 -7.479340765152718973e+01 -6.757482492243352112e+01 4.464796839328779043e+01 7.732031637202585728e+01 6.361563828655671671e+01 -9.354233722921424032e+01 1.619343286178148844e+01 1.835363396400963865e+01 -5.463612312737443233e+01 2.193452628251589687e+01 -5.530150301204132290e+01 2.785379371635939094e+01 9.054411836914956879e+00 -1.376381303818267199e+01 -3.140492660869628949e+01 4.519357880788143689e+01 2.465902646460409997e+01 -2.298462847019026967e+01 -1.787661014385528446e+01 6.245742961694111983e+01 3.014365977456929002e+01 -1.847338324955558519e+01 -4.197727881140475148e+01 3.531096612488607889e+01 -3.449523908360845326e+01 1.092177091300285952e+01 -1.798502670726930575e+01 -1.603996016282383437e+02 -3.774042184742574335e+01 -6.716978567632662767e+00 -6.394701182634944914e+00 8.888099293537767664e+01 -6.046906967799459665e+01 7.531269785519867810e+01 1.332851466097822595e+02 6.577027472757050930e+01 -2.310835999720387690e+01
5.662128824165140628e+01 -5.653715118482824664e+01 -5.971016601464905094e+00 8.413094515270772433e+01 2.567860619088276053e+01 -1.186879490482134436e+01 -1.476944443460689058e+02 -4.293457032751496172e+01 2.647189499336624063e+00 8.500418866148551444e+01 -5.135911446733709340e+01 9.044782686434746921e+00 -2.240798556334840086e+01 -8.214967181777619487e+01 -2.948431924605164767e+01 4.497854039680704830e+01 -5.180374903697760658e+01 -6.830110779738660653e+01 3.848626207982086100e+00 -2.098778991494513946e+01 -4.704065221236327687e+01 -2.324433110808051595e+01 -5.248856385107936973e+01 7.461687438082218904e+00 2.327550955584102965e+01 -3.348631573129065231e+01 -6.740505502030632101e+01 -8.887335702446641506e+01 6.819437560502186102e+01 6.100036853484407118e+01 1.204893475981733175e+01 4.088154739979893293e+01 7.341853199716669387e+00 -7.796967700071566298e+01 -6.786643788576037650e+01 -4.324133857840799777e+01 1.080414699222500019e+02 1.104999864178575990e+02 5.479575243885902580e+01 5.334876126294994947e+01 1.725346598207998383e+01 -8.656528251086717418e+00 3.889274488391543372e+01 3.119530164715307308e+01 -3.678486996314447310e+01 -1.205043389721963187e+01 -8.627106292607582816e+01 3.673638008273284328e+01 -5.280818448717840852e+01 -2.670316873378274991e+01 -4.308490109765408960e+01 -3.838306327656675165e+01 -6.638286614112577411e+01 1.116261702989921645e+02 -7.089308802485575711e+01 -8.936645269261180147e+01 5.327142886725911097e+01 -3.766243831777180162e+01 -4.647838985530168543e+01 1.007420094885402628e+00 -3.723392097263646150e+01 -9.268151663649251759e+01 -4.278437667705840397e+01 1.544914838645472166e+01 3.027194463749274433e+01 4.764384479790579263e+01 -2.135804949529736518e+01 3.790750875072397719e+01 -1.407308380877207554e+00 -5.678841011247421910e+00 4.548423708274335553e+01 -2.372230402061697063e+01 1.307043849497694339e+02 -2.001544679135704285e+01 -8.913656399885040571e+01 1.343143452730179277e+01 -8.238320906107848884e+01 2.406746216630772039e+01 8.645794973507341297e+01 3.915946324559197222e+01 -7.684704603871009176e+00 -9.695814227015458187e+01 -4.705365010051205132e+01 -3.331115541846838823e+01 4.000511634931321225e+01 -8.002943271582775253e+01 -6.877606769653716867e+01 -3.041587374024340207e+00 3.030788740629801836e+01 5.634669970567613539e+00 1.131531316027909355e+02 -2.261365151440445942e+01 -1.174776750483709549e+02 5.901846978789468778e+01 1.656533051697957148e+01 7.006590881278003735e+01 -3.633558413303518364e+01 -6.132356731947497508e+01 5.654044735409485156e+00 2.140793769336635322e+01
1.889269511545602498e+01 2.399981354155863400e+01 1.017510098152116527e+01 4.397456732672003987e+00 8.150423052217977471e+00 3.573528351023704808e+00 3.352937230712834449e+00 6.999994905986070215e+00 2.430883489190584612e+01 -2.004716708456164120e+00 1.659433697498129412e+00 -2.121403265959348516e+01 1.317610038274507112e+01 -3.237541812274672193e+00 -1.827398389966773351e+01 -4.691484390548382954e+00 -1.728446702556029635e+01 4.143686173271039053e+00 -3.016995728946966771e-01 3.241435553552849846e+00 -7.201935915698143731e+00 -1.848806093892224567e+01 -1.745898315316912175e+01 5.562393554504372339e-01 1.220282003786639891e+01 -7.333849702689515304e+00 -3.336759074067557229e+00 9.647676530541174245e+00 1.593907088361892121e+01 -1.926922857429447022e+00 -4.317685821304344529e+00 1.045861410954211124e+01 1.124196680046322117e-01 4.305247422055732187e+00 -1.360675692164774908e+01 2.081588843099627439e+01 2.059458682526295092e+01 9.703633855264971686e+00 -2.869510960931577870e+00 -1.660317046001669850e+00 4.031392403856007611e+00 1.420525697773809348e+01 -4.660403651632736732e+00 4.363778463416825737e+00 -7.222381144218569915e+00 7.244334957555014221e+00 4.241284190787954600e+00 4.705905645928858405e+00 2.552325303640267506e+01 1.196302887233836998e+01 -7.308081843892588747e-01 -8.850629083349897286e+00 1.206597247874216983e+01 -4.688952413215750958e+00 1.016804194776964998e+01 9.042854414433511678e+00 1.272323098836264066e+01 3.413683372085857926e+00 -1.107666544378282936e+01 -7.384274522329651980e+00 -3.791172376806920763e+00 -2.381240289920669184e+01 -1.182747931530972707e+01 1.652535520262001967e+01 -4.206369507220985016e-01 -1.837617946084880716e+00 2.316804188198961612e+01 -2.563660812049505910e+00 6.855726437716011645e+00 -7.904052948815074586e+00 9.748857807142385923e+00 -4.995263623362874661e+00 -1.822706175000664286e-01 -4.526101174811608119e-01 -4.965041937839701269e+00 6.775543742482229570e-01 -6.396996470523507838e+00 -5.283217091335521864e+00 -1.238252602908792710e+01 -2.216920850726290837e+01 -6.826739867291570008e+00 -3.189342913001348645e+00 1.234115670833062417e+01 -1.570512934184736231e+01 1.520402355475832801e+00 7.440582650119251795e+00 -1.695297873644956610e+01 -5.428166050953133315e+00 -2.073737962138710955e+01 9.469996506147982940e-01 4.273778148675268618e+00 4.175554996326106050e+00 5.287890616698383006e+00 2.211043626415102992e+01 -7.411530816986325654e+00 6.520600901852422915e+00 7.387810054245119495e+00 -5.151727225417224609e+00 -1.456112008917295642e+00 6.243150146385572086e+00
4.285580900191486187e+00 2.000138702657258349e+01 -1.621029037144338547e+00 1.542698590733553532e+00 1.303168478672388497e+00 1.600123437853802244e+01 -9.147269269771490130e+00 9.258010291638191447e+00 -1.557611490793882858e+01 1.641584538134835469e+01 4.050034778725609463e+00 -3.725991438457541882e+00 1.287725369932373809e+01 -1.122971901392663518e+01 2.089261116070153079e+01 -1.341708010818320496e+01 -2.278239539985449813e+00 -5.470695528671651431e+00 4.587354643411246435e+00 -6.793887221934960863e+00 -3.850483954061760361e+00 1.900281223355527960e+00 4.956389176201018820e+00 7.808246546600589255e+00 -1.322474055106141755e+01 -9.325920168057580284e+00 6.014421412075718898e-01 4.987098417892210200e+00 2.030480206253102438e+01 -1.146756577785413889e+01 1.309209932469140369e+01 3.815892078044502700e+00 1.912623850187774366e+01 2.016830508898683760e+01 1.038190729263864931e+01 -4.429821135805285692e+00 1.585622916748051381e+01 -9.223626405925321237e+00 8.593745628208584009e+00 6.577543022161944641e+00 -1.177416211096758047e+01 -7.438719624116911788e+00 1.980524209945288305e+01 -8.245566258143975702e+00 3.404732258448072146e-01 6.175174165130122184e+00 -1.170635278780886601e+01 1.784996721389624286e+00 1.011534423437813501e+01 -1.409307927473123812e+01 1.834960116792611373e+01 -1.054127736731797160e+00 -1.156583720318811004e+01 -5.333849627072837940e+00 9.376817222507687344e-01 -1.071202087682382142e+01 3.394402121296163699e+00 9.176457031144863663e+00 7.299604419324079885e+00 -4.878576498779898962e+00 -1.472522527063755149e+01 6.696177858349975587e+00 5.586432658296508480e-01 -1.384627407131112875e+01 -1.250988983072828731e+01 8.265503165702241972e+00 1.431408987215355211e+01 1.177693079137186594e+01 -1.731718432959621623e+01 2.997820954374943003e+00 3.397827656930657803e+00 -1.011457274975420795e+01 4.060675708284732899e+00 -1.023775819408504795e+01 5.156469207048783865e+00 1.676226361887915628e+00 -2.548043372153175223e+00 -5.813887321805450981e+00 8.366558398234843708e+00 4.565029584308704536e+00 -4.255142109636757652e+00 -3.309435646721575530e+00 1.156255680406599495e+01 5.580382147481987687e+00 -3.419914819813370421e+00 -7.771144181333463408e+00 6.537001951724083604e+00 -6.385917831209527051e+00 2.021938113252949254e+00 -3.329508203250891807e+00 -2.969434224654373722e+01 -6.986689934934486423e+00 -1.243501295464143341e+00 -1.183823856836856647e+00 1.645425279421344555e+01 -1.119444773885212641e+01 1.394238229302110099e+01 2.467469304149471654e+01 1.217583764824063586e+01 -4.277970271567337335e+00
1.048212738583976211e+01 -1.046656297012006931e+01 -1.105384617662185320e+00 1.557488213875201133e+01 4.753821072063622033e+00 -2.197238130167166847e+00 -2.734224571881546950e+01 -7.948323735503787013e+00 4.900661184024091566e-01 1.573656200849910114e+01 -9.507940777992576642e+00 1.674425760006261310e+00 -4.148343998217005613e+00 -1.520811100815972772e+01 -5.458351915376199237e+00 8.326730066158516408e+00 -9.590264759145991746e+00 -1.264437600786690652e+01 7.125025989443779517e-01 -3.885501809145902374e+00 -8.708460484433961923e+00 -4.303179562353107279e+00 -9.717053982871647122e+00 1.381354499222835930e+00 4.308907443039132090e+00 -6.199188430779540404e+00 -1.247847921259903892e+01 -1.645284196889459594e+01 1.262463254520363343e+01 1.129277612198269765e+01 2.230581054574908517e+00 7.568464619438194596e+00 1.359168736301413771e+00 -1.443429093769650606e+01 -1.256389718081461737e+01 -8.005140964861203301e+00 2.000141459766943086e+01 2.045653439097858595e+01 1.014403036712079498e+01 9.876220286235041002e+00 3.194081581877008524e+00 -1.602555842426192978e+00 7.200082016557313835e+00 5.775057343336322369e+00 -6.809883070937020833e+00 -2.230862913860216512e+00 -1.597109454207657109e+01 6.800858594460264861e+00 -9.776226410265076439e+00 -4.943472734249896305e+00 -7.976171781015915840e+00 -7.105738912219504932e+00 -1.228926869225719543e+01 2.066502091906748362e+01 -1.312422312756157972e+01 -1.654411934812081952e+01 9.861926480769060532e+00 -6.972324091327963380e+00 -8.604406064885029792e+00 1.863684745658828190e-01 -6.892993918814402932e+00 -1.715786072476573665e+01 -7.920530637387228623e+00 2.860050559706826867e+00 5.604142699862301846e+00 8.820267003291734298e+00 -3.953964638785397945e+00 7.017689335894004010e+00 -2.605310786153145486e-01 -1.051331513518185989e+00 8.420152860344698453e+00 -4.391651736836733377e+00 2.419691940393877516e+01 -3.705396970436025672e+00 -1.650156135625250187e+01 2.486501627897930611e+00 -1.525133265296109109e+01 4.455480820542635279e+00 1.600569945220025048e+01 7.249452967634458567e+00 -1.422554514705067552e+00 -1.794953543802956375e+01 -8.710880318471570405e+00 -6.166830271142308639e+00 7.405979788644317274e+00 -1.481560605757628224e+01 -1.273226932017803215e+01 -5.630973443336358963e-01 5.610810720700769139e+00 1.043127312401790796e+00 2.094773165203101684e+01 -4.186273306423561991e+00 -2.174828187171125649e+01 1.092591480747063670e+01 3.066688317852106049e+00 1.297107347107694331e+01 -6.726692551942427656e+00 -1.135265475353553555e+01 1.046734575852496851e+00 3.963176591876905963e+00
1.764018348695023608e+00 2.240876215388562631e+00 9.500499177761154712e-01 4.105925792561448961e-01 7.610053442251127898e-01 3.336605624973825734e-01 3.130657148567204673e-01 6.535896342779106138e-01 2.269728235959109330e+00 -1.871813656571248152e-01 1.549415020550635458e-01 -1.980763360632654235e+00 1.230255871270461876e+00 -3.022893249781720693e-01 -1.706251290558082445e+00 -4.380418765730427211e-01 -1.613855680948546700e+00 3.868980936092686340e-01 -2.816752877692289478e-02 3.026902662791176590e-01 -6.724475972943785296e-01 -1.726235226606943618e+00 -1.630149256185640771e+00 5.193473123922973805e-02 1.139382735842662475e+00 -6.847581922593752868e-01 -3.115560325417977006e-01 9.008069967789865684e-01 1.488239940506621783e+00 -1.799168087708473696e-01 -4.031391911137373607e-01 9.765065883913809364e-01 1.049606425838710798e-02 4.019828356834747596e-01 -1.270469707263089498e+00 1.943588417214884956e+00 1.922928419305590886e+00 9.060330367228583981e-01 -2.679137667747435447e-01 -1.550277830723491013e-01 3.764116171628971164e-01 1.326348509145850008e+00 -4.351434377493670902e-01 4.074465014656437067e-01 -6.743636382967510556e-01 6.764037353393193008e-01 3.960125325868628643e-01 4.393939856125902432e-01 2.383119458315478667e+00 1.116992299020904023e+00 -6.823499428971645242e-02 -8.263798172483487470e-01 1.126602732973802201e+00 -4.378088871057154718e-01 9.493924421538210145e-01 8.443325896344189285e-01 1.187966574143446641e+00 3.187399174384448197e-01 -1.034234452292452699e+00 -6.894603492462559879e-01 -3.539825147366276736e-01 -2.223375903982562019e+00 -1.104331454415318436e+00 1.542977748751008349e+00 -3.927368959551519323e-02 -1.715860348336084029e-01 2.163212009010742065e+00 -2.393691423073370517e-01 6.401223781007512326e-01 -7.380021889654609923e-01 9.102726014501918428e-01 -4.664096492385729764e-01 -1.701840915100441554e-02 -4.226116039418707088e-02 -4.635880792309464704e-01 6.326404351522658953e-02 -5.972872885294682188e-01 -4.932933029848858841e-01 -1.156161531618235205e+00 -2.069948178653092885e+00 -6.374135828245722779e-01 -2.977911682777262814e-01 1.152296583655382234e+00 -1.466393702539715349e+00 1.419625083201279947e-01 6.947290376979396997e-01 -1.582905959187365319e+00 -5.068344837529628055e-01 -1.936260098433350452e+00 8.842198673247696206e-02 3.990454316806649193e-01 3.898323379163864955e-01 4.937324499700432301e-01 2.064461449005283278e+00 -6.920138981933839917e-01 6.088308630222055706e-01 6.898023084312548958e-01 -4.810189712525637096e-01 -1.359597959780551313e-01 5.829221022781262418e-01
4.001457685503475581e-01 1.867540291232915317e+00 -1.513564667694576871e-01 1.440426746453848106e-01 1.216782495826247146e-01 1.494039847361162687e+00 -8.540850454631317978e-01 8.644249153340403113e-01 -1.454349932099026299e+00 1.532754732177578072e+00 3.781529710764934271e-01 -3.478957153204613184e-01 1.202353755591587081e+00 -1.048521445768803240e+00 1.950753882267644901e+00 -1.252755499535035399e+00 -2.127170379939892220e-01 -5.108020780489054280e-01 4.283230027345126811e-01 -6.343552288745589740e-01 -3.595163933379212917e-01 1.774313991971596671e-01 4.627812786721329785e-01 7.290556893272783778e-01 -1.234798669629868506e+00 -8.707618400828995853e-01 5.615547447968928518e-02 4.656461580495583341e-01 1.895870145672798435e+00 -1.070730944322372258e+00 1.222413090576538242e+00 3.562782424840918449e-01 1.785822143852710209e+00 1.883124114790504677e+00 9.693598239350984525e-01 -4.136147356259469721e-01 1.480505416206519875e+00 -8.612144812377634517e-01 8.023938105058284753e-01 6.141631678470861333e-01 -1.099354013012915132e+00 -6.945564920507746320e-01 1.849222283985471504e+00 -7.698899347758809686e-01 3.178247670156102850e-02 5.765781884461494977e-01 -1.093024121657899528e+00 1.666649919374437738e-01 9.444760293834175702e-01 -1.315875240245449662e+00 1.713309406417755199e+00 -9.841927165099671748e-02 -1.079905997146286545e+00 -4.980237797431740221e-01 8.755212356039741850e-02 -1.000183577293180637e+00 3.169366860336765845e-01 8.568084868822137823e-01 6.815641529729012937e-01 -4.555128483217482094e-01 -1.374895310128099846e+00 6.252257777144122342e-01 5.216010116037312488e-02 -1.292832046117231348e+00 -1.168049928060229226e+00 7.717489703243933796e-01 1.336514098779377768e+00 1.099612470435352929e+00 -1.616909873482348159e+00 2.799055142288670028e-01 3.172650329659746915e-01 -9.443965521251681539e-01 3.791473533870250989e-01 -9.558990681595200822e-01 4.814595095187807483e-01 1.565111386268877303e-01 -2.379107849126098351e-01 -5.428437728012115437e-01 7.811899480788992989e-01 4.262363159858723050e-01 -3.973119881550212784e-01 -3.090025919007020616e-01 1.079600974531185864e+00 5.210400964924046807e-01 -3.193181206232830194e-01 -7.255969623326415929e-01 6.103614406913969725e-01 -5.962466534701772458e-01 1.887918775888173528e-01 -3.108769692744116631e-01 -2.772578715659971937e+00 -6.523411301632344728e-01 -1.161070669577957681e-01 -1.105332479185824474e-01 1.536338611595231107e+00 -1.045229350431731152e+00 1.301802738166404350e+00 2.303888344479304795e+00 1.136861445511385016e+00 -3.994346928285528175e-01
9.787205771875314708e-01 -9.772686298748776146e-01 -1.032089160690086160e-01 1.454230427981889617e+00 4.438683352646327074e-01 -2.051574987393609550e-01 -2.552959190499902498e+00 -7.421356830605075894e-01 4.575767136199559992e-02 1.469328677767202551e+00 -8.877585307477749987e-01 1.563409904084780422e-01 -3.873350282341850859e-01 -1.419986656354169874e+00 -5.096496277372678518e-01 7.774690295710847687e-01 -8.954462957478726004e-01 -1.180610519675058701e+00 6.652870096723330351e-02 -3.628017223957419879e-01 -8.131088697121928721e-01 -4.017927026128467194e-01 -9.072859568258495599e-01 1.289770712596099711e-01 4.023225527473314189e-01 -5.788172283309915844e-01 -1.165119173918772066e+00 -1.536207196142297171e+00 1.178768814594726599e+00 1.054407006118174506e+00 2.082700859855342035e-01 7.066918255758176670e-01 1.269054407304714971e-01 -1.347735847252006458e+00 -1.173095085531269621e+00 -7.474436760946047142e-01 1.867543173251335453e+00 1.910035880351469650e+00 9.471364272588340683e-01 9.221384356816160199e-01 2.982326922247098833e-01 -1.496311925040239854e-01 6.722730760888073753e-01 5.392156406044665840e-01 -6.358429154569433805e-01 -2.082968907253223423e-01 -1.491227071157690043e+00 6.349949262133851580e-01 -9.128111392113975597e-01 -4.615736566638244942e-01 -7.447378670074839002e-01 -6.634656518976344008e-01 -1.147455234842248650e+00 1.929502299974757085e+00 -1.225414233267170250e+00 -1.544728910320264825e+00 9.208063517881870386e-01 -6.510077870734062300e-01 -8.033972632857381280e-01 1.738641953399307563e-02 -6.436006896624513196e-01 -1.602037984927610292e+00 -7.395419582566001848e-01 2.670437195005859188e-01 5.232599312868460029e-01 8.235639792349033206e-01 -3.691848597181351943e-01 6.552431194870155240e-01 -2.432593369047370349e-02 -9.816606248387400868e-02 7.861699536305051250e-01 -4.100518661143227606e-01 2.259277852509070428e+00 -3.459742256506517788e-01 -1.540755321151049850e+00 2.321635349727144970e-01 -1.424020883426811990e+00 4.160038451566496764e-01 1.494458947858657627e+00 6.768822079534920766e-01 -1.328141945823715364e-01 -1.675952024297426624e+00 -8.133363390734642540e-01 -5.758036733647998728e-01 6.914942125946109686e-01 -1.383339261854225510e+00 -1.188813261685709444e+00 -5.257860248544495019e-02 5.238841086351405663e-01 9.739699835297585540e-02 1.955902385461454340e+00 -3.908601667342604946e-01 -2.030645655591705179e+00 1.020157696097125033e+00 2.863378366483499970e-01 1.211112731089770689e+00 -6.280736260269058624e-01 -1.060003057993236464e+00 9.773611515929496452e-02 3.700423153522774400e-01
