# 
#                 ----------------------------------------------------
#                 Data from a 3D direct N-body simulation. 
# 
#                 rows are i-particle; 
#                 coumns are :mass, tag, x ,y, z, vx, vy, vz, ax, ay, az
# 
#                 NTHU, Computational Physics Lab
# 
#                 ----------------------------------------------------
#                 Time = 6.899999999999897
1.000000000000000000e+00 2.000000000000000000e+00 3.000000000000000000e+00 4.000000000000000000e+00 5.000000000000000000e+00 6.000000000000000000e+00 7.000000000000000000e+00 8.000000000000000000e+00 9.000000000000000000e+00 1.000000000000000000e+01 1.100000000000000000e+01 1.200000000000000000e+01 1.300000000000000000e+01 1.400000000000000000e+01 1.500000000000000000e+01 1.600000000000000000e+01 1.700000000000000000e+01 1.800000000000000000e+01 1.900000000000000000e+01 2.000000000000000000e+01 2.100000000000000000e+01 2.200000000000000000e+01 2.300000000000000000e+01 2.400000000000000000e+01 2.500000000000000000e+01 2.600000000000000000e+01 2.700000000000000000e+01 2.800000000000000000e+01 2.900000000000000000e+01 3.000000000000000000e+01 3.100000000000000000e+01 3.200000000000000000e+01 3.300000000000000000e+01 3.400000000000000000e+01 3.500000000000000000e+01 3.600000000000000000e+01 3.700000000000000000e+01 3.800000000000000000e+01 3.900000000000000000e+01 4.000000000000000000e+01 4.100000000000000000e+01 4.200000000000000000e+01 4.300000000000000000e+01 4.400000000000000000e+01 4.500000000000000000e+01 4.600000000000000000e+01 4.700000000000000000e+01 4.800000000000000000e+01 4.900000000000000000e+01 5.000000000000000000e+01 5.100000000000000000e+01 5.200000000000000000e+01 5.300000000000000000e+01 5.400000000000000000e+01 5.500000000000000000e+01 5.600000000000000000e+01 5.700000000000000000e+01 5.800000000000000000e+01 5.900000000000000000e+01 6.000000000000000000e+01 6.100000000000000000e+01 6.200000000000000000e+01 6.300000000000000000e+01 6.400000000000000000e+01 6.500000000000000000e+01 6.600000000000000000e+01 6.700000000000000000e+01 6.800000000000000000e+01 6.900000000000000000e+01 7.000000000000000000e+01 7.100000000000000000e+01 7.200000000000000000e+01 7.300000000000000000e+01 7.400000000000000000e+01 7.500000000000000000e+01 7.600000000000000000e+01 7.700000000000000000e+01 7.800000000000000000e+01 7.900000000000000000e+01 8.000000000000000000e+01 8.100000000000000000e+01 8.200000000000000000e+01 8.300000000000000000e+01 8.400000000000000000e+01 8.500000000000000000e+01 8.600000000000000000e+01 8.700000000000000000e+01 8.800000000000000000e+01 8.900000000000000000e+01 9.000000000000000000e+01 9.100000000000000000e+01 9.200000000000000000e+01 9.300000000000000000e+01 9.400000000000000000e+01 9.500000000000000000e+01 9.600000000000000000e+01 9.700000000000000000e+01 9.800000000000000000e+01 9.900000000000000000e+01 1.000000000000000000e+02
2.000000000000000111e-01 2.000000000000000111e-01 2.000000000000000111e-01 2.000000000000000111e-01 2.000000000000000111e-01 2.000000000000000111e-01 2.000000000000000111e-01 2.000000000000000111e-01 2.000000000000000111e-01 2.000000000000000111e-01 2.000000000000000111e-01 2.000000000000000111e-01 2.000000000000000111e-01 2.000000000000000111e-01 2.000000000000000111e-01 2.000000000000000111e-01 2.000000000000000111e-01 2.000000000000000111e-01 2.000000000000000111e-01 2.000000000000000111e-01 2.000000000000000111e-01 2.000000000000000111e-01 2.000000000000000111e-01 2.000000000000000111e-01 2.000000000000000111e-01 2.000000000000000111e-01 2.000000000000000111e-01 2.000000000000000111e-01 2.000000000000000111e-01 2.000000000000000111e-01 2.000000000000000111e-01 2.000000000000000111e-01 2.000000000000000111e-01 2.000000000000000111e-01 2.000000000000000111e-01 2.000000000000000111e-01 2.000000000000000111e-01 2.000000000000000111e-01 2.000000000000000111e-01 2.000000000000000111e-01 2.000000000000000111e-01 2.000000000000000111e-01 2.000000000000000111e-01 2.000000000000000111e-01 2.000000000000000111e-01 2.000000000000000111e-01 2.000000000000000111e-01 2.000000000000000111e-01 2.000000000000000111e-01 2.000000000000000111e-01 2.000000000000000111e-01 2.000000000000000111e-01 2.000000000000000111e-01 2.000000000000000111e-01 2.000000000000000111e-01 2.000000000000000111e-01 2.000000000000000111e-01 2.000000000000000111e-01 2.000000000000000111e-01 2.000000000000000111e-01 2.000000000000000111e-01 2.000000000000000111e-01 2.000000000000000111e-01 2.000000000000000111e-01 2.000000000000000111e-01 2.000000000000000111e-01 2.000000000000000111e-01 2.000000000000000111e-01 2.000000000000000111e-01 2.000000000000000111e-01 2.000000000000000111e-01 2.000000000000000111e-01 2.000000000000000111e-01 2.000000000000000111e-01 2.000000000000000111e-01 2.000000000000000111e-01 2.000000000000000111e-01 2.000000000000000111e-01 2.000000000000000111e-01 2.000000000000000111e-01 2.000000000000000111e-01 2.000000000000000111e-01 2.000000000000000111e-01 2.000000000000000111e-01 2.000000000000000111e-01 2.000000000000000111e-01 2.000000000000000111e-01 2.000000000000000111e-01 2.000000000000000111e-01 2.000000000000000111e-01 2.000000000000000111e-01 2.000000000000000111e-01 2.000000000000000111e-01 2.000000000000000111e-01 2.000000000000000111e-01 2.000000000000000111e-01 2.000000000000000111e-01 2.000000000000000111e-01 2.000000000000000111e-01 2.000000000000000111e-01
5.606806244297937525e+01 7.122432901538024907e+01 3.019690410508989586e+01 1.305036737394914326e+01 2.418822722940002379e+01 1.060525204770387298e+01 9.950520589398015758e+00 2.077407919478149978e+01 7.214147788899036584e+01 -5.949412214735875892e+00 4.924740765326264480e+00 -6.295708587717547289e+01 3.910293909058108142e+01 -9.608142923228179200e+00 -5.423180706745259982e+01 -1.392314076849654647e+01 -5.129538443757920163e+01 1.229724211550453639e+01 -8.954576106245439870e-01 9.618052453626539489e+00 -2.137326492760650254e+01 -5.486732513226684205e+01 -5.181334478866136095e+01 1.650826297989387070e+00 3.621441696128276533e+01 -2.176502224559629184e+01 -9.902469777818232899e+00 2.863153256634977240e+01 4.730244227145396962e+01 -5.718582838200715557e+00 -1.281385716671161035e+01 3.103895250245698278e+01 3.336557329910271874e-01 1.277672224110656884e+01 -4.038085937514512835e+01 6.177551147638141060e+01 6.111861914471866442e+01 2.879754121935990696e+01 -8.516478833666511150e+00 -4.927194746876712550e+00 1.196405552895168967e+01 4.215718376874325912e+01 -1.383074425606566926e+01 1.295048718689104206e+01 -2.143362927553306818e+01 2.149921101685975700e+01 1.258681107747522354e+01 1.396569250720387956e+01 7.574549708883004939e+01 3.550283194605307102e+01 -2.168865180151455352e+00 -2.626641443841234036e+01 3.580840277956437490e+01 -1.391547577312586448e+01 3.017588313559923918e+01 2.683668022513404239e+01 3.775916082947204444e+01 1.013069572619643388e+01 -3.287226195784074889e+01 -2.191493416324924226e+01 -1.125113707818871411e+01 -7.066822355366383590e+01 -3.510075961347836682e+01 4.904253175419979272e+01 -1.248388359309992923e+00 -5.453214131234406459e+00 6.875593092240919191e+01 -7.608243301621908650e+00 2.034579335210683837e+01 -2.345704909824758744e+01 2.893100469178325085e+01 -1.482450292448843143e+01 -5.409384412866160563e-01 -1.343181892515773690e+00 -1.473480307878558548e+01 2.010762506999768551e+00 -1.898456041080845935e+01 -1.567918350587876475e+01 -3.674775108320559980e+01 -6.579178624799401121e+01 -2.025987131211849857e+01 -9.465005848207539429e+00 3.662507929111042415e+01 -4.660830463662180989e+01 4.512029372693202589e+00 2.208154792826376323e+01 -5.031155816526349867e+01 -1.610903113570612177e+01 -6.154242836146113405e+01 2.810410070970878138e+00 1.268329111058691794e+01 1.239364090198198909e+01 1.569293074719573333e+01 6.561732940791991098e+01 -2.199544322892224812e+01 1.935126895082329668e+01 2.192490463571687442e+01 -1.528883049637147096e+01 -4.321229681427956493e+00 1.852801075616160276e+01
1.271839277644117949e+01 5.935821006593797478e+01 -4.810730559676851037e+00 4.578270517732421219e+00 3.867388090222797281e+00 4.748711608858183553e+01 -2.714641234196262332e+01 2.747506247702679261e+01 -4.622532314703993706e+01 4.871745192927504320e+01 1.201934950967206994e+01 -1.105773544181933943e+01 3.821599043874041968e+01 -3.332664285414485761e+01 6.200312156629520643e+01 -3.981813006622148521e+01 -6.761292721287969876e+00 -1.623539613517808533e+01 1.361394798843369180e+01 -2.016197292202395985e+01 -1.142733591977190422e+01 5.639424281887701618e+00 1.470907521415800012e+01 2.317276823897425686e+01 -3.924723411681399199e+01 -2.767676891805912831e+01 1.784968879436106715e+00 1.480031954339870204e+01 6.025866383000555260e+01 -3.403243050746998222e+01 3.885362921505622325e+01 1.132504247857690594e+01 5.676125058317109762e+01 5.985363554277207498e+01 3.081063140978401904e+01 -1.314640326314687613e+01 4.705657262839064003e+01 -2.737302091080952948e+01 2.550408925979053265e+01 1.951956947324934788e+01 -3.494249399653411814e+01 -2.207595704971124206e+01 5.877627950148919211e+01 -2.447053930019205481e+01 1.010762940883236150e+00 1.832614413692884980e+01 -3.474118976962569860e+01 5.297392251249659623e+00 3.001931555205763047e+01 -4.182423717209204028e+01 5.445631855895290130e+01 -3.128569115494526987e+00 -3.432409765682634628e+01 -1.582931857335608505e+01 2.782750300403245447e+00 -3.179027269820724655e+01 1.007360381732370591e+01 2.723311389438860886e+01 2.166323982585660701e+01 -1.447828317559108413e+01 -4.370042474526815823e+01 1.987227664118156056e+01 1.657920046395482849e+00 -4.109174193703753986e+01 -3.712588922724618357e+01 2.452981560086878332e+01 4.248000003308582961e+01 3.495071307690648865e+01 -5.139250792998717543e+01 8.896763854746509992e+00 1.008339533124345344e+01 -3.001735404115217776e+01 1.205089193594616148e+01 -3.038290453476495045e+01 1.530300127083068240e+01 4.974501675111474341e+00 -7.561901901361880896e+00 -1.725398974287849896e+01 2.482947991041208979e+01 1.354779004528885267e+01 -1.262769345241460606e+01 -9.821480520167421346e+00 3.431430643134849845e+01 1.656106700405930354e+01 -1.014934881359007690e+01 -2.306241519707516829e+01 1.939997755404396074e+01 -1.895195621254789131e+01 6.000408321617621610e+00 -9.881041481558945350e+00 -8.812395193966939644e+01 -2.073486743609130656e+01 -3.690314634705436525e+00 -3.513284734525029318e+00 4.883153256861006497e+01 -3.322191512510551803e+01 4.137709428101159403e+01 7.322724847739409881e+01 3.613442625638191430e+01 -1.269582726983540688e+01
3.110791626896178741e+01 -3.106166792156029288e+01 -3.280518648739392695e+00 4.622185855347339611e+01 1.410787105009974951e+01 -6.520745537393441538e+00 -8.114375643946860350e+01 -2.358843582169932418e+01 1.454374441739942458e+00 4.670158353247860106e+01 -2.821689379998651503e+01 4.969247261483885403e+00 -1.231097565774335045e+01 -4.513330876886062271e+01 -1.619876043034351198e+01 2.471137486271724626e+01 -2.846115724319300000e+01 -3.752484826859569722e+01 2.114411408980725771e+00 -1.153056744186780413e+01 -2.584434972214122084e+01 -1.277045569725032692e+01 -2.883737368192320361e+01 4.099484974723347719e+00 1.278767317154617800e+01 -1.839755174421746986e+01 -3.703258046622062238e+01 -4.882733181495719776e+01 3.746617825952331060e+01 3.351387097312067453e+01 6.619726556751716728e+00 2.246007811156370693e+01 4.033650082966249606e+00 -4.283678695652060497e+01 -3.728605858811798868e+01 -2.375692311592946737e+01 5.935827832881094679e+01 6.070903084939742911e+01 3.010524250567926074e+01 2.931012730628663476e+01 9.479109720537756800e+00 -4.755926175581412174e+00 2.136782575198264666e+01 1.713886648389207679e+01 -2.020970160125813564e+01 -6.620541554883120128e+00 -4.739760840625736904e+01 2.018315622358066364e+01 -2.901297023286006649e+01 -1.467081384036374558e+01 -2.367099259339575923e+01 -2.108777971054084333e+01 -3.647093835813620899e+01 6.132776081857023343e+01 -3.894888711722050800e+01 -4.909825595561260769e+01 2.926759575608873831e+01 -2.069188143349760267e+01 -2.553537017782252150e+01 5.537433714395518791e-01 -2.045645274931591118e+01 -5.091949555901415891e+01 -2.350589542323951520e+01 8.487818218235247514e+00 1.663152405185280003e+01 2.617546783154216783e+01 -1.173415314896552886e+01 2.082653169198609788e+01 -7.731790213151452651e-01 -3.119923697734940493e+00 2.498959570396088736e+01 -1.303308246698738948e+01 7.180937988112428627e+01 -1.099655425824020050e+01 -4.897195316825007438e+01 7.379311071621323492e+00 -4.526163959949155213e+01 1.322285106148853906e+01 4.750027041081708035e+01 2.151437325830702108e+01 -4.222183777958182560e+00 -5.326917511305190089e+01 -2.585146373028592137e+01 -1.830118101816841403e+01 2.197903036985029601e+01 -4.396842572503567936e+01 -3.778586170501436214e+01 -1.671022902348216155e+00 1.665124311207915042e+01 3.095709737588292931e+00 6.216662035381357043e+01 -1.242425835385845545e+01 -6.454261687802885206e+01 3.242492653457015450e+01 9.101047561812533715e+00 3.849446508396908229e+01 -1.996289363771162328e+01 -3.369134602997103656e+01 3.106313465554122022e+00 1.176160914744516006e+01
1.395344363372554319e+01 1.772536008582517653e+01 7.514961092401292397e+00 3.247797492396116148e+00 6.019607988007094512e+00 2.639278733360850282e+00 2.476353222955527844e+00 5.169943840210525110e+00 1.795359574942345304e+01 -1.480608876914957683e+00 1.225597473382307845e+00 -1.566789514719568821e+01 9.731383835278808903e+00 -2.391131660717713547e+00 -1.349648022751961562e+01 -3.464967035618907953e+00 -1.276567098819286450e+01 3.060371497517981432e+00 -2.228304467376839848e-01 2.393903493741073252e+00 -5.319082603451466440e+00 -1.365460215756005802e+01 -1.289456508366105680e+01 4.108220749137719285e-01 9.012548321877105195e+00 -5.416526603434003384e+00 -2.464402193808356678e+00 7.125416879143998905e+00 1.177199901221834466e+01 -1.423155767994032761e+00 -3.188895969108127115e+00 7.724395248822245819e+00 8.303067581616729864e-02 3.179695461906971943e+00 -1.004944169391503550e+01 1.537384076121942478e+01 1.521038720902844155e+01 7.166741316416718632e+00 -2.119352135503575596e+00 -1.226239308440129960e+00 2.977439832663767660e+00 1.049148103623393702e+01 -3.442001994583075764e+00 3.222928211775057505e+00 -5.334163053254787457e+00 5.350404406971693838e+00 3.132449117597997823e+00 3.475602493316575448e+00 1.885051847464395891e+01 8.835450360717665319e+00 -5.397501798839502429e-01 -6.536765412811583076e+00 8.911484723529090601e+00 -3.463087494733570804e+00 7.509743021812256281e+00 6.678723069246452759e+00 9.396924384687219245e+00 2.521211641304302642e+00 -8.180808951367662729e+00 -5.453785266893941497e+00 -2.800021300217828024e+00 -1.758695028359209545e+01 -8.735351082071517226e+00 1.220501739188985368e+01 -3.106705915556784992e-01 -1.357177172121197151e+00 1.711104818255123305e+01 -1.893427182479451742e+00 5.063383750677337147e+00 -5.837646730683367480e+00 7.200094816252388341e+00 -3.689316576250941004e+00 -1.346190656632007543e-01 -3.342788808055534577e-01 -3.666995291518767797e+00 5.004150587534099692e-01 -4.724591973413601487e+00 -3.901995760582401385e+00 -9.145273675771123933e+00 -1.637335349279980790e+01 -5.041981762828997127e+00 -2.355527642729491333e+00 9.114726165655184786e+00 -1.159922687981041456e+01 1.122907361153190564e+00 5.495341282242232950e+00 -1.252084195016922763e+01 -4.009029552849545652e+00 -1.531585128470419832e+01 6.994180874546660487e-01 3.156450937136410673e+00 3.084023632271637005e+00 3.905439727869265187e+00 1.632994410956367304e+01 -5.473891790598366391e+00 4.815874445180511110e+00 5.456363541487328384e+00 -3.804874080655340496e+00 -1.075424611513077888e+00 4.610968162112763835e+00
3.165172712787388321e+00 1.477227415625761964e+01 -1.197230927891885788e+00 1.139379098947653324e+00 9.624693898768224010e-01 1.181792268433316906e+01 -6.755831109326156714e+00 6.837620493732216254e+00 -1.150393504926356947e+01 1.212413205536143224e+01 2.991206430113792614e+00 -2.751883384616872874e+00 9.510663102780467781e+00 -8.293858868068326728e+00 1.543050022366723084e+01 -9.909364585917224133e+00 -1.682631761550666960e+00 -4.040449700657652521e+00 3.388050208275600550e+00 -5.017692685615130266e+00 -2.843837938701000656e+00 1.403473321904533666e+00 3.660601592908324431e+00 5.766890508351481870e+00 -9.767304191936982960e+00 -6.887786906384058661e+00 4.442067820708751058e-01 3.683289124878756926e+00 1.499636559565787586e+01 -8.469519066561069565e+00 9.669342571931318631e+00 2.818312724233952071e+00 1.412593634920909302e+01 1.489555748517409484e+01 7.667699671275729933e+00 -3.271699862893844291e+00 1.171081397304189409e+01 -6.812225823730348573e+00 6.347042764359362543e+00 4.857886412613105165e+00 -8.695970729516327324e+00 -5.493961411138017503e+00 1.462741957582018060e+01 -6.089874359743292054e+00 2.514821418272075726e-01 4.560755198337240301e+00 -8.645885131264750001e+00 1.318334717602200223e+00 7.470811341387875615e+00 -1.040862850232196735e+01 1.355233472668520278e+01 -7.785536728512878479e-01 -8.542100332096211446e+00 -3.939383016913876823e+00 6.925357790198899410e-01 -7.911506761904141705e+00 2.506979382035189552e+00 6.777393199292898629e+00 5.391224696868161637e+00 -3.603140462419087253e+00 -1.087551822873073881e+01 4.945545663163597006e+00 4.125949671373370098e-01 -1.022634426510865779e+01 -9.239349897097497433e+00 6.104605919693216087e+00 1.057185035263741391e+01 8.698015728046154749e+00 -1.278983654072229825e+01 2.214085455368654198e+00 2.509485711321635559e+00 -7.470262249709322511e+00 2.999063105217276259e+00 -7.561240660851116679e+00 3.808382512306899947e+00 1.237995188015648340e+00 -1.881893140468685610e+00 -4.293924703082240946e+00 6.179226518339465457e+00 3.371567830034648772e+00 -3.142668667695474038e+00 -2.444228357228323656e+00 8.539674020770192442e+00 4.121469800483475332e+00 -2.525824050151964428e+00 -5.739472685533268503e+00 4.827989862168405644e+00 -4.716426992391643758e+00 1.493320897203067599e+00 -2.459052660755824959e+00 -2.193112179917364202e+01 -5.160134559571680768e+00 -9.184015176787651002e-01 -8.743307396959087985e-01 1.215250456257653511e+01 -8.267805483198898742e+00 1.029733449132755396e+01 1.822380558906419878e+01 8.992625508082376484e+00 -3.159553087208835542e+00
7.741709715756444510e+00 -7.730210777797413613e+00 -8.163996218664367754e-01 1.150303680686464958e+01 3.510989749170371432e+00 -1.622797131325138587e+00 -2.019395989048417306e+01 -5.870343731982654134e+00 3.619446359666556590e-01 1.162244161747097948e+01 -7.022216807529866323e+00 1.236670962130781426e+00 -3.063805944623016586e+00 -1.123214827340202859e+01 -4.031332949795105591e+00 6.149816717255565557e+00 -7.083015068230508859e+00 -9.338666485625761737e+00 5.262222718383590125e-01 -2.869657177010907390e+00 -6.431755533247589973e+00 -3.178160031519231765e+00 -7.176653265310447338e+00 1.020218681591917420e+00 3.182404236172179157e+00 -4.578500090862123173e+00 -9.216145430567095787e+00 -1.215146170658017155e+01 9.324079830996033991e+00 8.340436366212385266e+00 1.647424798639455013e+00 5.589727878876904477e+00 1.003833481635653113e+00 -1.066063049343243030e+01 -9.279230853536958534e+00 -5.912298637279139513e+00 1.477229366362952945e+01 1.510843383587533140e+01 7.492048011885986902e+00 7.294232454592201265e+00 2.359030026662626511e+00 -1.183588493036239031e+00 5.317717336298668052e+00 4.265253445631286944e+00 -5.029522897908203838e+00 -1.647631614050325544e+00 -1.179565864822121490e+01 5.022872687872422581e+00 -7.220355186107721757e+00 -3.651066461652618500e+00 -5.890905700836624348e+00 -5.248035047712262369e+00 -9.076393993112413128e+00 1.526241438690823138e+01 -9.693063208435749090e+00 -1.221887826843685687e+01 7.283668533034052928e+00 -5.149502232331780505e+00 -6.354893689246193134e+00 1.376862117347323888e-01 -5.090911932848235288e+00 -1.267215430599366677e+01 -5.849813089045474257e+00 2.112328122944190589e+00 4.139014840403080875e+00 6.514288047821259475e+00 -2.920247040942721917e+00 5.183008537451340381e+00 -1.924184636905849899e-01 -7.764665871501572614e-01 6.218876497194433917e+00 -3.243506518484064571e+00 1.787094132051633721e+01 -2.736669115213176351e+00 -1.218744632778507153e+01 1.836443675712032597e+00 -1.126407405529586470e+01 3.290669910867531911e+00 1.182121431885206597e+01 5.354182705284435073e+00 -1.050674563438174225e+00 -1.325686960946910453e+01 -6.433538482508132539e+00 -4.554580034419129397e+00 5.469795855307896026e+00 -1.094225604784754147e+01 -9.403592044842090658e+00 -4.158772924215962119e-01 4.143935195107848912e+00 7.704157071975100690e-01 1.547120494198133756e+01 -3.091864547770077465e+00 -1.606247391574338224e+01 8.069473211853420480e+00 2.264942357096869863e+00 9.579957723098878830e+00 -4.968086355876011773e+00 -8.384646151586785834e+00 7.730734879843867979e-01 2.927058066820295679e+00
1.764018442537824249e+00 2.240876262268288066e+00 9.500500240519599293e-01 4.105925956041976965e-01 7.610054336120217755e-01 3.336606004943388215e-01 3.130657203407407052e-01 6.535897142405553417e-01 2.269728308797602789e+00 -1.871813725149309160e-01 1.549415184057546246e-01 -1.980763452019435933e+00 1.230255967361204794e+00 -3.022893620382497981e-01 -1.706251342727303832e+00 -4.380419660884543043e-01 -1.613855797344559306e+00 3.868981057617195130e-01 -2.816756936643678016e-02 3.026896557465492688e-01 -6.724476327554700372e-01 -1.726235357385277780e+00 -1.630149391706202655e+00 5.193476068463963313e-02 1.139382785379921215e+00 -6.847583355633206637e-01 -3.115560228731653059e-01 9.008070505782541648e-01 1.488239974328848803e+00 -1.799168309233924457e-01 -4.031392953688974212e-01 9.765069563220968307e-01 1.049607518010392884e-02 4.019828537023749648e-01 -1.270469749468355891e+00 1.943588507665603204e+00 1.922928456864982705e+00 9.060330688017459444e-01 -2.679140147278186168e-01 -1.550277340624017230e-01 3.764116555747263337e-01 1.326348612348733580e+00 -4.351434656671921974e-01 4.074465437972246140e-01 -6.743635525752182946e-01 6.764038169368402631e-01 3.960125165108874246e-01 4.393939792877284423e-01 2.383119528196202097e+00 1.116992365238929308e+00 -6.823501253930915056e-02 -8.263799795297741557e-01 1.126602824592112917e+00 -4.378089179040275947e-01 9.493925204508073534e-01 8.443326735270393346e-01 1.187966748741871914e+00 3.187398835593246993e-01 -1.034234475441685452e+00 -6.894605963919413494e-01 -3.539825461942044948e-01 -2.223375979195548524e+00 -1.104331597671298404e+00 1.542977850468143508e+00 -3.927371479517573899e-02 -1.715859248024691752e-01 2.163212075091814679e+00 -2.393691700097251296e-01 6.401224033517373124e-01 -7.380022682435053438e-01 9.102723404257482276e-01 -4.664096752801103474e-01 -1.701841468449986905e-02 -4.226114932712500549e-02 -4.635881010248261713e-01 6.326403786259482409e-02 -5.972873679846582018e-01 -4.932933763563506768e-01 -1.156161589308677407e+00 -2.069948280376467054e+00 -6.374136474332637858e-01 -2.977911674711904433e-01 1.152296680219363045e+00 -1.466393787069249832e+00 1.419624825196374729e-01 6.947290931951979331e-01 -1.582906048730153836e+00 -5.068344335282539692e-01 -1.936260152814698987e+00 8.842198700782377685e-02 3.990454342033963875e-01 3.898330660979725248e-01 4.937324757164998634e-01 2.064461535713644214e+00 -6.920139974342781608e-01 6.088308988281934120e-01 6.898023521986097473e-01 -4.810189937413963945e-01 -1.359597680757415328e-01 5.829221894507696788e-01
4.001458001295679079e-01 1.867540340087153083e+00 -1.513564688157458815e-01 1.440426771198685119e-01 1.216782406460900218e-01 1.494039955637877393e+00 -8.540850749812695097e-01 8.644249464747144618e-01 -1.454349975552673868e+00 1.532754799755860153e+00 3.781529974325841814e-01 -3.478957606845447526e-01 1.202353827619683235e+00 -1.048521532773740050e+00 1.950753941649254308e+00 -1.252755609569734085e+00 -2.127171021545033180e-01 -5.108020864880558065e-01 4.283230272040696174e-01 -6.343551358203395329e-01 -3.595164948652699310e-01 1.774313846814244977e-01 4.627812813532187763e-01 7.290557856170587492e-01 -1.234798744573405660e+00 -8.707619375383994775e-01 5.615550172259978906e-02 4.656462029962586957e-01 1.895870198201638601e+00 -1.070731004154139576e+00 1.222413178863736682e+00 3.562784872151816828e-01 1.785822277318799722e+00 1.883124188165495871e+00 9.693599257566909433e-01 -4.136147473435958788e-01 1.480505442084245837e+00 -8.612145121634758871e-01 8.023939836384409441e-01 6.141629359542175592e-01 -1.099354142145836155e+00 -6.945565234283679334e-01 1.849222398388520316e+00 -7.698900069298785231e-01 3.178260960651832501e-02 5.765782233028050596e-01 -1.093024224866286254e+00 1.666650154127851113e-01 9.444760389264149625e-01 -1.315875329045945952e+00 1.713309498378718931e+00 -9.841936359825671776e-02 -1.079906067567546035e+00 -4.980238036775725963e-01 8.755212112206631203e-02 -1.000183665004303668e+00 3.169367023887975643e-01 8.568085479529481407e-01 6.815642367953386183e-01 -4.555129026929279901e-01 -1.374895464669252387e+00 6.252257933744250762e-01 5.216011491228389474e-02 -1.292832114750299244e+00 -1.168050048330381951e+00 7.717490852835541260e-01 1.336514137011177494e+00 1.099612600540365026e+00 -1.616910000930832592e+00 2.799055669144754344e-01 3.172649023581631811e-01 -9.443966893430087994e-01 3.791473654831220563e-01 -9.558991949526063348e-01 4.814595701509323811e-01 1.565111259082734574e-01 -2.379108151258561288e-01 -5.428438216705285813e-01 7.811899705852952680e-01 4.262363778861814056e-01 -3.973118769448273913e-01 -3.090026205485732480e-01 1.079601023158980100e+00 5.210401648989126944e-01 -3.193181490440624160e-01 -7.255969634626233677e-01 6.103614902195751979e-01 -5.962468396680214999e-01 1.887918409022939226e-01 -3.108769946769003867e-01 -2.772578754415628399e+00 -6.523413179437932419e-01 -1.161070583232966524e-01 -1.105332683719648101e-01 1.536338717713972901e+00 -1.045229416722973870e+00 1.301802858227651072e+00 2.303888422742258690e+00 1.136861528082551365e+00 -3.994347324002038291e-01
9.787206252362723458e-01 -9.772686554076215337e-01 -1.032089434980254516e-01 1.454230546894906384e+00 4.438683211528219319e-01 -2.051575008514002485e-01 -2.552959275034597297e+00 -7.421357640511326847e-01 4.575767369697974346e-02 1.469328760831140057e+00 -8.877586058766119281e-01 1.563410124316117200e-01 -3.873350055610583209e-01 -1.419986742700442894e+00 -5.096496347869670096e-01 7.774690884353430143e-01 -8.954463516891314478e-01 -1.180610579471658372e+00 6.652866926418266047e-02 -3.628015527367629001e-01 -8.131089730008514982e-01 -4.017926701263325184e-01 -9.072859910638373382e-01 1.289770873809125973e-01 4.023226054409781427e-01 -5.788173179045963401e-01 -1.165119258567299587e+00 -1.536207296869828820e+00 1.178768844285445816e+00 1.054407129573710078e+00 2.082700994993059163e-01 7.066914952068770184e-01 1.269054590925820791e-01 -1.347735911329590586e+00 -1.173095163706592503e+00 -7.474437068314642163e-01 1.867543216828053021e+00 1.910035960600805049e+00 9.471367468518252508e-01 9.221386242244503650e-01 2.982327073497099690e-01 -1.496312017460265376e-01 6.722731359379583438e-01 5.392157332254956525e-01 -6.358429241392534736e-01 -2.082968958714004060e-01 -1.491227155409380556e+00 6.349950270070388036e-01 -9.128111698131397000e-01 -4.615736868854428132e-01 -7.447379138096378304e-01 -6.634656867985134765e-01 -1.147455271874242788e+00 1.929502382103750024e+00 -1.225414292019080476e+00 -1.544729026783629999e+00 9.208064966934552675e-01 -6.510078362196004553e-01 -8.033972975146985718e-01 1.738667610563751284e-02 -6.436007385598714325e-01 -1.602038039224459309e+00 -7.395420163366055455e-01 2.670437392345375027e-01 5.232599774636106371e-01 8.235638132721279092e-01 -3.691848513760195849e-01 6.552431763701427325e-01 -2.432593421711526024e-02 -9.816601921827992905e-02 7.861703925797159931e-01 -4.100518600882732123e-01 2.259277938348682735e+00 -3.459742464888483360e-01 -1.540755436240645704e+00 2.321635832921952747e-01 -1.424020993908824417e+00 4.160039727057285863e-01 1.494459018512876547e+00 6.768822792632132046e-01 -1.328143784019623352e-01 -1.675952167244067592e+00 -8.133364161513553237e-01 -5.758036300000551888e-01 6.914943355444592710e-01 -1.383339330008910517e+00 -1.188813388682129712e+00 -5.257857127664232466e-02 5.238841277045265254e-01 9.739700709391409250e-02 1.955902412850536232e+00 -3.908604265315145376e-01 -2.030645762726360104e+00 1.020157737544767684e+00 2.863378528015536051e-01 1.211112820963011760e+00 -6.280736644876964148e-01 -1.060003093227528836e+00 9.773608436849912096e-02 3.700423528149742181e-01
