# 
#                 ----------------------------------------------------
#                 Data from a 3D direct N-body simulation. 
# 
#                 rows are i-particle; 
#                 coumns are :mass, tag, x ,y, z, vx, vy, vz, ax, ay, az
# 
#                 NTHU, Computational Physics Lab
# 
#                 ----------------------------------------------------
#                 Time = 8.899999999999855
1.000000000000000000e+00 2.000000000000000000e+00 3.000000000000000000e+00 4.000000000000000000e+00 5.000000000000000000e+00 6.000000000000000000e+00 7.000000000000000000e+00 8.000000000000000000e+00 9.000000000000000000e+00 1.000000000000000000e+01 1.100000000000000000e+01 1.200000000000000000e+01 1.300000000000000000e+01 1.400000000000000000e+01 1.500000000000000000e+01 1.600000000000000000e+01 1.700000000000000000e+01 1.800000000000000000e+01 1.900000000000000000e+01 2.000000000000000000e+01 2.100000000000000000e+01 2.200000000000000000e+01 2.300000000000000000e+01 2.400000000000000000e+01 2.500000000000000000e+01 2.600000000000000000e+01 2.700000000000000000e+01 2.800000000000000000e+01 2.900000000000000000e+01 3.000000000000000000e+01 3.100000000000000000e+01 3.200000000000000000e+01 3.300000000000000000e+01 3.400000000000000000e+01 3.500000000000000000e+01 3.600000000000000000e+01 3.700000000000000000e+01 3.800000000000000000e+01 3.900000000000000000e+01 4.000000000000000000e+01 4.100000000000000000e+01 4.200000000000000000e+01 4.300000000000000000e+01 4.400000000000000000e+01 4.500000000000000000e+01 4.600000000000000000e+01 4.700000000000000000e+01 4.800000000000000000e+01 4.900000000000000000e+01 5.000000000000000000e+01 5.100000000000000000e+01 5.200000000000000000e+01 5.300000000000000000e+01 5.400000000000000000e+01 5.500000000000000000e+01 5.600000000000000000e+01 5.700000000000000000e+01 5.800000000000000000e+01 5.900000000000000000e+01 6.000000000000000000e+01 6.100000000000000000e+01 6.200000000000000000e+01 6.300000000000000000e+01 6.400000000000000000e+01 6.500000000000000000e+01 6.600000000000000000e+01 6.700000000000000000e+01 6.800000000000000000e+01 6.900000000000000000e+01 7.000000000000000000e+01 7.100000000000000000e+01 7.200000000000000000e+01 7.300000000000000000e+01 7.400000000000000000e+01 7.500000000000000000e+01 7.600000000000000000e+01 7.700000000000000000e+01 7.800000000000000000e+01 7.900000000000000000e+01 8.000000000000000000e+01 8.100000000000000000e+01 8.200000000000000000e+01 8.300000000000000000e+01 8.400000000000000000e+01 8.500000000000000000e+01 8.600000000000000000e+01 8.700000000000000000e+01 8.800000000000000000e+01 8.900000000000000000e+01 9.000000000000000000e+01 9.100000000000000000e+01 9.200000000000000000e+01 9.300000000000000000e+01 9.400000000000000000e+01 9.500000000000000000e+01 9.600000000000000000e+01 9.700000000000000000e+01 9.800000000000000000e+01 9.900000000000000000e+01 1.000000000000000000e+02
2.000000000000000111e-01 2.000000000000000111e-01 2.000000000000000111e-01 2.000000000000000111e-01 2.000000000000000111e-01 2.000000000000000111e-01 2.000000000000000111e-01 2.000000000000000111e-01 2.000000000000000111e-01 2.000000000000000111e-01 2.000000000000000111e-01 2.000000000000000111e-01 2.000000000000000111e-01 2.000000000000000111e-01 2.000000000000000111e-01 2.000000000000000111e-01 2.000000000000000111e-01 2.000000000000000111e-01 2.000000000000000111e-01 2.000000000000000111e-01 2.000000000000000111e-01 2.000000000000000111e-01 2.000000000000000111e-01 2.000000000000000111e-01 2.000000000000000111e-01 2.000000000000000111e-01 2.000000000000000111e-01 2.000000000000000111e-01 2.000000000000000111e-01 2.000000000000000111e-01 2.000000000000000111e-01 2.000000000000000111e-01 2.000000000000000111e-01 2.000000000000000111e-01 2.000000000000000111e-01 2.000000000000000111e-01 2.000000000000000111e-01 2.000000000000000111e-01 2.000000000000000111e-01 2.000000000000000111e-01 2.000000000000000111e-01 2.000000000000000111e-01 2.000000000000000111e-01 2.000000000000000111e-01 2.000000000000000111e-01 2.000000000000000111e-01 2.000000000000000111e-01 2.000000000000000111e-01 2.000000000000000111e-01 2.000000000000000111e-01 2.000000000000000111e-01 2.000000000000000111e-01 2.000000000000000111e-01 2.000000000000000111e-01 2.000000000000000111e-01 2.000000000000000111e-01 2.000000000000000111e-01 2.000000000000000111e-01 2.000000000000000111e-01 2.000000000000000111e-01 2.000000000000000111e-01 2.000000000000000111e-01 2.000000000000000111e-01 2.000000000000000111e-01 2.000000000000000111e-01 2.000000000000000111e-01 2.000000000000000111e-01 2.000000000000000111e-01 2.000000000000000111e-01 2.000000000000000111e-01 2.000000000000000111e-01 2.000000000000000111e-01 2.000000000000000111e-01 2.000000000000000111e-01 2.000000000000000111e-01 2.000000000000000111e-01 2.000000000000000111e-01 2.000000000000000111e-01 2.000000000000000111e-01 2.000000000000000111e-01 2.000000000000000111e-01 2.000000000000000111e-01 2.000000000000000111e-01 2.000000000000000111e-01 2.000000000000000111e-01 2.000000000000000111e-01 2.000000000000000111e-01 2.000000000000000111e-01 2.000000000000000111e-01 2.000000000000000111e-01 2.000000000000000111e-01 2.000000000000000111e-01 2.000000000000000111e-01 2.000000000000000111e-01 2.000000000000000111e-01 2.000000000000000111e-01 2.000000000000000111e-01 2.000000000000000111e-01 2.000000000000000111e-01 2.000000000000000111e-01
8.750298653216805178e+01 1.111568016799262892e+02 4.712692626626697034e+01 2.036714753891585872e+01 3.774945401230770159e+01 1.655113068976868007e+01 1.552935847228917865e+01 3.242114624971404169e+01 1.125881259562710426e+02 -9.284992708967067188e+00 7.685818737866693340e+00 -9.825440301392542608e+01 6.102621863100597466e+01 -1.499498494372688207e+01 -8.463727017273554054e+01 -2.172915871149405120e+01 -8.005443793009403919e+01 1.919178131386182429e+01 -1.397453615437440844e+00 1.501123916455786578e+01 -3.335632537608635317e+01 -8.562900007389039558e+01 -8.086277364792802302e+01 2.576339949312360655e+00 5.651827914236231720e+01 -3.396759202687012191e+01 -1.545438621770694354e+01 4.468398038948318174e+01 7.382292022172045165e+01 -8.924728021083963014e+00 -1.999792762530022472e+01 4.844075666444795303e+01 5.207092276121034757e-01 1.994007886016365916e+01 -6.302068223342605080e+01 9.641036995310287239e+01 9.538525045115535761e+01 4.494308996814563528e+01 -1.329101096678435390e+01 -7.689728864957775301e+00 1.867175847950314704e+01 6.579284299625312826e+01 -2.158503515772343562e+01 2.021123666946449404e+01 -3.345068254504761285e+01 3.355282740960367249e+01 1.964373435654319522e+01 2.179568545668120549e+01 1.182127730473453369e+02 5.540771735327330560e+01 -3.384835552680649950e+00 -4.099270511356733948e+01 5.588457781397021051e+01 -2.171726857761413498e+01 4.709415416727980386e+01 4.188279165405892002e+01 5.892894297848850016e+01 1.581059879878981178e+01 -5.130234879583515806e+01 -3.420142572301641337e+01 -1.755914474978089856e+01 -1.102888760284751442e+02 -5.478012487627549376e+01 7.653852217026313554e+01 -1.948276955003533040e+00 -8.510740399340710027e+00 1.073044513930946806e+02 -1.187383598790290051e+01 3.175280564312216569e+01 -3.660834704259366390e+01 4.515173918128133579e+01 -2.313595540997379985e+01 -8.442133982472522780e-01 -2.096261960250761280e+00 -2.299596984916326647e+01 3.138120704046970300e+00 -2.962831903997777871e+01 -2.446976173023519863e+01 -5.735062157442774122e+01 -1.026783897256898399e+02 -3.161866208903535025e+01 -1.477164346915323456e+01 5.715912491768492742e+01 -7.273954591332901032e+01 7.041769077452538994e+00 3.446168864168142676e+01 -7.851905410262661178e+01 -2.514075914235801079e+01 -9.604665119979478050e+01 4.386090219710006011e+00 1.979428385156383641e+01 1.934135380735960297e+01 2.449127513699000502e+01 1.024061406399518148e+02 -3.432725473800616811e+01 3.020067961467387008e+01 3.421723639354852509e+01 -2.386061662998637800e+01 -6.743998459437640314e+00 2.891579140045270080e+01
1.984902978096111426e+01 9.263783902565398876e+01 -7.507905351711007036e+00 7.145114068197346846e+00 6.035683357300105634e+00 7.411104129544396812e+01 -4.236624469065461795e+01 4.287915333642266802e+01 -7.214189316734396584e+01 7.603122559389851176e+01 1.875806834697612757e+01 -1.725729370180425803e+01 5.964202425092634030e+01 -5.201140359710612415e+01 9.676562985684921614e+01 -6.214237038292888826e+01 -1.055199040539402233e+01 -2.533789970377359779e+01 2.124669444287757614e+01 -3.146606862767733759e+01 -1.783404471838021976e+01 8.801233704856803897e+00 2.295584096087144843e+01 3.616466076192205037e+01 -6.125143993925259878e+01 -4.319386654012762250e+01 2.785693428635851010e+00 2.309819016881255038e+01 9.404313538227091840e+01 -5.311293060851776460e+01 6.063714065705818967e+01 1.767422473631622637e+01 8.858476774614564420e+01 9.341099883992774267e+01 4.808475053512569275e+01 -2.051703247571309063e+01 7.343921144117697963e+01 -4.271990156172424946e+01 3.980296263893779951e+01 3.046366832688951831e+01 -5.453314365270193065e+01 -3.445299289766612816e+01 9.172956337269174298e+01 -3.819006798483896858e+01 1.577292354050030543e+00 2.860081095668288498e+01 -5.421900841222866774e+01 8.267391701435277795e+00 4.684989030624530670e+01 -6.527324477489305821e+01 8.498760694701289253e+01 -4.882515126336479661e+00 -5.356811040862392304e+01 -2.470413219838473395e+01 4.342926102332866023e+00 -4.961365349282475279e+01 1.572143597513303170e+01 4.250151734766139100e+01 3.380881763660875805e+01 -2.259558986911926581e+01 -6.820125202776254980e+01 3.101381954368805438e+01 2.587430201213063441e+00 -6.413009465043246848e+01 -5.794068903692718209e+01 3.828252553323428486e+01 6.629672898657898372e+01 5.454596964626696831e+01 -8.020600092727369201e+01 1.388474586375336095e+01 1.573689664673606892e+01 -4.684667182664354357e+01 1.880731286918285150e+01 -4.741718416079501708e+01 2.388268539482350761e+01 7.763514311543468160e+00 -1.180150979215894580e+01 -2.692752675940037577e+01 3.875031287307121630e+01 2.114339841935187181e+01 -1.970765461675129870e+01 -1.532794245638572228e+01 5.355285648638613338e+01 2.584608688865396431e+01 -1.583963319279987303e+01 -3.599255449430414444e+01 3.027668022539161896e+01 -2.957730375099783515e+01 9.364633822589272683e+00 -1.542090077527929459e+01 -1.375313530206903181e+02 -3.235981906440559186e+01 -5.759331792537301098e+00 -5.483012736856019309e+00 7.620921905756758008e+01 -5.184798488020683749e+01 6.457536889908828925e+01 1.142826364481844763e+02 5.639340027298129598e+01 -1.981380288234509379e+01
4.854877691851733346e+01 -4.847662677073729043e+01 -5.119735760955475889e+00 7.213639318073362006e+01 2.201758720027048000e+01 -1.017665480032103531e+01 -1.266375947134503832e+02 -3.681339475910340298e+01 2.269779059491247697e+00 7.288512423301997956e+01 -4.403684457609222846e+01 7.755271195744434465e+00 -1.921325757341441332e+01 -7.043757874278723818e+01 -2.528072559474953351e+01 3.856594643436932301e+01 -4.441808004527547382e+01 -5.856340235843165232e+01 3.299913312583343750e+00 -1.799548501583512916e+01 -4.033407866492487415e+01 -1.993036112246774749e+01 -4.500525217156327074e+01 6.397876501788104520e+00 1.995712681920760900e+01 -2.871218650129469552e+01 -5.779510978735697080e+01 -7.620266975387245623e+01 5.847187559004690627e+01 5.230355788136823492e+01 1.033111634390839839e+01 3.505291708267059647e+01 6.295127952029435647e+00 -6.685351972279630672e+01 -5.819071056984171975e+01 -3.707640778340520882e+01 9.263795206031461760e+01 9.474597038818637884e+01 4.698361180745785504e+01 4.574286933666748212e+01 1.479363517835398945e+01 -7.422365558908187388e+00 3.334780665606147920e+01 2.674780477909231990e+01 -3.154043323949243671e+01 -1.033239857125328776e+01 -7.397137995665396204e+01 3.149889158531030731e+01 -4.527930292404754908e+01 -2.289609411704218545e+01 -3.694227979109976445e+01 -3.291078115600692655e+01 -5.691863686311522486e+01 9.571159430116208000e+01 -6.078584207847632115e+01 -7.662547046744816726e+01 4.567654571774261285e+01 -3.229290153742977765e+01 -3.985195212824190492e+01 8.638889739573288873e-01 -3.192547805912948178e+01 -7.946788021280346470e+01 -3.668460559480336514e+01 1.324656192927352194e+01 2.595607365641980735e+01 4.085117166573347447e+01 -1.831301693923341034e+01 3.250303508123639773e+01 -1.206667816775089053e+00 -4.869188939673359862e+00 3.899968918728449552e+01 -2.034019922819909354e+01 1.120698183409179620e+02 -1.716184096757973876e+01 -7.642835661862331165e+01 1.151652555701718583e+01 -7.063782962333249316e+01 2.063619874254761299e+01 7.413161703785988266e+01 3.357650317927286920e+01 -6.589161537578610783e+00 -8.313481856999841568e+01 -4.034521347558218451e+01 -2.856194837627518623e+01 3.430161066857171903e+01 -6.861961643474840855e+01 -5.897067248634838421e+01 -2.607934650808634736e+00 2.598688174483311997e+01 4.831335160271529539e+00 9.702083504499134392e+01 -1.938970812715207970e+01 -1.007288561626592411e+02 5.060418840539195173e+01 1.420360797070697956e+01 6.007660611143412410e+01 -3.115521365248043750e+01 -5.258064449581869582e+01 4.847932631041609319e+00 1.835580996143073662e+01
1.748148043018746733e+01 2.220711256609430606e+01 9.415061040151364580e+00 4.068982668167400618e+00 7.541618770825063045e+00 3.306599898469846366e+00 3.102484658458564581e+00 6.477123193184850969e+00 2.249305229823890073e+01 -1.854971615469156010e+00 1.535480494754213332e+00 -1.962942196494003610e+01 1.219189567926492224e+01 -2.995710349799203698e+00 -1.690898286371196946e+01 -4.341050883268474436e+00 -1.599338247297180793e+01 3.834167697566155830e+00 -2.791655471428073909e-01 2.999283381619686217e+00 -6.663977835477276734e+00 -1.710707274883958107e+01 -1.615486373910447782e+01 5.146915684783499589e-01 1.129131384586003684e+01 -6.786043139242283750e+00 -3.087514248684511742e+00 8.927030929499059297e+00 1.474847892893848211e+01 -1.782989408922632579e+00 -3.995174461400351262e+00 9.677408814073316989e+00 1.040228158632471311e-01 3.983661152296871677e+00 -1.259038115299824767e+01 1.926101769113999751e+01 1.905624408729194386e+01 8.978807423728826009e+00 -2.655179930831210289e+00 -1.536294822841041574e+00 3.730263107541822443e+00 1.314417816347922496e+01 -4.312288899555284161e+00 4.037821259396771723e+00 -6.682890239347816674e+00 6.703211963794709405e+00 3.924474165799863190e+00 4.354390457864274921e+00 2.361675746504958440e+01 1.106943502866733553e+01 -6.762201877298849029e-01 -8.189525218634612358e+00 1.116469028620020509e+01 -4.338705301459460095e+00 9.408527988779770368e+00 8.367388337082724448e+00 1.177285771730289632e+01 3.158691440414087115e+00 -1.024927788039167886e+01 -6.832706226307224462e+00 -3.507986362901550859e+00 -2.203370217096126638e+01 -1.094401414214098089e+01 1.529097299677698629e+01 -3.892179973505699997e-01 -1.700349125620439716e+00 2.143747227033594882e+01 -2.372165496340167490e+00 6.343628533536851855e+00 -7.313651192309882809e+00 9.020639743546791323e+00 -4.622135902220337655e+00 -1.686558898070402435e-01 -4.188011899102513369e-01 -4.594171472988934468e+00 6.269431398162752522e-01 -5.919166634355191192e+00 -4.888582444012108397e+00 -1.145759679991266644e+01 -2.051324995749776292e+01 -6.316808996686017252e+00 -2.951109978433426040e+00 1.141931943491070989e+01 -1.453201437412950803e+01 1.406832350555264899e+00 6.884799416227753710e+00 -1.568665396307634730e+01 -5.022698467329654193e+00 -1.918837153898235215e+01 8.762620612102967055e-01 3.954541803161037983e+00 3.863689076988902737e+00 4.892904654990452684e+00 2.045886709911416546e+01 -6.857919691755955505e+00 6.033536209026089558e+00 6.835968204555998184e+00 -4.766912046902414879e+00 -1.347344174011813278e+00 5.776812458699192909e+00
3.965464283226959097e+00 1.850735479029995290e+01 -1.499943863591122417e+00 1.427464450850792987e+00 1.205825879607446582e+00 1.480600249336561092e+01 -8.464001231415387849e+00 8.566470357276200431e+00 -1.441263495933658767e+01 1.518964159106049117e+01 3.747512400091504325e+00 -3.447674863149655433e+00 1.191537069000532867e+01 -1.039090185145899170e+01 1.933200805089296992e+01 -1.241487570115342542e+01 -2.108065905274350005e+00 -5.062053865664850605e+00 4.244696239577637975e+00 -6.286403045099131504e+00 -3.562870832561893408e+00 1.758336104974239644e+00 4.586164153082981088e+00 7.225001988661560404e+00 -1.223690161031627532e+01 -8.629310689435710557e+00 5.565177597912542851e-01 4.614581488429119638e+00 1.878810594245932108e+01 -1.061098101837151830e+01 1.211416884629131197e+01 3.530869467591294608e+00 1.769758077781766303e+01 1.866180579221869706e+01 9.606419426641300774e+00 -4.098929346516317018e+00 1.467182483277457727e+01 -8.534654818854825464e+00 7.951830568156788459e+00 6.086212503484482284e+00 -1.089467889187080551e+01 -6.883074428365598685e+00 1.832586426456893491e+01 -7.629654305469665054e+00 3.150472355430632421e-01 5.713911612028484299e+00 -1.083193348353999852e+01 1.651664726260543947e+00 9.359763410229470892e+00 -1.304037907656150885e+01 1.697895363660594370e+01 -9.753923132256825390e-01 -1.070191240073404515e+01 -4.935430601668297612e+00 8.676400235664725180e-01 -9.911874009089173043e+00 3.140852771369051499e+00 8.491010237531030569e+00 6.754353091307239154e+00 -4.514166216464857051e+00 -1.362530901213949797e+01 6.195997235125036973e+00 5.169151839762960998e-01 -1.281200842980058674e+01 -1.157544988018984888e+01 7.648103981709335031e+00 1.324487859055832217e+01 1.089724080627174985e+01 -1.602365642223722020e+01 2.773896539447818110e+00 3.144015639347028213e+00 -9.359055498823765973e+00 3.757357824761441201e+00 -9.473038931028405329e+00 4.771301595355195602e+00 1.551017451841973482e+00 -2.357714742190721413e+00 -5.379612300277162085e+00 7.741606438257780276e+00 4.224040527356112129e+00 -3.937292526594252440e+00 -3.062233571273943689e+00 1.069887602116999403e+01 5.163550065686542290e+00 -3.164460321402958076e+00 -7.190666611391357321e+00 6.048712795839316314e+00 -5.908920495907900694e+00 1.870904613649731374e+00 -3.080806626122609249e+00 -2.747627927140879578e+01 -6.464817018168083074e+00 -1.150615642478725276e+00 -1.095397257126150548e+00 1.522518189779892772e+01 -1.035826425404750672e+01 1.290094009441175871e+01 2.283158236064672764e+01 1.126634848627720942e+01 -3.958422514642612189e+00
9.699150920857622538e+00 -9.684748064502642251e+00 -1.022817482961899005e+00 1.441149778836753192e+01 4.398726404801220902e+00 -2.033112131033602665e+00 -2.529987836072913510e+01 -7.354615183607349671e+00 4.534599811557443738e-01 1.456109906069784898e+01 -8.797733948340631827e+00 1.549352966198042747e+00 -3.838475977154827135e+00 -1.407212167726809504e+01 -5.050632212712161895e+00 7.704754838542009487e+00 -8.873907718784677101e+00 -1.169988758810450769e+01 6.592796403031754293e-01 -3.595260442648675170e+00 -8.057973381716246664e+00 -3.981745402448122029e+00 -8.991225215107888857e+00 1.278172841130716719e+00 3.987049397296703379e+00 -5.736134642089307789e+00 -1.154638386776995773e+01 -1.522387620520508733e+01 1.168161749153064299e+01 1.044925050878360473e+01 2.063964984877428410e+00 7.003111181207763991e+00 1.257644382481869272e+00 -1.335610225558457742e+01 -1.162542110713095944e+01 -7.407186021917934404e+00 1.850738005613708737e+01 1.892850568129924937e+01 9.386321203814057768e+00 9.138509525006597300e+00 2.955495427079824822e+00 -1.482850887801287598e+00 6.662263551660369210e+00 5.343684824622366492e+00 -6.301208737987547437e+00 -2.064225400933796806e+00 -1.477811287948303232e+01 6.292862646709417085e+00 -9.045977496837451781e+00 -4.574213806885906841e+00 -7.380381484261675951e+00 -6.574966388353627345e+00 -1.137130450189235731e+01 1.912141907356309289e+01 -1.214389173699577107e+01 -1.530833621203042405e+01 9.125281389590981007e+00 -6.451517858363307489e+00 -7.961688251953948026e+00 1.724593216785586802e-01 -6.378113363795245405e+00 -1.587623033317125731e+01 -7.328897066875062372e+00 2.646415582778912867e+00 5.185534751726634362e+00 8.161415831069504634e+00 -3.658616751572041803e+00 6.493494836478041599e+00 -2.410703316275112640e-01 -9.727986664414469686e-01 7.791216867906267218e+00 -4.063610244350668310e+00 2.238949711615731175e+01 -3.428617588513781289e+00 -1.526895709158988801e+01 2.300770796669433960e+00 -1.411211593878781123e+01 4.122677735837406487e+00 1.481013228916060598e+01 6.707947196474829177e+00 -1.316303146672862523e+00 -1.660877380897598243e+01 -8.060211242027969902e+00 -5.706187335367515878e+00 6.852784410298109918e+00 -1.370893464350833746e+01 -1.178121870228670964e+01 -5.210344644446187612e-01 5.191703432509942928e+00 9.652097131314357759e-01 1.938300974181946756e+01 -3.873585155553407322e+00 -2.012376534003123041e+01 1.010978864780485864e+01 2.837618047446847758e+00 1.200218328015960445e+01 -6.224233648533737728e+00 -1.050465230477084688e+01 9.685456857962994048e-01 3.667142737075068659e+00
1.764018365401641697e+00 2.240876223734498129e+00 9.500499366962117387e-01 4.105925821665485365e-01 7.610053601384852984e-01 3.336605692619003527e-01 3.130657158330290013e-01 6.535896485135508360e-01 2.269728248926401903e+00 -1.871813668780102913e-01 1.549415049659395582e-01 -1.980763376902043627e+00 1.230255888377332907e+00 -3.022893315758967137e-01 -1.706251299845664926e+00 -4.380418925093117477e-01 -1.613855701670282361e+00 3.868980957727538028e-01 -2.816753600299937849e-02 3.026901575359285945e-01 -6.724476036074369389e-01 -1.726235249889159107e+00 -1.630149280312138016e+00 5.193473648131258918e-02 1.139382744661680880e+00 -6.847582177716252660e-01 -3.115560308204893825e-01 9.008070063567493735e-01 1.488239946527925683e+00 -1.799168127146058282e-01 -4.031392096741687192e-01 9.765066539077759122e-01 1.049606620276014729e-02 4.019828388913385120e-01 -1.270469714776799597e+00 1.943588433317607667e+00 1.922928425992235901e+00 9.060330424338011168e-01 -2.679138109207864771e-01 -1.550277743460374558e-01 3.764116240012935211e-01 1.326348527518859122e+00 -4.351434427195233212e-01 4.074465090018623004e-01 -6.743636230349766558e-01 6.764037498659773995e-01 3.960125297248524578e-01 4.393939844865129563e-01 2.383119470756263958e+00 1.116992310809567401e+00 -6.823499753865304440e-02 -8.263798461398754736e-01 1.126602749284432603e+00 -4.378088925886728378e-01 9.493924560928633793e-01 8.443326045697012727e-01 1.187966605227378958e+00 3.187399114069472961e-01 -1.034234456413660963e+00 -6.894603932465422913e-01 -3.539825203369580953e-01 -2.223375917372589772e+00 -1.104331479919001380e+00 1.542977766859522815e+00 -3.927369408176608484e-02 -1.715860152427028384e-01 2.163212020774992084e+00 -2.393691472391412667e-01 6.401223825961183111e-01 -7.380022030791730803e-01 9.102725549656965898e-01 -4.664096538745335918e-01 -1.701841013611952655e-02 -4.226115842396831884e-02 -4.635880831108539213e-01 6.326404250890881042e-02 -5.972873026747276270e-01 -4.932933160470720502e-01 -1.156161541888733879e+00 -2.069948196762721349e+00 -6.374135943263447013e-01 -2.977911681341268713e-01 1.152296600846498764e+00 -1.466393717588324375e+00 1.419625037269087731e-01 6.947290475779803742e-01 -1.582905975128521270e+00 -5.068344748105697573e-01 -1.936260108114690404e+00 8.842198678149112978e-02 3.990454321297824958e-01 3.898324676044604975e-01 4.937324545536304066e-01 2.064461464441769589e+00 -6.920139158610258967e-01 6.088308693966680840e-01 6.898023162230705330e-01 -4.810189752561934706e-01 -1.359597910105498630e-01 5.829221177973160639e-01
4.001457741723315475e-01 1.867540299930331216e+00 -1.513564671337578049e-01 1.440426750859129246e-01 1.216782479916218157e-01 1.494039866637434155e+00 -8.540850507181788620e-01 8.644249208779589688e-01 -1.454349939834988170e+00 1.532754744208409292e+00 3.781529757686218907e-01 -3.478957233965304652e-01 1.202353768414609281e+00 -1.048521461258109744e+00 1.950753892839215631e+00 -1.252755519124332251e+00 -2.127170494163599657e-01 -5.108020795513056322e-01 4.283230070907663167e-01 -6.343552122978943775e-01 -3.595164114127724075e-01 1.774313966129423270e-01 4.627812791494054778e-01 7.290557064696584488e-01 -1.234798682971926853e+00 -8.707618574326702054e-01 5.615547932971046846e-02 4.656461660513362411e-01 1.895870155024376613e+00 -1.070730954974090432e+00 1.222413106294180984e+00 3.562782860615988367e-01 1.785822167613424272e+00 1.883124127853306184e+00 9.693598420622027145e-01 -4.136147377120117929e-01 1.480505420813476469e+00 -8.612144867434023965e-01 8.023938413306180850e-01 6.141631265603016976e-01 -1.099354036002249568e+00 -6.945564976368686638e-01 1.849222304352399648e+00 -7.698899476213091342e-01 3.178250036316924293e-02 5.765781946516005396e-01 -1.093024140031902958e+00 1.666649961167146754e-01 9.444760310823386851e-01 -1.315875256054403586e+00 1.713309422789378145e+00 -9.841928802083629857e-02 -1.079906009683223367e+00 -4.980237840041663588e-01 8.755212312630059057e-02 -1.000183592908253649e+00 3.169366889453664182e-01 8.568084977544893066e-01 6.815641678956652072e-01 -4.555128580019108253e-01 -1.374895337640745119e+00 6.252257805023346826e-01 5.216010360860289657e-02 -1.292832058335829926e+00 -1.168049949471708926e+00 7.717489907913036573e-01 1.336514105585685064e+00 1.099612493597719398e+00 -1.616909896171739636e+00 2.799055236084044829e-01 3.172650097056431417e-01 -9.443965765538500090e-01 3.791473555404664131e-01 -9.558990907322119090e-01 4.814595203130063727e-01 1.565111363625696916e-01 -2.379107902914176509e-01 -5.428437815013417156e-01 7.811899520856655510e-01 4.262363270059316145e-01 -3.973119683548049230e-01 -3.090025970008337119e-01 1.079600983188275354e+00 5.210401086706701879e-01 -3.193181256829690229e-01 -7.255969625337544970e-01 6.103614495088454106e-01 -5.962466866196917126e-01 1.887918710575128278e-01 -3.108769737967588820e-01 -2.772578722559546183e+00 -6.523411636038809469e-01 -1.161070654206152741e-01 -1.105332515598485416e-01 1.536338630487341428e+00 -1.045229362233416337e+00 1.301802759540697574e+00 2.303888358412278237e+00 1.136861460211299857e+00 -3.994346998734156218e-01
9.787205857415491872e-01 -9.772686344204166708e-01 -1.032089209521487722e-01 1.454230449151740157e+00 4.438683327522335298e-01 -2.051574991153707339e-01 -2.552959205549402810e+00 -7.421356974791298855e-01 4.575767177768895466e-02 1.469328692554916715e+00 -8.877585441228204033e-01 1.563409943292073390e-01 -3.873350241977189801e-01 -1.419986671726255700e+00 -5.096496289923178047e-01 7.774690400505539500e-01 -8.954463057069792509e-01 -1.180610530320545415e+00 6.652869532319115320e-02 -3.628016921751219814e-01 -8.131088881005049673e-01 -4.017926968293126233e-01 -9.072859629211375010e-01 1.289770741296372980e-01 4.023225621282782716e-01 -5.788172442777362869e-01 -1.165119188988547272e+00 -1.536207214074616578e+00 1.178768819880500196e+00 1.054407028096764121e+00 2.082700883914111456e-01 7.066917667435330674e-01 1.269054439994329875e-01 -1.347735858659585340e+00 -1.173095099448663525e+00 -7.474436815666165579e-01 1.867543181009195807e+00 1.910035894638078879e+00 9.471364841589410277e-01 9.221384692484435597e-01 2.982326949173735864e-01 -1.496311941493633224e-01 6.722730867436419455e-01 5.392156570936285087e-01 -6.358429170023647270e-01 -2.082968916414676130e-01 -1.491227086156850623e+00 6.349949441575235554e-01 -9.128111446593668576e-01 -4.615736620441165949e-01 -7.447378753395708095e-01 -6.634656581111522122e-01 -1.147455241434959472e+00 1.929502314595973100e+00 -1.225414243726653085e+00 -1.544728931054015320e+00 9.208063775857080469e-01 -6.510077958227978856e-01 -8.033972693794588782e-01 1.738646521392326824e-02 -6.436006983675579551e-01 -1.602037994593947356e+00 -7.395419685964782497e-01 2.670437230137720497e-01 5.232599395076114046e-01 8.235639496844595620e-01 -3.691848582330034545e-01 6.552431296137485317e-01 -2.432593378422721192e-02 -9.816605478138762386e-02 7.861700317928715931e-01 -4.100518650414324839e-01 2.259277867790942196e+00 -3.459742293604153307e-01 -1.540755341640231091e+00 2.321635435749414833e-01 -1.424020903095697621e+00 4.160038678640139986e-01 1.494458960437081707e+00 6.768822206486684312e-01 -1.328142273104330473e-01 -1.675952049745946804e+00 -8.133363527955120853e-01 -5.758036656446235968e-01 6.914942344831520593e-01 -1.383339273987620910e+00 -1.188813284294741202e+00 -5.257859692939049340e-02 5.238841120299502219e-01 9.739699990909403415e-02 1.955902390337451280e+00 -3.908602130020585874e-01 -2.030645674664681710e+00 1.020157703475977229e+00 2.863378395240612773e-01 1.211112747089710284e+00 -6.280736328740161856e-01 -1.060003064265915063e+00 9.773610967761281465e-02 3.700423220216884079e-01
