# 
#                 ----------------------------------------------------
#                 Data from a 3D direct N-body simulation. 
# 
#                 rows are i-particle; 
#                 coumns are :mass, tag, x ,y, z, vx, vy, vz, ax, ay, az
# 
#                 NTHU, Computational Physics Lab
# 
#                 ----------------------------------------------------
#                 Time = 2.99999999999998
1.000000000000000000e+00 2.000000000000000000e+00 3.000000000000000000e+00 4.000000000000000000e+00 5.000000000000000000e+00 6.000000000000000000e+00 7.000000000000000000e+00 8.000000000000000000e+00 9.000000000000000000e+00 1.000000000000000000e+01 1.100000000000000000e+01 1.200000000000000000e+01 1.300000000000000000e+01 1.400000000000000000e+01 1.500000000000000000e+01 1.600000000000000000e+01 1.700000000000000000e+01 1.800000000000000000e+01 1.900000000000000000e+01 2.000000000000000000e+01 2.100000000000000000e+01 2.200000000000000000e+01 2.300000000000000000e+01 2.400000000000000000e+01 2.500000000000000000e+01 2.600000000000000000e+01 2.700000000000000000e+01 2.800000000000000000e+01 2.900000000000000000e+01 3.000000000000000000e+01 3.100000000000000000e+01 3.200000000000000000e+01 3.300000000000000000e+01 3.400000000000000000e+01 3.500000000000000000e+01 3.600000000000000000e+01 3.700000000000000000e+01 3.800000000000000000e+01 3.900000000000000000e+01 4.000000000000000000e+01 4.100000000000000000e+01 4.200000000000000000e+01 4.300000000000000000e+01 4.400000000000000000e+01 4.500000000000000000e+01 4.600000000000000000e+01 4.700000000000000000e+01 4.800000000000000000e+01 4.900000000000000000e+01 5.000000000000000000e+01 5.100000000000000000e+01 5.200000000000000000e+01 5.300000000000000000e+01 5.400000000000000000e+01 5.500000000000000000e+01 5.600000000000000000e+01 5.700000000000000000e+01 5.800000000000000000e+01 5.900000000000000000e+01 6.000000000000000000e+01 6.100000000000000000e+01 6.200000000000000000e+01 6.300000000000000000e+01 6.400000000000000000e+01 6.500000000000000000e+01 6.600000000000000000e+01 6.700000000000000000e+01 6.800000000000000000e+01 6.900000000000000000e+01 7.000000000000000000e+01 7.100000000000000000e+01 7.200000000000000000e+01 7.300000000000000000e+01 7.400000000000000000e+01 7.500000000000000000e+01 7.600000000000000000e+01 7.700000000000000000e+01 7.800000000000000000e+01 7.900000000000000000e+01 8.000000000000000000e+01 8.100000000000000000e+01 8.200000000000000000e+01 8.300000000000000000e+01 8.400000000000000000e+01 8.500000000000000000e+01 8.600000000000000000e+01 8.700000000000000000e+01 8.800000000000000000e+01 8.900000000000000000e+01 9.000000000000000000e+01 9.100000000000000000e+01 9.200000000000000000e+01 9.300000000000000000e+01 9.400000000000000000e+01 9.500000000000000000e+01 9.600000000000000000e+01 9.700000000000000000e+01 9.800000000000000000e+01 9.900000000000000000e+01 1.000000000000000000e+02
2.000000000000000111e-01 2.000000000000000111e-01 2.000000000000000111e-01 2.000000000000000111e-01 2.000000000000000111e-01 2.000000000000000111e-01 2.000000000000000111e-01 2.000000000000000111e-01 2.000000000000000111e-01 2.000000000000000111e-01 2.000000000000000111e-01 2.000000000000000111e-01 2.000000000000000111e-01 2.000000000000000111e-01 2.000000000000000111e-01 2.000000000000000111e-01 2.000000000000000111e-01 2.000000000000000111e-01 2.000000000000000111e-01 2.000000000000000111e-01 2.000000000000000111e-01 2.000000000000000111e-01 2.000000000000000111e-01 2.000000000000000111e-01 2.000000000000000111e-01 2.000000000000000111e-01 2.000000000000000111e-01 2.000000000000000111e-01 2.000000000000000111e-01 2.000000000000000111e-01 2.000000000000000111e-01 2.000000000000000111e-01 2.000000000000000111e-01 2.000000000000000111e-01 2.000000000000000111e-01 2.000000000000000111e-01 2.000000000000000111e-01 2.000000000000000111e-01 2.000000000000000111e-01 2.000000000000000111e-01 2.000000000000000111e-01 2.000000000000000111e-01 2.000000000000000111e-01 2.000000000000000111e-01 2.000000000000000111e-01 2.000000000000000111e-01 2.000000000000000111e-01 2.000000000000000111e-01 2.000000000000000111e-01 2.000000000000000111e-01 2.000000000000000111e-01 2.000000000000000111e-01 2.000000000000000111e-01 2.000000000000000111e-01 2.000000000000000111e-01 2.000000000000000111e-01 2.000000000000000111e-01 2.000000000000000111e-01 2.000000000000000111e-01 2.000000000000000111e-01 2.000000000000000111e-01 2.000000000000000111e-01 2.000000000000000111e-01 2.000000000000000111e-01 2.000000000000000111e-01 2.000000000000000111e-01 2.000000000000000111e-01 2.000000000000000111e-01 2.000000000000000111e-01 2.000000000000000111e-01 2.000000000000000111e-01 2.000000000000000111e-01 2.000000000000000111e-01 2.000000000000000111e-01 2.000000000000000111e-01 2.000000000000000111e-01 2.000000000000000111e-01 2.000000000000000111e-01 2.000000000000000111e-01 2.000000000000000111e-01 2.000000000000000111e-01 2.000000000000000111e-01 2.000000000000000111e-01 2.000000000000000111e-01 2.000000000000000111e-01 2.000000000000000111e-01 2.000000000000000111e-01 2.000000000000000111e-01 2.000000000000000111e-01 2.000000000000000111e-01 2.000000000000000111e-01 2.000000000000000111e-01 2.000000000000000111e-01 2.000000000000000111e-01 2.000000000000000111e-01 2.000000000000000111e-01 2.000000000000000111e-01 2.000000000000000111e-01 2.000000000000000111e-01 2.000000000000000111e-01
1.506499365858642392e+01 1.913728922052597525e+01 8.113687559194058707e+00 3.506514040312961988e+00 6.499203476690761150e+00 2.849554312554432478e+00 2.673607889193708953e+00 5.581848959000538457e+00 1.938373913299086126e+01 -1.598552015439659302e+00 1.323241063781467775e+00 -1.691600195773691340e+01 1.050663992351009846e+01 -2.581640491629875633e+00 -1.457157627066698069e+01 -3.741079561128477504e+00 -1.378264232602717243e+01 3.304153516044468830e+00 -2.406337228378488402e-01 2.583776307896527236e+00 -5.742807448871403153e+00 -1.474239818772412391e+01 -1.392182872051841791e+01 4.435844159128451425e-01 9.730485186138086107e+00 -5.848157362206351628e+00 -2.660684659328627522e+00 7.693045006089896276e+00 1.270971153642862284e+01 -1.536543109331987900e+00 -3.443038485640782298e+00 8.340150868807301165e+00 8.965888075497180365e-02 3.432989759362486737e+00 -1.084995972252960961e+01 1.659852419915103994e+01 1.642198039688782885e+01 7.737631960405674469e+00 -2.288494576531870717e+00 -1.323846770736673450e+00 3.214651285405778935e+00 1.132729016884635520e+01 -3.716202870245314926e+00 3.479698637011248152e+00 -5.758927151666114241e+00 5.776685841439827662e+00 3.381934513059104308e+00 3.752433919497091708e+00 2.035209989233030825e+01 9.539303275405844218e+00 -5.827669690336214625e-01 -7.057651029511615270e+00 9.621427943627388402e+00 -3.738971735716694500e+00 8.108016412727797828e+00 7.210811248879863022e+00 1.014564495871180938e+01 2.721986731050706432e+00 -8.832460512397831920e+00 -5.888522437914833318e+00 -3.023091650486203985e+00 -1.898789267641824097e+01 -9.431333921157891709e+00 1.317731170522232809e+01 -3.354499571363370181e-01 -1.465132791698444681e+00 1.847407163839389810e+01 -2.044280161932143347e+00 5.466727906452149455e+00 -6.302735054572463191e+00 7.773252912648425550e+00 -3.983214171675652171e+00 -1.453491956033941823e-01 -3.608901645460994567e-01 -3.959109212964623925e+00 5.402667176406066307e-01 -5.101023106149201070e+00 -4.212897051565481554e+00 -9.873793330070732566e+00 -1.767766552499082877e+01 -5.443674004998426241e+00 -2.543149860458810529e+00 9.840864662567655685e+00 -1.252324557535135163e+01 1.212315032637385936e+00 5.933132350502541286e+00 -1.351827613996828781e+01 -4.328291141125182762e+00 -1.653586746905553895e+01 7.551287444137181337e-01 3.407873013292966213e+00 3.330637974581584615e+00 4.216551596801232371e+00 1.763077840532417895e+01 -5.910032892801366344e+00 5.199518031985256528e+00 5.891034240168900205e+00 -4.107971300408219228e+00 -1.161047396297718137e+00 4.978359225886929806e+00
3.417328387364011011e+00 1.594898573202035053e+01 -1.292595910917445634e+00 1.230136621172373212e+00 1.039120382063220438e+00 1.275939278799566701e+01 -7.293988366776988919e+00 7.382294644930220251e+00 -1.242030854299050091e+01 1.308993798042341794e+01 3.229498295524473317e+00 -2.971138048857338898e+00 1.026830606551496849e+01 -8.954600574596982554e+00 1.665965513630801453e+01 -1.069881591880456284e+01 -1.816743186822285194e+00 -4.362292272123283077e+00 3.657949093122662809e+00 -5.417241135984431466e+00 -3.070492126556331858e+00 1.515243831922105988e+00 3.952180678844907202e+00 6.226365667139944549e+00 -1.054539312447113808e+01 -7.436545693342366370e+00 4.796253484724875560e-01 3.976731872159827930e+00 1.619093149769949491e+01 -9.144216155974735472e+00 1.043964647440438398e+01 3.043123698798032795e+00 1.525127884970448378e+01 1.608212168640756801e+01 8.278586155029083571e+00 -3.532314092709522235e+00 1.264364233263350279e+01 -7.354876936191582892e+00 6.852830811661529076e+00 5.244518796314549647e+00 -9.388797959618278455e+00 -5.931610285322124199e+00 1.579268087509791485e+01 -6.575043669984548700e+00 2.716909363251659992e-01 4.924076671960753160e+00 -9.334688232365078164e+00 1.423374577898278703e+00 8.065891711757700477e+00 -1.123781896125979074e+01 1.463193296898965556e+01 -8.406901601795208068e-01 -9.222592854697184706e+00 -4.253196122980265059e+00 7.476946139566728045e-01 -8.541794156822067663e+00 2.706688046272926584e+00 7.317310160771870464e+00 5.820760539693945468e+00 -3.890211652673079890e+00 -1.174198552560270592e+01 5.339490902297387542e+00 4.454775142978559810e-01 -1.104098836342178558e+01 -9.975446696429953519e+00 6.591005693722878256e+00 1.141397413080042789e+01 9.391007133533149087e+00 -1.380874751512452825e+01 2.390513050513578985e+00 2.709199066240410403e+00 -8.065469744407048225e+00 3.237961685962718938e+00 -8.163680864034985163e+00 4.111810234980287859e+00 1.336587401021890997e+00 -2.031830766899730634e+00 -4.636011253962611711e+00 6.671446486589912794e+00 3.640203908406128175e+00 -3.392841131845498293e+00 -2.638955201705261100e+00 9.219944117862308275e+00 4.449846061132075370e+00 -2.727049884199344909e+00 -6.196636644266249938e+00 5.212616821948749646e+00 -5.092350403001496773e+00 1.612218330207965122e+00 -2.654955955453508043e+00 -2.367803881757191675e+01 -5.571400639054751913e+00 -9.915427901850438763e-01 -9.440006023240230526e-01 1.312062200244113264e+01 -8.926444254201479467e+00 1.111770194944379320e+01 1.967547907875825075e+01 9.709019691649864114e+00 -3.411271846811740893e+00
8.358419311843361399e+00 -8.345974320420795678e+00 -8.814644695219217008e-01 1.241943974978527798e+01 3.790629440552708562e+00 -1.752059544667800450e+00 -2.180256917260770066e+01 -6.338038729219651835e+00 3.907774980924162977e-01 1.254830745211565279e+01 -7.581653354273971246e+00 1.335204174289377876e+00 -3.307814917598311588e+00 -1.212693072205979661e+01 -4.352447483708669296e+00 6.639742792804975480e+00 -7.647268656273424448e+00 -1.008259315261312494e+01 5.680946962676649559e-01 -3.098008217498492645e+00 -6.944198127672683185e+00 -3.431264438892994928e+00 -7.748336322127244102e+00 1.101503060453424165e+00 3.435960700275246804e+00 -4.943308172640470843e+00 -9.950346269173628855e+00 -1.311948886664253067e+01 1.006680433746420000e+01 9.004936854018948722e+00 1.778664111700700934e+00 6.034524224599450370e+00 1.083815742412223226e+00 -1.150986041049632469e+01 -1.001844792201049472e+01 -6.383268191644370759e+00 1.594899973011776595e+01 1.631196333756541605e+01 8.089234072313780999e+00 7.875487244018562372e+00 2.546952538338712824e+00 -1.277876453464791506e+00 5.741366060933983384e+00 4.605114814002932988e+00 -5.430147842245566459e+00 -1.778876215244584280e+00 -1.273532321105403753e+01 5.423091136707489213e+00 -7.795514322490085135e+00 -3.941922893117659754e+00 -6.360192759032567089e+00 -5.666099993391213729e+00 -9.799399574166379523e+00 1.647821131590598398e+01 -1.046521700360387008e+01 -1.319229636179978904e+01 7.864023631925288527e+00 -5.559737914500046507e+00 -6.861121650122411708e+00 1.489959108005960431e-01 -5.496480417598579749e+00 -1.368159370869764224e+01 -6.315842110574973134e+00 2.280606413600258175e+00 4.468758859726330357e+00 7.032945244548965746e+00 -3.152840383407270686e+00 5.595923438173859843e+00 -2.077457489943524416e-01 -8.382560622739114731e-01 6.714808490257286877e+00 -3.501851368220955329e+00 1.929451848737759434e+01 -2.954679104743399343e+00 -1.315835897033829838e+01 1.982785369954565002e+00 -1.216143177479467496e+01 3.552950159606559133e+00 1.276289625509058112e+01 5.780751301392967001e+00 -1.134608544331875635e+00 -1.431300159177080111e+01 -6.946088022797265893e+00 -4.917304967166340468e+00 5.905642438584859377e+00 -1.181392356501774543e+01 -1.015278008246317043e+01 -4.489611201252514672e-01 4.474034872319005984e+00 8.317928238747995806e-01 1.670355926009634118e+01 -3.338483290868133224e+00 -1.734203092407794244e+01 8.712281102179398218e+00 2.445371934479410481e+00 1.034314405106977119e+01 -5.363857532015257945e+00 -9.052549987662093400e+00 8.346094127496752613e-01 3.160255231757912675e+00
7.073770566761664824e+00 8.985942092954726235e+00 3.809764706368653719e+00 1.646486170758280521e+00 3.051685710040599186e+00 1.338001929416773095e+00 1.255396846944724087e+00 2.620942982402109767e+00 9.101654459447585666e+00 -7.506014407219211426e-01 6.213253527864488479e-01 -7.942916573120878176e+00 4.933384394182954047e+00 -1.212202698145338875e+00 -6.842099356541387678e+00 -1.756602279439226644e+00 -6.471631963260360720e+00 1.551468737284590338e+00 -1.129764326729830182e-01 1.213421246561666278e+00 -2.696536404521157060e+00 -6.922282673592965452e+00 -6.536980808183621150e+00 2.082761502036949430e-01 4.568954856555818900e+00 -2.745967352305648923e+00 -1.249333822160300755e+00 3.612268727729726514e+00 5.967862701082041532e+00 -7.214798580307067999e-01 -1.616651449531737672e+00 3.916013649177925160e+00 4.209584981431087336e-02 1.611962113370747129e+00 -5.094609157801270882e+00 7.793844481507061772e+00 7.710965770559130128e+00 3.633211958032923850e+00 -1.074484464048131249e+00 -6.216317412156260325e-01 1.509433908867245488e+00 5.318720193201890822e+00 -1.744942139021655736e+00 1.633886176248754651e+00 -2.704146240270413504e+00 2.712428528755921775e+00 1.588000498667411442e+00 1.761966050980374954e+00 9.556351464977597132e+00 4.479179331123388508e+00 -2.736334090790301099e-01 -3.313881519657846386e+00 4.517732593612525882e+00 -1.755632340421629189e+00 3.807111240019642295e+00 3.385824622431863773e+00 4.763851941748715291e+00 1.278126507349720997e+00 -4.147294215660782157e+00 -2.764885936235544683e+00 -1.419488987559945237e+00 -8.915783050190434267e+00 -4.428456109300887178e+00 6.187402538262965379e+00 -1.575027974469906389e-01 -6.879934026872110975e-01 8.674520286191857110e+00 -9.598870826026034697e-01 2.566906070571648435e+00 -2.959436920570462259e+00 3.650035858575399139e+00 -1.870318525971512269e+00 -6.824718110996287612e-02 -1.694605330040450109e-01 -1.859001432523798236e+00 2.536853798237623248e-01 -2.395170272161407432e+00 -1.978150700654145444e+00 -4.636242775990625731e+00 -8.300553962461364677e+00 -2.556067752139228766e+00 -1.194142099393661782e+00 4.620767938654297247e+00 -5.880290082418355269e+00 5.692539930380631219e-01 2.785897143969986889e+00 -6.347507271355421032e+00 -2.032375872522235394e+00 -7.764436027474537205e+00 3.545723347745625698e-01 1.600173713068439918e+00 1.563665833750230272e+00 1.979882759516450541e+00 8.278543065968062109e+00 -2.775035993909443555e+00 2.441433504375581265e+00 2.766133835733175950e+00 -1.928899731614922564e+00 -5.451818552586659150e-01 2.337570563306353488e+00
1.604603708300868625e+00 7.488866235884489519e+00 -6.069406746298696698e-01 5.776126280923707945e-01 4.879243600050539031e-01 5.991165540779904930e+00 -3.424898957979475522e+00 3.466362823833186724e+00 -5.831969616241567067e+00 6.146387514608915303e+00 1.516409419657750446e+00 -1.395089366351181859e+00 4.821482299256964588e+00 -4.204623832335461664e+00 7.822559129196035244e+00 -5.023616370659011565e+00 -8.530342830056218961e-01 -2.048321460737291488e+00 1.717590104643238247e+00 -2.543708784669869161e+00 -1.441722374267792484e+00 7.114910981447699623e-01 1.855754563020816983e+00 2.923571773658759643e+00 -4.951588176840219901e+00 -3.491814164989673674e+00 2.251999941046266551e-01 1.867268386676365965e+00 7.602471183957103307e+00 -4.293667422847345705e+00 4.901930100876274565e+00 1.428823650580500981e+00 7.161227844817656951e+00 7.551372259140522125e+00 3.887194722755541232e+00 -1.658602205775962180e+00 5.936842434257412648e+00 -3.453488850258425114e+00 3.217704123620312551e+00 2.462653781152339683e+00 -4.408488004997870746e+00 -2.785190588238325660e+00 7.415450831048330471e+00 -3.087302455378144739e+00 1.275283485509125514e-01 2.312099703625005720e+00 -4.383089399354789251e+00 6.683408720513309698e-01 3.787354673538551708e+00 -5.276713639291762625e+00 6.870426564830203198e+00 -3.947170369827819880e-01 -4.330465812313162743e+00 -1.997089891546156570e+00 3.510825362907583069e-01 -4.010789401894445660e+00 1.270926043857065535e+00 3.435839119696174837e+00 2.733123154151246847e+00 -1.826639480953751393e+00 -5.513424037421056134e+00 2.507164878588591161e+00 2.091703517683402569e-01 -5.184298183055253695e+00 -4.683953246214863420e+00 3.094783089522587627e+00 5.359444753421859886e+00 4.409525003974171575e+00 -6.483885987412048912e+00 1.122453103790231221e+00 1.272154177996921876e+00 -3.787113492822470562e+00 1.520388232752865498e+00 -3.833232258821761995e+00 1.930689451478683871e+00 6.276019516087621986e-01 -9.540405941093608178e-01 -2.176833204358330054e+00 3.132585359395097413e+00 1.709245203636572397e+00 -1.593153699398414558e+00 -1.239117788755142113e+00 4.329229439170558358e+00 2.089412325602394205e+00 -1.280482923302430187e+00 -2.909644514274137617e+00 2.447579448097088051e+00 -2.391062053942050181e+00 7.570331637444152051e-01 -1.246632072639004107e+00 -1.111806418570930077e+01 -2.616001139046328472e+00 -4.655840952073510008e-01 -4.432507443457821550e-01 6.160782273165720468e+00 -4.191409951925450628e+00 5.220301884390940117e+00 9.238639788745871329e+00 4.558864544539392938e+00 -1.601757149684795767e+00
3.924698693097685265e+00 -3.918862711246639208e+00 -4.138844087098301761e-01 5.831536228079109208e+00 1.779903468235000119e+00 -8.226828523253232328e-01 -1.023741768996594104e+01 -2.976013267404169049e+00 1.834896801570039537e-01 5.892058440230734995e+00 -3.559957331101114786e+00 6.269407458615248174e-01 -1.553199698618724867e+00 -5.694198926965305496e+00 -2.043699288406366055e+00 3.117686556609538862e+00 -3.590773616439143723e+00 -4.734284498602446156e+00 2.667608471895409616e-01 -1.454733179939396992e+00 -3.260629282645168381e+00 -1.611169013031857000e+00 -3.638237483845530917e+00 5.172078447790462441e-01 1.613345434236459708e+00 -2.321111461923529795e+00 -4.672179292889481417e+00 -6.160252024014943650e+00 4.726880977264825034e+00 4.228247059755338988e+00 8.351712462867501019e-01 2.833635060064858990e+00 5.089019679035454713e-01 -5.404459660107980845e+00 -4.704158764529939418e+00 -2.997267806897792930e+00 7.488874588136688715e+00 7.659292613756238488e+00 3.798210814102826571e+00 3.697889527818483568e+00 1.195922284087993281e+00 -6.000266938524129179e-01 2.695851378419902300e+00 2.162310959855180403e+00 -2.549735388125980773e+00 -8.352736575790080664e-01 -5.979871717689833943e+00 2.546390856980768280e+00 -3.660391251740513940e+00 -1.850928715328044705e+00 -2.986427267899642413e+00 -2.660518444877721045e+00 -4.601317982516409444e+00 7.737354098072676045e+00 -4.913946755180486292e+00 -6.194433647880726035e+00 3.692521434077003839e+00 -2.610571073490561833e+00 -3.221643812738884449e+00 6.987505599350814223e-02 -2.580868457909529123e+00 -6.424205292805603484e+00 -2.965598519125293819e+00 1.070857299977850507e+00 2.098300366821157059e+00 3.302391192877767168e+00 -1.480426222010764681e+00 2.627559457936312182e+00 -9.754731383940001832e-02 -3.936196382759072354e-01 3.152806633321993068e+00 -1.644304337389576709e+00 9.059756317206142384e+00 -1.387369300525131965e+00 -6.178498727044254402e+00 9.310051133455633510e-01 -5.710390835671144139e+00 1.668252866430734338e+00 5.992823287546767297e+00 2.714340949098616562e+00 -5.326962533596441007e-01 -6.720654419100493548e+00 -3.261525522313474923e+00 -2.308946404690648269e+00 2.772966451714477198e+00 -5.547231832093561188e+00 -4.767218284823202978e+00 -2.108212439149025341e-01 2.100786865172426410e+00 3.905672732446918149e-01 7.843185198830344262e+00 -1.567505729690877425e+00 -8.142954138432260791e+00 4.090857531454842544e+00 1.148224534758837123e+00 4.856616628551212678e+00 -2.518598596718581106e+00 -4.250633659574944545e+00 3.919031333245128201e-01 1.483892435324294601e+00
1.764019434034179046e+00 2.240876757573913025e+00 9.500511468926950975e-01 4.105927683295332864e-01 7.610063780221379970e-01 3.336610019492096124e-01 3.130657782819523116e-01 6.535905590579026425e-01 2.269729078370305686e+00 -1.871814449691591720e-01 1.549416911588461787e-01 -1.980764417562097091e+00 1.230256982592593751e+00 -3.022897535931232116e-01 -1.706251893919683571e+00 -4.380429118469965633e-01 -1.613857027115229048e+00 3.868982341549233039e-01 -2.816799820721281947e-02 3.026832217711485362e-01 -6.724480074209674418e-01 -1.726236739107361418e+00 -1.630150823527875881e+00 5.193507179390245004e-02 1.139383308765595793e+00 -6.847598495793392193e-01 -3.115559207278419396e-01 9.008076189891625063e-01 1.488240331675607875e+00 -1.799170649785460374e-01 -4.031403968319080544e-01 9.765108389862019456e-01 1.049619057181723839e-02 4.019830440799616600e-01 -1.270470195387286116e+00 1.943589463317725308e+00 1.922928853697405405e+00 9.060334077301671618e-01 -2.679166333260796784e-01 -1.550272166304959287e-01 3.764120614059565106e-01 1.326349702730627245e+00 -4.351437606295793792e-01 4.074469910432378383e-01 -6.743626472057009380e-01 6.764046790437341361e-01 3.960123466742968001e-01 4.393939124876495850e-01 2.383120266518764740e+00 1.116993064859703511e+00 -6.823520535374447138e-02 -8.263816938071145701e-01 1.126603792572468343e+00 -4.378092433026815056e-01 9.493933476916077696e-01 8.443335598704745371e-01 1.187968593268787787e+00 3.187395256357163364e-01 -1.034234720031209198e+00 -6.894632071158482978e-01 -3.539828785559269164e-01 -2.223376773857248967e+00 -1.104333111186563743e+00 1.542978925146214930e+00 -3.927398103771582993e-02 -1.715847630256221723e-01 2.163212773270737355e+00 -2.393694626947175108e-01 6.401226701393193386e-01 -7.380031058494868068e-01 9.102695873984048003e-01 -4.664099504709943722e-01 -1.701847314872444519e-02 -4.226103239066465733e-02 -4.635883312869087391e-01 6.326397813684764282e-02 -5.972882074555361243e-01 -4.932941515506212848e-01 -1.156162198835836818e+00 -2.069949355111696310e+00 -6.374143301832539965e-01 -2.977911589563491113e-01 1.152297700455531260e+00 -1.466394680164595954e+00 1.419622099312891905e-01 6.947296795530712998e-01 -1.582906994776661191e+00 -5.068339032093024388e-01 -1.936260727395212600e+00 8.842198991896071947e-02 3.990454608573211770e-01 3.898407430610952851e-01 4.937327477390575092e-01 2.064462451826408973e+00 -6.920150459537207643e-01 6.088312771337219820e-01 6.898028146196658605e-01 -4.810192313467949732e-01 -1.359594733148258572e-01 5.829231104571727107e-01
4.001461337783425165e-01 1.867540856254734871e+00 -1.513564904347085016e-01 1.440427032636986404e-01 1.216781462450212126e-01 1.494041099626384872e+00 -8.540853868537803262e-01 8.644252754890318080e-01 -1.454350434661002778e+00 1.532755513751263621e+00 3.781532758935375327e-01 -3.478962399773244396e-01 1.202354588623826936e+00 -1.048522452015746564e+00 1.950754569043632536e+00 -1.252756772125761753e+00 -2.127177800340791514e-01 -5.108021756550419346e-01 4.283232857410743666e-01 -6.343541560221196418e-01 -3.595175674946456956e-01 1.774312313203449953e-01 4.627813096925776359e-01 7.290568029247583848e-01 -1.234799536385360330e+00 -8.707629672054829628e-01 5.615578954818165741e-02 4.656466778743512669e-01 1.895870753193656943e+00 -1.070731636304560475e+00 1.222414111628343347e+00 3.562810701329867102e-01 1.785823687441286056e+00 1.883124963405173213e+00 9.693610015356717291e-01 -4.136148711453178084e-01 1.480505715495361141e+00 -8.612148389070409804e-01 8.023958120938786687e-01 6.141604870082314482e-01 -1.099355506473964628e+00 -6.945568549464576913e-01 1.849223607103605227e+00 -7.698907692655986290e-01 3.178401353346519548e-02 5.765785915778383064e-01 -1.093025315297349476e+00 1.666652634370503483e-01 9.444761397527573488e-01 -1.315876267262449995e+00 1.713310469984441253e+00 -9.842033483963817664e-02 -1.079906811595739757e+00 -4.980240565550758669e-01 8.755209536189999253e-02 -1.000184591696026137e+00 3.169368751820828001e-01 8.568091931966121955e-01 6.815651224088575821e-01 -4.555134769596004829e-01 -1.374897097451529326e+00 6.252259588295231429e-01 5.216026020403195101e-02 -1.292832839886289387e+00 -1.168051319031134350e+00 7.717502995591544179e-01 1.336514540947704166e+00 1.099613975132578858e+00 -1.616911347476976291e+00 2.799061235519093582e-01 3.172635251834183823e-01 -9.443981390826065025e-01 3.791474932841373269e-01 -9.559005345779350016e-01 4.814602107511424811e-01 1.565109915481326663e-01 -2.379111343383409072e-01 -5.428443379875534935e-01 7.811902083751472992e-01 4.262370318628835864e-01 -3.973107025173052698e-01 -3.090029232209780541e-01 1.079601536933720629e+00 5.210408876448433535e-01 -3.193184493237304356e-01 -7.255969754204516509e-01 6.103620134911548201e-01 -5.962488065723681174e-01 1.887914533203434719e-01 -3.108772630663021452e-01 -2.772579163888967635e+00 -6.523432985502933823e-01 -1.161069670959028050e-01 -1.105334844720246013e-01 1.536339838902672339e+00 -1.045230117118624458e+00 1.301804126714560583e+00 2.303889249627095293e+00 1.136862400501198467e+00 -3.994351504924658069e-01
9.787211328911576969e-01 -9.772689251735853233e-01 -1.032092332939320151e-01 1.454231803260820577e+00 4.438681720914495754e-01 -2.051575231641566965e-01 -2.552960168183060041e+00 -7.421366197413965526e-01 4.575769836673913848e-02 1.469329638438756636e+00 -8.877593996419722577e-01 1.563412451161946826e-01 -3.873347660161790551e-01 -1.419987654982199254e+00 -5.096497092704308507e-01 7.774697103632340900e-01 -8.954469427306747109e-01 -1.180611211248874914e+00 6.652833431424474975e-02 -3.627997655661503451e-01 -8.131100642692875580e-01 -4.017923269013643495e-01 -9.072863528114992748e-01 1.289772577140511356e-01 4.023231621708883710e-01 -5.788182642384684939e-01 -1.165120152915605001e+00 -1.536208361097866071e+00 1.178769157981311544e+00 1.054408433921026678e+00 2.082702422628110173e-01 7.066880103521331336e-01 1.269056530974068675e-01 -1.347736588339027985e+00 -1.173095989657156668e+00 -7.474440315803808632e-01 1.867543677237344601e+00 1.910036808472006076e+00 9.471401222994443314e-01 9.221406159543625858e-01 2.982328671541167875e-01 -1.496312993895882182e-01 6.722737682678204818e-01 5.392167117960754430e-01 -6.358430159565032769e-01 -2.082969502423071273e-01 -1.491228045558651072e+00 6.349960919178722074e-01 -9.128114931347228733e-01 -4.615740061877278144e-01 -7.447384082932309024e-01 -6.634660554806568467e-01 -1.147455663138085447e+00 1.929503249834025214e+00 -1.225414912758718833e+00 -1.544730257255866102e+00 9.208080275670249559e-01 -6.510083554735525135e-01 -8.033976591591602823e-01 1.738938590586574726e-02 -6.436012551793696135e-01 -1.602038612896799386e+00 -7.395426299722892560e-01 2.670439477335142531e-01 5.232604653384381743e-01 8.235620612557407183e-01 -3.691847632375250265e-01 6.552437773818577949e-01 -2.432593978234067270e-02 -9.816556210044503905e-02 7.861750247050411922e-01 -4.100517964489636125e-01 2.259278845284292458e+00 -3.459744666584274042e-01 -1.540756652206908939e+00 2.321640938041245328e-01 -1.424022161197216141e+00 4.160053202912579184e-01 1.494459765006135754e+00 6.768830326616109838e-01 -1.328163195382803807e-01 -1.675953677522948659e+00 -8.133372305033869099e-01 -5.758031718484351025e-01 6.914956345483791456e-01 -1.383340050101914631e+00 -1.188814730421108523e+00 -5.257824154743818285e-02 5.238843292030291865e-01 9.739709944953421628e-02 1.955902702230663648e+00 -3.908631660369756289e-01 -2.030646894648401979e+00 1.020158175457509309e+00 2.863380234679498981e-01 1.211113770510264143e+00 -6.280740708425907037e-01 -1.060003465494216979e+00 9.773575907139367414e-02 3.700427486224310281e-01
