# 
#                 ----------------------------------------------------
#                 Data from a 3D direct N-body simulation. 
# 
#                 rows are i-particle; 
#                 coumns are :mass, tag, x ,y, z, vx, vy, vz, ax, ay, az
# 
#                 NTHU, Computational Physics Lab
# 
#                 ----------------------------------------------------
#                 Time = 4.4999999999999485
1.000000000000000000e+00 2.000000000000000000e+00 3.000000000000000000e+00 4.000000000000000000e+00 5.000000000000000000e+00 6.000000000000000000e+00 7.000000000000000000e+00 8.000000000000000000e+00 9.000000000000000000e+00 1.000000000000000000e+01 1.100000000000000000e+01 1.200000000000000000e+01 1.300000000000000000e+01 1.400000000000000000e+01 1.500000000000000000e+01 1.600000000000000000e+01 1.700000000000000000e+01 1.800000000000000000e+01 1.900000000000000000e+01 2.000000000000000000e+01 2.100000000000000000e+01 2.200000000000000000e+01 2.300000000000000000e+01 2.400000000000000000e+01 2.500000000000000000e+01 2.600000000000000000e+01 2.700000000000000000e+01 2.800000000000000000e+01 2.900000000000000000e+01 3.000000000000000000e+01 3.100000000000000000e+01 3.200000000000000000e+01 3.300000000000000000e+01 3.400000000000000000e+01 3.500000000000000000e+01 3.600000000000000000e+01 3.700000000000000000e+01 3.800000000000000000e+01 3.900000000000000000e+01 4.000000000000000000e+01 4.100000000000000000e+01 4.200000000000000000e+01 4.300000000000000000e+01 4.400000000000000000e+01 4.500000000000000000e+01 4.600000000000000000e+01 4.700000000000000000e+01 4.800000000000000000e+01 4.900000000000000000e+01 5.000000000000000000e+01 5.100000000000000000e+01 5.200000000000000000e+01 5.300000000000000000e+01 5.400000000000000000e+01 5.500000000000000000e+01 5.600000000000000000e+01 5.700000000000000000e+01 5.800000000000000000e+01 5.900000000000000000e+01 6.000000000000000000e+01 6.100000000000000000e+01 6.200000000000000000e+01 6.300000000000000000e+01 6.400000000000000000e+01 6.500000000000000000e+01 6.600000000000000000e+01 6.700000000000000000e+01 6.800000000000000000e+01 6.900000000000000000e+01 7.000000000000000000e+01 7.100000000000000000e+01 7.200000000000000000e+01 7.300000000000000000e+01 7.400000000000000000e+01 7.500000000000000000e+01 7.600000000000000000e+01 7.700000000000000000e+01 7.800000000000000000e+01 7.900000000000000000e+01 8.000000000000000000e+01 8.100000000000000000e+01 8.200000000000000000e+01 8.300000000000000000e+01 8.400000000000000000e+01 8.500000000000000000e+01 8.600000000000000000e+01 8.700000000000000000e+01 8.800000000000000000e+01 8.900000000000000000e+01 9.000000000000000000e+01 9.100000000000000000e+01 9.200000000000000000e+01 9.300000000000000000e+01 9.400000000000000000e+01 9.500000000000000000e+01 9.600000000000000000e+01 9.700000000000000000e+01 9.800000000000000000e+01 9.900000000000000000e+01 1.000000000000000000e+02
2.000000000000000111e-01 2.000000000000000111e-01 2.000000000000000111e-01 2.000000000000000111e-01 2.000000000000000111e-01 2.000000000000000111e-01 2.000000000000000111e-01 2.000000000000000111e-01 2.000000000000000111e-01 2.000000000000000111e-01 2.000000000000000111e-01 2.000000000000000111e-01 2.000000000000000111e-01 2.000000000000000111e-01 2.000000000000000111e-01 2.000000000000000111e-01 2.000000000000000111e-01 2.000000000000000111e-01 2.000000000000000111e-01 2.000000000000000111e-01 2.000000000000000111e-01 2.000000000000000111e-01 2.000000000000000111e-01 2.000000000000000111e-01 2.000000000000000111e-01 2.000000000000000111e-01 2.000000000000000111e-01 2.000000000000000111e-01 2.000000000000000111e-01 2.000000000000000111e-01 2.000000000000000111e-01 2.000000000000000111e-01 2.000000000000000111e-01 2.000000000000000111e-01 2.000000000000000111e-01 2.000000000000000111e-01 2.000000000000000111e-01 2.000000000000000111e-01 2.000000000000000111e-01 2.000000000000000111e-01 2.000000000000000111e-01 2.000000000000000111e-01 2.000000000000000111e-01 2.000000000000000111e-01 2.000000000000000111e-01 2.000000000000000111e-01 2.000000000000000111e-01 2.000000000000000111e-01 2.000000000000000111e-01 2.000000000000000111e-01 2.000000000000000111e-01 2.000000000000000111e-01 2.000000000000000111e-01 2.000000000000000111e-01 2.000000000000000111e-01 2.000000000000000111e-01 2.000000000000000111e-01 2.000000000000000111e-01 2.000000000000000111e-01 2.000000000000000111e-01 2.000000000000000111e-01 2.000000000000000111e-01 2.000000000000000111e-01 2.000000000000000111e-01 2.000000000000000111e-01 2.000000000000000111e-01 2.000000000000000111e-01 2.000000000000000111e-01 2.000000000000000111e-01 2.000000000000000111e-01 2.000000000000000111e-01 2.000000000000000111e-01 2.000000000000000111e-01 2.000000000000000111e-01 2.000000000000000111e-01 2.000000000000000111e-01 2.000000000000000111e-01 2.000000000000000111e-01 2.000000000000000111e-01 2.000000000000000111e-01 2.000000000000000111e-01 2.000000000000000111e-01 2.000000000000000111e-01 2.000000000000000111e-01 2.000000000000000111e-01 2.000000000000000111e-01 2.000000000000000111e-01 2.000000000000000111e-01 2.000000000000000111e-01 2.000000000000000111e-01 2.000000000000000111e-01 2.000000000000000111e-01 2.000000000000000111e-01 2.000000000000000111e-01 2.000000000000000111e-01 2.000000000000000111e-01 2.000000000000000111e-01 2.000000000000000111e-01 2.000000000000000111e-01 2.000000000000000111e-01
2.766017103040477565e+01 3.513718854157498583e+01 1.489714177213682866e+01 6.438160101309898131e+00 1.193286389163803030e+01 5.231925695554424216e+00 4.908902140214816079e+00 1.024855252047170495e+01 3.558966577017843491e+01 -2.935033277149500908e+00 2.429538435994072376e+00 -3.105873645450562748e+01 1.929075527041260685e+01 -4.740020376733244944e+00 -2.675425849622966012e+01 -6.868780930263161721e+00 -2.530567900271532977e+01 6.066617091159032249e+00 -4.417872220776221659e-01 4.744429017120655345e+00 -1.054411593491321675e+01 -2.706783805354932326e+01 -2.556121911594176055e+01 8.144254897958924655e-01 1.786572351300439010e+01 -1.073746269980610712e+01 -4.885185838580273554e+00 1.412485647320618121e+01 2.333577583806571099e+01 -2.821169513836640608e+00 -6.321548226878855203e+00 1.531274469922875348e+01 1.646108301125758233e-01 6.303163788415522717e+00 -1.992115227540422495e+01 3.047582873838186046e+01 3.015172387641050378e+01 1.420673736437634282e+01 -4.201626583009772986e+00 -2.430700179503095804e+00 5.902265577963281551e+00 2.079751349853922449e+01 -6.823152707859362565e+00 6.388905612213693352e+00 -1.057380480207880780e+01 1.060628360146677451e+01 6.209449209583048912e+00 6.889701170528730323e+00 3.736763713524699426e+01 1.751468922900965097e+01 -1.069981622242560215e+00 -1.295815212392581905e+01 1.766545576718135990e+01 -6.864955532951086958e+00 1.488675050389140253e+01 1.323942313200175569e+01 1.862788690326648222e+01 4.997758581732163918e+00 -1.621691581165186946e+01 -1.081149655082543681e+01 -5.550555755689151383e+00 -3.486286584849869996e+01 -1.731639231373027954e+01 2.419426643313564895e+01 -6.158872902428951246e-01 -2.690156154327060012e+00 3.391946619705898058e+01 -3.753401330525717672e+00 1.003722492429692359e+01 -1.157214364091865555e+01 1.427236093431808150e+01 -7.313403060092042551e+00 -2.668657294172344652e-01 -6.626246657820068497e-01 -7.269148155113148491e+00 9.919667833586334194e-01 -9.365727458546988515e+00 -7.735078755955100860e+00 -1.812883975773917555e+01 -3.245718912289434854e+01 -9.994866519411946371e+00 -4.669378066308060404e+00 1.806835113204811805e+01 -2.299337440645495789e+01 2.225903602284639682e+00 1.089354875392931810e+01 -2.482030709017387693e+01 -7.947043273698365162e+00 -3.036081463061776020e+01 1.386461984231146083e+00 6.257059717176695735e+00 6.114704918003256218e+00 7.741824983559194351e+00 3.237111294694172159e+01 -1.085110344910523850e+01 9.546603344982077743e+00 1.081626300089242676e+01 -7.542467451230631781e+00 -2.131774688217620728e+00 9.140503252786823296e+00
6.274398235359966769e+00 2.928326837129210247e+01 -2.373282967152761991e+00 2.258603595474960368e+00 1.907894869119528991e+00 2.342693694209359379e+01 -1.339218275650349277e+01 1.355431720224592240e+01 -2.280440704816432884e+01 2.403386895930557188e+01 5.929534764450154150e+00 -5.455155203222052940e+00 1.885317816440495875e+01 -1.644112376490097205e+01 3.058809250411232483e+01 -1.964359144288643577e+01 -3.335601880311706680e+00 -8.009426880118910574e+00 6.716197857468699794e+00 -9.946453075713122871e+00 -5.637532581829857392e+00 2.782090667213455770e+00 7.256441487014627434e+00 1.143191188041769557e+01 -1.936192459535263310e+01 -1.365387492416873627e+01 8.806005037040703920e-01 7.301486801168088903e+00 2.972749267975977361e+01 -1.678929016328585178e+01 1.916775717992754835e+01 5.587174488962274310e+00 2.800217177945689073e+01 2.952769539184660275e+01 1.519990899524042938e+01 -6.485534088757087368e+00 2.321447481975015847e+01 -1.350397679277279117e+01 1.258208165580572135e+01 9.629430859564946488e+00 -1.723830444183224131e+01 -1.089077251527248258e+01 2.899623326320942240e+01 -1.207212420581931944e+01 4.987399906969916530e-01 9.040877016037223157e+00 -1.713897543540888790e+01 2.613384221887594450e+00 1.480945934454842394e+01 -2.063324989761286687e+01 2.686504676020893001e+01 -1.543488257741098213e+00 -1.693318647986370706e+01 -7.809107936797053284e+00 1.372814534550151677e+00 -1.568318560603949763e+01 4.969631037104439208e+00 1.343497896034838490e+01 1.068720572850072692e+01 -7.142623337846281117e+00 -2.155888025380690820e+01 9.803617366857258375e+00 8.179132846213262864e-01 -2.027187233303740754e+01 -1.831543386185341049e+01 1.210139899667883512e+01 2.095671998032625183e+01 1.724235988791694041e+01 -2.535360129821305719e+01 4.389086903410981400e+00 4.974352273246710254e+00 -1.480858739061589802e+01 5.945084921003823020e+00 -1.498891689211086131e+01 7.549486928580365408e+00 2.454065240217193633e+00 -3.730541574212774769e+00 -8.511960762844257289e+00 1.224916342817606640e+01 6.683588149387717614e+00 -6.229546625850190367e+00 -4.845260069178861428e+00 1.692833982865151654e+01 8.170135299119840155e+00 -5.007007421183073959e+00 -1.137740000890317127e+01 9.570643078984801377e+00 -9.349722713668761287e+00 2.960158594344848293e+00 -4.874640892890126587e+00 -4.347428651443000547e+01 -1.022928787647579441e+01 -1.820539302410625782e+00 -1.733226814418112882e+00 2.409017734465914273e+01 -1.638944282253255480e+01 2.041268398153881947e+01 3.612531388281085754e+01 1.782628640843601175e+01 -6.263271971592597076e+00
1.534652845108418617e+01 -1.532369583516523548e+01 -1.618401370195967859e+00 2.280275443770198862e+01 6.959836387861709106e+00 -3.216886029027987703e+00 -4.003077558903529365e+01 -1.163696203271518925e+01 7.174894204907774631e-01 2.303939065333275948e+01 -1.392031840203792292e+01 2.451499113667745089e+00 -6.073366159826981026e+00 -2.226571491004388292e+01 -7.991352313584766165e+00 1.219092583759756820e+01 -1.404080668786588149e+01 -1.851220729549809718e+01 1.043080458558769408e+00 -5.688258338815973758e+00 -1.274989049795832941e+01 -6.300034444459081229e+00 -1.422638957017021433e+01 2.022414183862968340e+00 6.308592217255665879e+00 -9.076145586748431526e+00 -1.826937507239753700e+01 -2.408810094222930687e+01 1.848324099800891318e+01 1.653351648241264726e+01 3.265724954490281107e+00 1.108000202637649068e+01 1.989937487159237683e+00 -2.113275332928145289e+01 -1.839441877259588054e+01 -1.172004432562933118e+01 2.928329809058429589e+01 2.994969337560344513e+01 1.485208176820940196e+01 1.445972904249634894e+01 4.676347884959453083e+00 -2.346251672414659151e+00 1.054145090000134743e+01 8.455199717399155546e+00 -9.970074285740954778e+00 -3.266120751902579666e+00 -2.338276203214934412e+01 9.957047658682096625e+00 -1.431301401847952626e+01 -7.237586613058185847e+00 -1.167766419984183202e+01 -1.040327684610400105e+01 -1.799226403416409781e+01 3.025493332010870517e+01 -1.921472869935726280e+01 -2.422176794908629560e+01 1.443871428661689293e+01 -1.020797874573853647e+01 -1.259740961118304448e+01 2.733706204101329362e-01 -1.009183433854303935e+01 -2.512019488976054049e+01 -1.159622513655923193e+01 4.187316732930474572e+00 8.204877265370758010e+00 1.291303995625354517e+01 -5.788812605433053982e+00 1.027441166755730606e+01 -3.814334000910263867e-01 -1.539121934546712644e+00 1.232846374770873332e+01 -6.429616167233344726e+00 3.542584135165407844e+01 -5.424954254663639119e+00 -2.415945787568678682e+01 3.640477469610480465e+00 -2.232904255746883493e+01 6.523334980283835627e+00 2.343339816484439808e+01 1.061375587721036595e+01 -2.083070615164666073e+00 -2.627943058728233794e+01 -1.275338041000661882e+01 -9.028503300382233476e+00 1.084302425746404275e+01 -2.169102862141949828e+01 -1.864102361914055095e+01 -8.243436213433991133e-01 8.214584971003761282e+00 1.527215438801728720e+00 3.066872749864759840e+01 -6.129462003932144576e+00 -3.184093949821144065e+01 1.599624519587209726e+01 4.489838954217308498e+00 1.899057165856219243e+01 -9.848338616784761967e+00 -1.662100424744391347e+01 1.532416953767659074e+00 5.802391840572582282e+00
9.719799094899448377e+00 1.234725691813700443e+01 5.234840721279216957e+00 2.262375214736868312e+00 4.193194683743882045e+00 1.838493180124529225e+00 1.724995477965793667e+00 3.601328290232630014e+00 1.250624759351456206e+01 -1.031373562656199505e+00 8.537377809915730476e-01 -1.091406259285689195e+01 6.778769230249434230e+00 -1.665637082538950153e+00 -9.401476851131235435e+00 -2.413666053034363213e+00 -8.892416731324392032e+00 2.131816007853675643e+00 -1.552281605636501027e-01 1.667450118423646988e+00 -3.705208180266277740e+00 -9.511636914181881508e+00 -8.982206143928760156e+00 2.861785624378319626e-01 6.278029490883866970e+00 -3.773106175496609094e+00 -1.716667767423855961e+00 4.963479799106852219e+00 8.200222974090371153e+00 -9.913553084514674651e-01 -2.221361352787317944e+00 5.380777469197957075e+00 5.784006317680479708e-02 2.214936559885030132e+00 -7.000314170731019026e+00 1.070922807609032290e+01 1.059535880179299028e+01 4.992261856694507394e+00 -1.476357769095493433e+00 -8.541728911723194262e-01 2.074051746011913444e+00 7.308244062260414786e+00 -2.397657594654709623e+00 2.245056381830096814e+00 -3.715690779823673573e+00 3.727035005699780967e+00 2.182019125377078428e+00 2.421056961674695085e+00 1.313103140090045962e+01 6.154668488873021204e+00 -3.759860959731329833e-01 -4.553452983419845168e+00 6.207637674334134381e+00 -2.412346000942151125e+00 5.231200741839164614e+00 4.652324405391398798e+00 6.545803672851667976e+00 1.756236020665938646e+00 -5.698646142041569718e+00 -3.799079106796517724e+00 -1.950463096586144252e+00 -1.225084771172554632e+01 -6.084954825215931784e+00 8.501870250811965235e+00 -2.164136017358997133e-01 -9.453712769811447592e-01 1.191933900746292885e+01 -1.318941092764412071e+00 3.527089908170086829e+00 -4.066441053114804305e+00 5.015441968409685813e+00 -2.569933278778581798e+00 -9.377485410253577625e-02 -2.328521550572901777e-01 -2.554383784790831502e+00 3.485813845526697929e-01 -3.291102055944586269e+00 -2.718091440961723837e+00 -6.370485691305598941e+00 -1.140547731992440461e+01 -3.512188818448654715e+00 -1.640828843176354690e+00 6.349213848370094837e+00 -8.079881541573083581e+00 7.821974791889849676e-01 3.827991294916432530e+00 -8.721867169164127631e+00 -2.792627060452322230e+00 -1.066882675758088794e+01 4.872053178236933069e-01 2.198741887608923751e+00 2.148422128228076211e+00 2.720481710225515215e+00 1.137523616815514060e+01 -3.813057904103383411e+00 3.354680182403989797e+00 3.800837767144416013e+00 -2.650428429358171911e+00 -7.491212504084781010e-01 3.211954650367290220e+00
2.204822699351852933e+00 1.029017719598139102e+01 -8.339753966998756374e-01 7.936766665629511053e-01 6.704416386773198733e-01 8.232226471503512499e+00 -4.706026842324576798e+00 4.763000530361805929e+00 -8.013494979795767748e+00 8.445520336664493755e+00 2.083639158554015935e+00 -1.916933425198897867e+00 6.625013704088870803e+00 -5.777406932841384624e+00 1.074869058859749060e+01 -6.902750798467724991e+00 -1.172110527176364769e+00 -2.814524668199528623e+00 2.360074870826586402e+00 -3.495240633663088126e+00 -1.980998051634567991e+00 9.776380414743613967e-01 2.549926509752903581e+00 4.017156338924069203e+00 -6.803786983958436174e+00 -4.797957968903035386e+00 3.094334976004582960e-01 2.565738105144061976e+00 1.044627696507067505e+01 -5.899764480152152046e+00 6.735550682309979109e+00 1.963243633548845901e+00 9.839962490064163347e+00 1.037605921720002478e+01 5.341235549197571153e+00 -2.279024434714920666e+00 8.157600835728292310e+00 -4.745310903340707043e+00 4.421296693162851454e+00 3.383896050027512370e+00 -6.057520407566158838e+00 -3.827025662380063142e+00 1.018928548232308806e+01 -4.242138130335836976e+00 1.752034868771624732e-01 3.176967359621249098e+00 -6.022626687234034826e+00 9.183386113850191546e-01 5.204068819822943226e+00 -7.250527450746298896e+00 9.440391659391238477e+00 -5.423469290960364342e-01 -5.950325562268017343e+00 -2.744125817507181431e+00 4.824106955171718614e-01 -5.511065707242646106e+00 1.746331248072890086e+00 4.721052504112773995e+00 3.755470281374804653e+00 -2.509909335641749895e+00 -7.575768657797088856e+00 3.445003712884857183e+00 2.874106507949068523e-01 -7.123546987314957057e+00 -6.436029426438651946e+00 4.252407776044546672e+00 7.364216311068132015e+00 6.058945103083223316e+00 -8.909252162653752194e+00 1.542311939409514387e+00 1.748050330492861848e+00 -5.203709790645264732e+00 2.089109392387364039e+00 -5.267082219062446669e+00 2.652879365146077806e+00 8.623685233399798200e-01 -1.310907095070718009e+00 -2.991099386962470685e+00 4.304370522565223567e+00 2.348600340572006839e+00 -2.189120490913033734e+00 -1.702621983432100805e+00 5.948631421789353446e+00 2.870973203000835916e+00 -1.759460408635522555e+00 -3.998039969888623091e+00 3.363122139588714532e+00 -3.285434028147955487e+00 1.040220587220008319e+00 -1.712947798621328621e+00 -1.527693267428860580e+01 -3.594514843151817463e+00 -6.397446031652835874e-01 -6.090508352877274101e-01 8.465291327127889787e+00 -5.759254687576452092e+00 7.173007277532032155e+00 1.269447314369161184e+01 6.264157597186632565e+00 -2.200909612754834654e+00
5.392780073497856819e+00 -5.384765929525011430e+00 -5.686980765857091447e-01 8.012883143652608453e+00 2.445705820014025811e+00 -1.130419123053779007e+00 -1.406685738111516493e+01 -4.089217659426669371e+00 2.521262122082758572e-01 8.096052346527468302e+00 -4.891595931877737335e+00 8.614524673504725394e-01 -2.134201998136921130e+00 -7.824179836293683188e+00 -2.808173805517371946e+00 4.283890731424836673e+00 -4.933943659210803467e+00 -6.505200918558572631e+00 3.665535590933324261e-01 -1.998933950127804726e+00 -4.480293693458343718e+00 -2.213857719014973746e+00 -4.999166785791366863e+00 7.106736243367777206e-01 2.216829827724816404e+00 -3.189338263751722913e+00 -6.419858960384202895e+00 -8.464563897055747077e+00 6.495034517155604981e+00 5.809858891176992834e+00 1.147576519991909683e+00 3.893669263954412596e+00 6.992603256649920773e-01 -7.426064117281746313e+00 -6.463802230109269686e+00 -4.118433650243147781e+00 1.029018981473789474e+01 1.052434729378461498e+01 5.218918877126698774e+00 5.081099200492011470e+00 1.643271484420756101e+00 -8.244735815921456767e-01 3.704261633557749622e+00 2.971135412759630334e+00 -3.503499854360723642e+00 -1.147719048783588880e+00 -8.216713226788298741e+00 3.498884325825507347e+00 -5.029608288314093123e+00 -2.543289524006810076e+00 -4.103534569678037869e+00 -3.655717296483198986e+00 -6.322501231409336953e+00 1.063160842766755820e+01 -6.752068734335630040e+00 -8.511528260716984207e+00 5.073732513669409805e+00 -3.587083280476420999e+00 -4.426740074272555781e+00 9.595743258746551596e-02 -3.546270016110468326e+00 -8.827262851737870619e+00 -4.074912078565085416e+00 1.471423090587389071e+00 2.883190758319428948e+00 4.537735385210309502e+00 -2.034203422240532078e+00 3.610424746417487896e+00 -1.340362200163610906e-01 -5.408682686126833339e-01 4.332066261226587223e+00 -2.259382072039310074e+00 1.244867401534535922e+01 -1.906330862189272501e+00 -8.489632941418692624e+00 1.279250933321102623e+00 -7.846423344112681164e+00 2.292260000245221363e+00 8.234512466067753778e+00 3.729665024768561210e+00 -7.319195133202516246e-01 -9.234583986547423962e+00 -4.481530856449698064e+00 -3.172651450296246178e+00 3.810209087434138997e+00 -7.622241454842739294e+00 -6.550439537507042331e+00 -2.896888133891417638e-01 2.886613232380419003e+00 5.366628643953984534e-01 1.077703907037152753e+01 -2.153798758600876884e+00 -1.118892376926950405e+01 5.621094519520255517e+00 1.577731462738616752e+00 6.673286687759331315e+00 -3.460709447687955187e+00 -5.840638623937658203e+00 5.385069762971016472e-01 2.038956309590303828e+00
1.764018742842356824e+00 2.240876412286596064e+00 9.500503641403402755e-01 4.105926479192792966e-01 7.610057196561023085e-01 3.336607220873168411e-01 3.130657378900250087e-01 6.535899701228790049e-01 2.269728541886011808e+00 -1.871813944601413426e-01 1.549415707292484679e-01 -1.980763744463737153e+00 1.230256274856724730e+00 -3.022894806329068929e-01 -1.706251509672700006e+00 -4.380422525422564828e-01 -1.613856169819139819e+00 3.868981446498795940e-01 -2.816769925497181540e-02 3.026877047459267667e-01 -6.724477462338654954e-01 -1.726235775883741885e+00 -1.630149825379425321e+00 5.193485491304584978e-02 1.139382943902945700e+00 -6.847587941374152498e-01 -3.115559919341543416e-01 9.008072227393315590e-01 1.488240082562185096e+00 -1.799169018136750342e-01 -4.031396289865103455e-01 9.765081329513196629e-01 1.049611013019072052e-02 4.019829113641187890e-01 -1.270469884528390825e+00 1.943588797114283562e+00 1.922928577057711585e+00 9.060331714565371675e-01 -2.679148080079740701e-01 -1.550275772900192306e-01 3.764117784941729550e-01 1.326348942604913317e+00 -4.351435550058752044e-01 4.074466792602776111e-01 -6.743632783119326568e-01 6.764040780534680275e-01 3.960124650687730230e-01 4.393939590517570437e-01 2.383119751819670729e+00 1.116992577140929033e+00 -6.823507093920140598e-02 -8.263804987930938317e-01 1.126603117775891727e+00 -4.378090164609236834e-01 9.493927710064408165e-01 8.443329419861762553e-01 1.187967307438997144e+00 3.187397751476228058e-01 -1.034234549522103253e+00 -6.894613871968496843e-01 -3.539826468603926579e-01 -2.223376219882924776e+00 -1.104332056092733660e+00 1.542978175968712451e+00 -3.927379543536210077e-02 -1.715855728184709494e-01 2.163212286556373876e+00 -2.393692586588238858e-01 6.401224841566625079e-01 -7.380025219385282220e-01 9.102715059246427876e-01 -4.664097586230694925e-01 -1.701843239213994899e-02 -4.226111391035382997e-02 -4.635881707667907636e-01 6.326401977328093007e-02 -5.972876222455441031e-01 -4.932936111488904762e-01 -1.156161773922563585e+00 -2.069948605895670646e+00 -6.374138542067609992e-01 -2.977911648912264231e-01 1.152296989230105817e+00 -1.466394057570351128e+00 1.419623999570857609e-01 6.947292707910867060e-01 -1.582906335271232479e+00 -5.068342728595195412e-01 -1.936260326841604984e+00 8.842198788926937392e-02 3.990454422763326514e-01 3.898353935793935077e-01 4.937325581069431646e-01 2.064461813186570183e+00 -6.920143150114472785e-01 6.088310134098249282e-01 6.898024922571625028e-01 -4.810190657074024934e-01 -1.359596787926947159e-01 5.829224684075461349e-01
4.001459011853780723e-01 1.867540496424180407e+00 -1.513564753638466931e-01 1.440426850383530744e-01 1.216782120513783816e-01 1.494040302130520415e+00 -8.540851694414114403e-01 8.644250461268493391e-01 -1.454350114607657174e+00 1.532755016011284832e+00 3.781530817734333194e-01 -3.478959058530131654e-01 1.202354058113924484e+00 -1.048521811195087139e+00 1.950754131674730996e+00 -1.252755961687016750e+00 -2.127173074719037882e-01 -5.108021134945132102e-01 4.283231055091767381e-01 -6.343548385971212733e-01 -3.595168197514544417e-01 1.774313382306972608e-01 4.627812899348606734e-01 7.290560937452598145e-01 -1.234798984398094657e+00 -8.707622494038441685e-01 5.615558890054367369e-02 4.656463468282749374e-01 1.895870366297811138e+00 -1.070731195620150622e+00 1.222413461384279643e+00 3.562792699133051633e-01 1.785822704418762008e+00 1.883124422970737566e+00 9.693602515911069473e-01 -4.136147848408011085e-01 1.480505524895040725e+00 -8.612146111278550231e-01 8.023945375480310283e-01 6.141621940629590215e-01 -1.099354555377258791e+00 -6.945566238388178881e-01 1.849222764485689785e+00 -7.698902378271879066e-01 3.178303486720960441e-02 5.765783348463736635e-01 -1.093024555138496501e+00 1.666650905350398615e-01 9.444760694647194033e-01 -1.315875613213840944e+00 1.713309792659917452e+00 -9.841965779979749973e-02 -1.079906292919976307e+00 -4.980238802693092159e-01 8.755211331951875953e-02 -1.000183945683672970e+00 3.169367547253266748e-01 8.568087433843304401e-01 6.815645050317936660e-01 -4.555130766535526732e-01 -1.374895959209579965e+00 6.252258434875973547e-01 5.216015891892943762e-02 -1.292832334380564330e+00 -1.168050433202232119e+00 7.717494531085402620e-01 1.336514259355719991e+00 1.099613016881519689e+00 -1.616910408774323793e+00 2.799057355105801226e-01 3.172644848593849654e-01 -9.443971284452257198e-01 3.791474041915428583e-01 -9.558996006995406081e-01 4.814597641772179748e-01 1.565110852106041950e-01 -2.379109118097349762e-01 -5.428439780542809734e-01 7.811900426073502546e-01 4.262365759671462029e-01 -3.973115211560407367e-01 -3.090027122229723200e-01 1.079601178771363967e+00 5.210403838047369396e-01 -3.193182399928005677e-01 -7.255969670816926342e-01 6.103616487106993116e-01 -5.962474354551726696e-01 1.887917235072163469e-01 -3.108770759667974226e-01 -2.772578878436910088e+00 -6.523419182949539152e-01 -1.161070306922763751e-01 -1.105333338244173375e-01 1.536339057301005173e+00 -1.045229628859520643e+00 1.301803242429960816e+00 2.303888673189576686e+00 1.136861792319056041e+00 -3.994348590322779335e-01
9.787207789953495940e-01 -9.772687371144290758e-01 -1.032090312721970216e-01 1.454230927424438713e+00 4.438682759999136862e-01 -2.051575076097555128e-01 -2.552959545551874321e+00 -7.421360232249243349e-01 4.575768116902782096e-02 1.469329026641686520e+00 -8.877588462935107616e-01 1.563410829072544583e-01 -3.873349330065010698e-01 -1.419987019013643659e+00 -5.096496573465588709e-01 7.774692768052350322e-01 -8.954465307046453049e-01 -1.180610770824930711e+00 6.652856781314693546e-02 -3.628010107031114373e-01 -8.131093035282794812e-01 -4.017925661687474226e-01 -9.072861006290762198e-01 1.289771389710049898e-01 4.023227740640947236e-01 -5.788176045382000812e-01 -1.165119529448388036e+00 -1.536207619204594366e+00 1.178768939297782481e+00 1.054407524637726246e+00 2.082701427417902318e-01 7.066904389351525984e-01 1.269055178528028516e-01 -1.347736116382635352e+00 -1.173095413872107473e+00 -7.474438051916342252e-01 1.867543356276916811e+00 1.910036217404546877e+00 9.471377693753648686e-01 9.221392275241281355e-01 2.982327557510610072e-01 -1.496312313207039113e-01 6.722733274589590691e-01 5.392160296174607348e-01 -6.358429519372393868e-01 -2.082969123392498512e-01 -1.491227425019505004e+00 6.349953495508081636e-01 -9.128112677409844222e-01 -4.615737835963265034e-01 -7.447380635795177728e-01 -6.634657984736284098e-01 -1.147455390380026641e+00 1.929502644922444166e+00 -1.225414480029143549e+00 -1.544729399472233533e+00 9.208069603816447790e-01 -6.510079934912738064e-01 -8.033974070498031139e-01 1.738749698985524172e-02 -6.436008950345371016e-01 -1.602038212978494913e+00 -7.395422021958824033e-01 2.670438023847411801e-01 5.232601252318926921e-01 8.235632824186909229e-01 -3.691848246805841116e-01 6.552433584028216629e-01 -2.432593590258229702e-02 -9.816588076569446319e-02 7.861717963277561338e-01 -4.100518408090718103e-01 2.259278213041861161e+00 -3.459743131733437616e-01 -1.540755804534301054e+00 2.321637379172347693e-01 -1.424021347458557241e+00 4.160043808673617449e-01 1.494459244611342941e+00 6.768825074560608224e-01 -1.328149664734261659e-01 -1.675952624680735470e+00 -8.133366628044294000e-01 -5.758034912323697352e-01 6.914947289900285066e-01 -1.383339548110037898e+00 -1.188813795074008306e+00 -5.257847140724105500e-02 5.238841887314694690e-01 9.739703506612734651e-02 1.955902500498027052e+00 -3.908612570113522700e-01 -2.030646105564145376e+00 1.020157870180181003e+00 2.863379044930465800e-01 1.211113108563127705e+00 -6.280737875648161328e-01 -1.060003205979832996e+00 9.773598583919593241e-02 3.700424726977855072e-01
