# 
#                 ----------------------------------------------------
#                 Data from a 3D direct N-body simulation. 
# 
#                 rows are i-particle; 
#                 coumns are :mass, tag, x ,y, z, vx, vy, vz, ax, ay, az
# 
#                 NTHU, Computational Physics Lab
# 
#                 ----------------------------------------------------
#                 Time = 8.099999999999872
1.000000000000000000e+00 2.000000000000000000e+00 3.000000000000000000e+00 4.000000000000000000e+00 5.000000000000000000e+00 6.000000000000000000e+00 7.000000000000000000e+00 8.000000000000000000e+00 9.000000000000000000e+00 1.000000000000000000e+01 1.100000000000000000e+01 1.200000000000000000e+01 1.300000000000000000e+01 1.400000000000000000e+01 1.500000000000000000e+01 1.600000000000000000e+01 1.700000000000000000e+01 1.800000000000000000e+01 1.900000000000000000e+01 2.000000000000000000e+01 2.100000000000000000e+01 2.200000000000000000e+01 2.300000000000000000e+01 2.400000000000000000e+01 2.500000000000000000e+01 2.600000000000000000e+01 2.700000000000000000e+01 2.800000000000000000e+01 2.900000000000000000e+01 3.000000000000000000e+01 3.100000000000000000e+01 3.200000000000000000e+01 3.300000000000000000e+01 3.400000000000000000e+01 3.500000000000000000e+01 3.600000000000000000e+01 3.700000000000000000e+01 3.800000000000000000e+01 3.900000000000000000e+01 4.000000000000000000e+01 4.100000000000000000e+01 4.200000000000000000e+01 4.300000000000000000e+01 4.400000000000000000e+01 4.500000000000000000e+01 4.600000000000000000e+01 4.700000000000000000e+01 4.800000000000000000e+01 4.900000000000000000e+01 5.000000000000000000e+01 5.100000000000000000e+01 5.200000000000000000e+01 5.300000000000000000e+01 5.400000000000000000e+01 5.500000000000000000e+01 5.600000000000000000e+01 5.700000000000000000e+01 5.800000000000000000e+01 5.900000000000000000e+01 6.000000000000000000e+01 6.100000000000000000e+01 6.200000000000000000e+01 6.300000000000000000e+01 6.400000000000000000e+01 6.500000000000000000e+01 6.600000000000000000e+01 6.700000000000000000e+01 6.800000000000000000e+01 6.900000000000000000e+01 7.000000000000000000e+01 7.100000000000000000e+01 7.200000000000000000e+01 7.300000000000000000e+01 7.400000000000000000e+01 7.500000000000000000e+01 7.600000000000000000e+01 7.700000000000000000e+01 7.800000000000000000e+01 7.900000000000000000e+01 8.000000000000000000e+01 8.100000000000000000e+01 8.200000000000000000e+01 8.300000000000000000e+01 8.400000000000000000e+01 8.500000000000000000e+01 8.600000000000000000e+01 8.700000000000000000e+01 8.800000000000000000e+01 8.900000000000000000e+01 9.000000000000000000e+01 9.100000000000000000e+01 9.200000000000000000e+01 9.300000000000000000e+01 9.400000000000000000e+01 9.500000000000000000e+01 9.600000000000000000e+01 9.700000000000000000e+01 9.800000000000000000e+01 9.900000000000000000e+01 1.000000000000000000e+02
2.000000000000000111e-01 2.000000000000000111e-01 2.000000000000000111e-01 2.000000000000000111e-01 2.000000000000000111e-01 2.000000000000000111e-01 2.000000000000000111e-01 2.000000000000000111e-01 2.000000000000000111e-01 2.000000000000000111e-01 2.000000000000000111e-01 2.000000000000000111e-01 2.000000000000000111e-01 2.000000000000000111e-01 2.000000000000000111e-01 2.000000000000000111e-01 2.000000000000000111e-01 2.000000000000000111e-01 2.000000000000000111e-01 2.000000000000000111e-01 2.000000000000000111e-01 2.000000000000000111e-01 2.000000000000000111e-01 2.000000000000000111e-01 2.000000000000000111e-01 2.000000000000000111e-01 2.000000000000000111e-01 2.000000000000000111e-01 2.000000000000000111e-01 2.000000000000000111e-01 2.000000000000000111e-01 2.000000000000000111e-01 2.000000000000000111e-01 2.000000000000000111e-01 2.000000000000000111e-01 2.000000000000000111e-01 2.000000000000000111e-01 2.000000000000000111e-01 2.000000000000000111e-01 2.000000000000000111e-01 2.000000000000000111e-01 2.000000000000000111e-01 2.000000000000000111e-01 2.000000000000000111e-01 2.000000000000000111e-01 2.000000000000000111e-01 2.000000000000000111e-01 2.000000000000000111e-01 2.000000000000000111e-01 2.000000000000000111e-01 2.000000000000000111e-01 2.000000000000000111e-01 2.000000000000000111e-01 2.000000000000000111e-01 2.000000000000000111e-01 2.000000000000000111e-01 2.000000000000000111e-01 2.000000000000000111e-01 2.000000000000000111e-01 2.000000000000000111e-01 2.000000000000000111e-01 2.000000000000000111e-01 2.000000000000000111e-01 2.000000000000000111e-01 2.000000000000000111e-01 2.000000000000000111e-01 2.000000000000000111e-01 2.000000000000000111e-01 2.000000000000000111e-01 2.000000000000000111e-01 2.000000000000000111e-01 2.000000000000000111e-01 2.000000000000000111e-01 2.000000000000000111e-01 2.000000000000000111e-01 2.000000000000000111e-01 2.000000000000000111e-01 2.000000000000000111e-01 2.000000000000000111e-01 2.000000000000000111e-01 2.000000000000000111e-01 2.000000000000000111e-01 2.000000000000000111e-01 2.000000000000000111e-01 2.000000000000000111e-01 2.000000000000000111e-01 2.000000000000000111e-01 2.000000000000000111e-01 2.000000000000000111e-01 2.000000000000000111e-01 2.000000000000000111e-01 2.000000000000000111e-01 2.000000000000000111e-01 2.000000000000000111e-01 2.000000000000000111e-01 2.000000000000000111e-01 2.000000000000000111e-01 2.000000000000000111e-01 2.000000000000000111e-01 2.000000000000000111e-01
7.408228806718619808e+01 9.410819201976465820e+01 3.989889341642494003e+01 1.724335103106536948e+01 3.195968071302518254e+01 1.401262215406341127e+01 1.314755177471977277e+01 2.744859638459881879e+01 9.531999715907468840e+01 -7.860913454156370328e+00 6.507015624042634450e+00 -8.318470972476299607e+01 5.166638397416794248e+01 -1.269514925087624313e+01 -7.165608429896158782e+01 -1.839649141261853416e+01 -6.777616577902888650e+01 1.624825454674619607e+01 -1.183134790212823306e+00 1.270867329509927224e+01 -2.824032634170518108e+01 -7.249573715790428707e+01 -6.846053042957856860e+01 2.181205810906412967e+00 4.784983054514820822e+01 -2.875788014858316899e+01 -1.308407274839115253e+01 3.783061388920202006e+01 6.250037386226581759e+01 -7.555909874543198512e+00 -1.693079260576372747e+01 4.101131175122154815e+01 4.408497163670356822e-01 1.688178444720140448e+01 -5.335492762076323459e+01 8.162350410101109333e+01 8.075559227853567279e+01 3.804997460350691796e+01 -1.125259944753170238e+01 -6.510301893305967091e+00 1.580799971406679916e+01 5.570193199673871476e+01 -1.827444994041571036e+01 1.711136254583790972e+01 -2.832016671089472482e+01 2.840670704047233386e+01 1.663087903303159365e+01 1.845277916527452078e+01 1.000819653076153202e+02 4.690960687137878438e+01 -2.865694602144638115e+00 -3.470552649329729178e+01 4.731333846696752943e+01 -1.838640318280994634e+01 3.987113736407425080e+01 3.545906741985710653e+01 4.989080612248579172e+01 1.338564241730023419e+01 -4.343388151812661135e+01 -2.895588807370780060e+01 -1.486603006671821348e+01 -9.337339458706036055e+01 -4.637829963955561396e+01 6.479949666066413272e+01 -1.649470139830632398e+00 -7.205368621095955106e+00 9.084670142505096635e+01 -1.005270171860840911e+01 2.688274197932603471e+01 -3.099358679562303465e+01 3.822651459780241368e+01 -1.958749777805885373e+01 -7.147345777772351472e-01 -1.774744578754117841e+00 -1.946898085788770771e+01 2.656810685661901150e+00 -2.508411767124573188e+01 -2.071674963791156898e+01 -4.855451582927881304e+01 -8.693017318508334768e+01 -2.676918724341282285e+01 -1.250604866019016370e+01 4.839240428433173946e+01 -6.158318040567096574e+01 5.961731197585208974e+00 2.917616240524861482e+01 -6.647626084634356403e+01 -2.128478739923496832e+01 -8.131555720450342051e+01 3.713375606518415584e+00 1.675834494737674873e+01 1.637514895278396310e+01 2.073494579906924784e+01 8.669967463135115793e+01 -2.906236344004531347e+01 2.556867652651445155e+01 2.896919857213961436e+01 -2.020101306508313854e+01 -5.709630252685668594e+00 2.448087651326887482e+01
1.680470500286832092e+01 7.842956809055762335e+01 -6.356384330369746927e+00 6.049236163603257665e+00 5.109959692758193839e+00 6.274433206065948099e+01 -3.586835092245654266e+01 3.630259302602582494e+01 -6.107717718165892506e+01 6.436999384080958464e+01 1.588106737977786942e+01 -1.461048044385403877e+01 5.049448090653370258e+01 -4.403420898561792995e+01 8.192426466326060108e+01 -5.261135159075193002e+01 -8.933607138518961932e+00 -2.145171327689952889e+01 1.798800081406848506e+01 -2.663993985731180913e+01 -1.509879330640574757e+01 7.451342867447134921e+00 1.943499964779686096e+01 3.061795699936104498e+01 -5.185705423133911296e+01 -3.656906178528328866e+01 2.358448974838510459e+00 1.955553175227833762e+01 7.961932907916488489e+01 -4.496677970084011378e+01 5.133697777614626290e+01 1.496353821962406627e+01 7.499816622071298866e+01 7.908415392881693151e+01 4.070981014570254075e+01 -1.737024571484751334e+01 6.217551331023523176e+01 -3.616776634313631433e+01 3.369826421777013792e+01 2.579123051906685404e+01 -4.616919383380780317e+01 -2.916879143496625915e+01 7.766062310115961509e+01 -3.233270932542403386e+01 1.335424968903631937e+00 2.421418669018046188e+01 -4.590322935266996041e+01 6.999392719744428781e+00 3.966431190823580266e+01 -5.526202159770049605e+01 7.195270305521540877e+01 -4.133695450116976033e+00 -4.535215041281593074e+01 -2.091515532850263526e+01 3.676830762821915677e+00 -4.200421303737726930e+01 1.331017349889062373e+01 3.598288787837546465e+01 2.862343569929002740e+01 -1.913002101180559933e+01 -5.774097132978415203e+01 2.625709400572249308e+01 2.190589287514969286e+00 -5.429419416689741240e+01 -4.905410511947647478e+01 3.241100202766362059e+01 5.612851062883213871e+01 4.618005300230579735e+01 -6.790448695930045631e+01 1.175519840100712976e+01 1.332320893524664385e+01 -3.966163433535649574e+01 1.592275376343532045e+01 -4.014464072803250616e+01 2.021971116648648703e+01 6.572783913402377998e+00 -9.991469452020663056e+00 -2.279754693042534797e+01 3.280700850766952925e+01 1.790056162358613534e+01 -1.668496042269527635e+01 -1.297703643109051619e+01 4.533922798523088460e+01 2.188197967251187137e+01 -1.341024673657431876e+01 -3.047221223322883432e+01 2.563302565374499764e+01 -2.504096629843350996e+01 7.928323529532359970e+00 -1.305573610660240291e+01 -1.164375547957071859e+02 -2.739671462670655799e+01 -4.875993539282855949e+00 -4.642065572142371366e+00 6.452070190361695268e+01 -4.389584687446555478e+01 5.467119370947714430e+01 9.675461483622670755e+01 4.774411715319771332e+01 -1.677488397553488042e+01
4.110264677041519121e+01 -4.104155428275908690e+01 -4.334508629945239555e+00 6.107254869660604868e+01 1.864064394257344404e+01 -8.615815495261475832e+00 -1.072146389726603672e+02 -3.116718603734368642e+01 1.921653529591237808e+00 6.170643016806153724e+01 -3.728274015333199998e+01 6.565817941496926657e+00 -1.626642399889272639e+01 -5.963427713798581209e+01 -2.140330770602560406e+01 3.265093265775673359e+01 -3.760549668940900148e+01 -4.958128765907765967e+01 2.793778782087630752e+00 -1.523537319916203359e+01 -3.414789480620901685e+01 -1.687353846271933122e+01 -3.810260350842879973e+01 5.416610892989750070e+00 1.689623052250882651e+01 -2.430850030792979055e+01 -4.893084083563748266e+01 -6.451515510061616965e+01 4.950378761989270515e+01 4.428156772627859539e+01 8.746590784614211245e+00 2.967656949517670029e+01 5.329622188561975449e+00 -5.659991339462893478e+01 -4.926576411782619402e+01 -3.138984094470574249e+01 7.842966183436784888e+01 8.021437733134635550e+01 3.977763852696483582e+01 3.872714603132134670e+01 1.252467329942464502e+01 -6.283966831015511900e+00 2.823312320391945107e+01 2.264540593187479445e+01 -2.670293598275034697e+01 -8.747673255954337534e+00 -6.262608232264842201e+01 2.666779985247862683e+01 -3.833462049359890500e+01 -1.938442664410880667e+01 -3.127629072491603068e+01 -2.786311705675252171e+01 -4.818877893974429583e+01 8.103189978494235390e+01 -5.146286124827438613e+01 -6.487311475854052389e+01 3.867097865035545112e+01 -2.734000974657528005e+01 -3.373968865369706549e+01 7.314851916062506954e-01 -2.702893959273783153e+01 -6.727954810583231904e+01 -3.105814137264026087e+01 1.121488345488574190e+01 2.197508903678294345e+01 3.458557946081584333e+01 -1.550426269241127031e+01 2.751791701488787467e+01 -1.021595850296601160e+00 -4.122363143017713227e+00 3.301829011361006394e+01 -1.722052762938798409e+01 9.488118956773382706e+01 -1.452965865066134654e+01 -6.470623265742291608e+01 9.750201254778763982e+00 -5.980382356392953369e+01 1.747117779463813037e+01 6.276173807555738193e+01 2.842674773440238667e+01 -5.578619577366747073e+00 -7.038410418214766651e+01 -3.415731211669386624e+01 -2.418125567995254244e+01 2.904066129830200893e+01 -5.809513728924427767e+01 -4.992611777852412303e+01 -2.207932229525547019e+00 2.200116191512983121e+01 4.090334429945896133e+00 8.214031601709740471e+01 -1.641591527707135967e+01 -8.527965050908373712e+01 4.284280795324954028e+01 1.202514164178269773e+01 5.086241556851995682e+01 -2.637681029709099434e+01 -4.451612363340795753e+01 4.104371636766576792e+00 1.554050931571167382e+01
1.607026572920649343e+01 2.041441158278071910e+01 8.655021080987427951e+00 3.740508600925587235e+00 6.932814474465801347e+00 3.039671439554028964e+00 2.852032085286088314e+00 5.954251466995166275e+00 2.067726969237635970e+01 -1.705226521333919054e+00 1.411527289272647590e+00 -1.804481125498537963e+01 1.120769095969595774e+01 -2.753878881118641431e+00 -1.554398181902135612e+01 -3.990617361000678986e+00 -1.470229790089474697e+01 3.524649219826539781e+00 -2.566315145948708243e-01 2.757131311943874064e+00 -6.126019749319035590e+00 -1.572608453686024355e+01 -1.485074430234915610e+01 4.731437765761317138e-01 1.037980764555947211e+01 -6.238236551801083607e+00 -2.838269424920330852e+00 8.206385319449141846e+00 1.355788696859507247e+01 -1.639055956706749750e+00 -3.672663084040490133e+00 8.896203456991127467e+00 9.562596189320013429e-02 3.662074879521046711e+00 -1.157400537728217493e+01 1.770614693613926605e+01 1.751790134303223923e+01 8.253980986821607857e+00 -2.440848859212932265e+00 -1.412272607887088638e+00 3.429133804796201890e+00 1.208309933194074759e+01 -3.964174142803453815e+00 3.711864048288989526e+00 -6.143399348830336670e+00 6.162088956372235415e+00 3.607664143503455545e+00 4.002875270858733181e+00 2.171026188199612506e+01 1.017584117390918408e+01 -6.216321880149191514e-01 -7.528421326747400499e+00 1.026340807831826751e+01 -3.988458184546502139e+00 8.649014016680350636e+00 7.691922245685472781e+00 1.082248441700918029e+01 2.903699514414858740e+00 -9.421890313124592353e+00 -6.281137888903399080e+00 -3.224800343729129715e+00 -2.025500143012265397e+01 -1.006054894498631924e+01 1.405659077390306422e+01 -3.577990397597713979e-01 -1.563080323580393616e+00 1.970690264761810084e+01 -2.180670175992520665e+00 5.831530625129835776e+00 -6.723249422530900077e+00 8.292421723665183819e+00 -4.249008176717681273e+00 -1.550411611875228413e-01 -3.849922641923196887e-01 -4.223301004489146138e+00 5.763319063307620338e-01 -5.441336784883407773e+00 -4.493947784403844459e+00 -1.053266756107808888e+01 -1.885729139070068783e+01 -5.806878115263066853e+00 -2.712877044000554516e+00 1.049748214532275092e+01 -1.335889939225861589e+01 1.293262349954569013e+00 6.329016173044178295e+00 -1.442032917471065900e+01 -4.617230892116130470e+00 -1.763936344747238749e+01 8.055244717596969917e-01 3.635305457224420778e+00 3.551823035695925057e+00 4.497918688971709322e+00 1.880729791955944208e+01 -6.304308549909342752e+00 5.546471510204638911e+00 6.284126347538768087e+00 -4.382096864622224253e+00 -1.238576343778184263e+00 5.310474756417171704e+00
3.645347660975018389e+00 1.701332254584748682e+01 -1.378858689695285911e+00 1.312230310553720747e+00 1.108483282038813078e+00 1.361077059006407275e+01 -7.780733188116950139e+00 7.874930417700235274e+00 -1.324915500345876929e+01 1.396343778945775682e+01 3.444990017044508246e+00 -3.169358280246308723e+00 1.095348766862700352e+01 -9.552084674423825916e+00 1.777140493114196929e+01 -1.141267127570014317e+01 -1.937892259820632068e+00 -4.653412201245057389e+00 3.902037831647022781e+00 -5.778918883850534982e+00 -3.275257694062855052e+00 1.616390989023376967e+00 4.215939129516061534e+00 6.641757414600342635e+00 -1.124906265702306740e+01 -7.932701194496555530e+00 5.115933738135493014e-01 4.242064551440443587e+00 1.727140981359254468e+01 -9.754396248871074704e+00 1.113623835310894883e+01 3.245846816156300996e+00 1.626892303141088547e+01 1.715530648316513762e+01 8.830931543595600175e+00 -3.768037555265423055e+00 1.348742049373586305e+01 -7.845683226606328553e+00 7.309915479115257853e+00 5.594882023635848078e+00 -1.001519565115281729e+01 -6.327429227360633845e+00 1.684648641053010820e+01 -7.013742340714351542e+00 2.896212229880528177e-01 5.252649053090687303e+00 -9.957514161990577151e+00 1.518332727200903509e+00 8.604182584482977347e+00 -1.198767886352361067e+01 1.560830608988844048e+01 -8.966568743240898032e-01 -9.837987586489109759e+00 -4.537011572256340664e+00 7.975983252904376153e-01 -9.111727126668727195e+00 2.887303418703531133e+00 7.805563433691927067e+00 6.209101749255705016e+00 -4.149755925045892191e+00 -1.252539272776609636e+01 5.695816609278093523e+00 4.751870998204082430e-01 -1.177774277679857562e+01 -1.064100990951415682e+01 7.030704778467783633e+00 1.217566730256179142e+01 1.001755079938768134e+01 -1.473012849353908571e+01 2.549972115699349118e+00 2.890203643637104136e+00 -8.603538224918427346e+00 3.454039939212858457e+00 -8.708319646742380016e+00 4.386133973509752870e+00 1.425808543925585870e+00 -2.167386107169555043e+00 -4.945337270566495746e+00 7.116654474512387196e+00 3.883051460039286251e+00 -3.619442962173164968e+00 -2.815031491029698518e+00 9.835195230132070421e+00 4.746717972437565436e+00 -2.909005818233963758e+00 -6.610189041260096765e+00 5.560423631661844723e+00 -5.431923129429821806e+00 1.719871120189114144e+00 -2.832105044741104471e+00 -2.525821628978483346e+01 -5.942944069954054775e+00 -1.057729990939010767e+00 -1.006970653990867381e+00 1.399611098361658712e+01 -9.522080758143520285e+00 1.185949787570014458e+01 2.098847166669493447e+01 1.035685931048865172e+01 -3.638874751092274096e+00
8.916174447830526262e+00 -8.902933154610185085e+00 -9.402503436690728966e-01 1.324811341807305354e+01 4.043631739901679900e+00 -1.868986131546409801e+00 -2.325751098848886755e+01 -6.760906618150357872e+00 4.168538435181239343e-01 1.338563609898892004e+01 -8.087527106109600794e+00 1.424280168702417804e+00 -3.528607959888891976e+00 -1.293613233191920031e+01 -4.642912508867778953e+00 7.082779601069672637e+00 -8.157550669056929493e+00 -1.075539915833013715e+01 6.060566869701320414e-01 -3.305019104568944321e+00 -7.407486261704512742e+00 -3.660311247982479976e+00 -8.265396441611562395e+00 1.174991180339364449e+00 3.665191342731597857e+00 -5.273080838401368098e+00 -1.061428850876788665e+01 -1.399491042465042767e+01 1.073860243288643268e+01 9.605724874913910583e+00 1.897348912917257380e+00 6.437757798303576529e+00 1.156120025587898503e+00 -1.227791356274393131e+01 -1.068694502035812732e+01 -6.809231073828288849e+00 1.701334550730854644e+01 1.740047695818351414e+01 8.628611986994398464e+00 8.400798732209171504e+00 2.716909269750216627e+00 -1.363145931628958474e+00 6.124445076742670580e+00 4.912312290400540071e+00 -5.792534403584531866e+00 -1.897587887145751662e+00 -1.358513120278292341e+01 5.784866682082312472e+00 -8.315728578286089245e+00 -4.204954874461810377e+00 -6.784591179671183525e+00 -6.044193858644058892e+00 -1.045334030532714564e+01 1.757781721430758637e+01 -1.116356033659292635e+01 -1.407255305644016019e+01 8.388636274150702121e+00 -5.930711617169943217e+00 -7.318970433291795530e+00 1.585501258305852257e-01 -5.863232800589025295e+00 -1.459459993248567322e+01 -6.737263486638348731e+00 2.432780602546879223e+00 4.766926795859422583e+00 7.502564686637923863e+00 -3.363268865755432380e+00 5.969300327537964357e+00 -2.216095845515327067e-01 -8.942658266088168162e-01 7.162280801961775190e+00 -3.735568752873617004e+00 2.058207481400340910e+01 -3.151838203102541147e+00 -1.403635280765741378e+01 2.115039957350636435e+00 -1.297289920611615521e+01 3.789874629776154080e+00 1.361456511429108751e+01 6.166441413375526537e+00 -1.210051747861114801e+00 -1.526801215598833927e+01 -7.409542152678932680e+00 -5.245544406853447583e+00 6.299589011365957170e+00 -1.260226321802903549e+01 -1.083016806313187352e+01 -4.789715897810085110e-01 4.772596141126304481e+00 8.872921123975636704e-01 1.781828782702208258e+01 -3.560896961173567909e+00 -1.849924879041328296e+01 9.293662481199365999e+00 2.608547774337009351e+00 1.103329307419447325e+01 -5.721774738685431849e+00 -9.656649850106772348e+00 8.903568008955499158e-01 3.371108876000718180e+00
1.764018388422732952e+00 2.240876235234801062e+00 9.500499627673274494e-01 4.105925861769767482e-01 7.610053820664642865e-01 3.336605785831405768e-01 3.130657171783353121e-01 6.535896681296652355e-01 2.269728266794811322e+00 -1.871813685603390953e-01 1.549415089770144749e-01 -1.980763399320626172e+00 1.230255911949871717e+00 -3.022893406673110017e-01 -1.706251312643568108e+00 -4.380419144688363908e-01 -1.613855730224027063e+00 3.868980987539439309e-01 -2.816754596024032345e-02 3.026900077334935268e-01 -6.724476123065959987e-01 -1.726235281971106428e+00 -1.630149313557409219e+00 5.193474370471298784e-02 1.139382756813945852e+00 -6.847582529263817053e-01 -3.115560284486115217e-01 9.008070195545520020e-01 1.488239954825056000e+00 -1.799168181489612384e-01 -4.031392352496337428e-01 9.765067441751190680e-01 1.049606888202731826e-02 4.019828433116542921e-01 -1.270469725130406236e+00 1.943588455506582102e+00 1.922928435206130215e+00 9.060330503032449911e-01 -2.679138717494894961e-01 -1.550277623224704804e-01 3.764116334243134410e-01 1.326348552836102090e+00 -4.351434495681928971e-01 4.074465193864622026e-01 -6.743636020056174019e-01 6.764037698831202317e-01 3.960125257811494270e-01 4.393939829348893489e-01 2.383119487899062250e+00 1.116992327053869083e+00 -6.823500201556101374e-02 -8.263798859505280259e-01 1.126602771759832589e+00 -4.378089001439696148e-01 9.493924753003323280e-01 8.443326251498906032e-01 1.187966648059400665e+00 3.187399030958365520e-01 -1.034234462092509688e+00 -6.894604538760034096e-01 -3.539825280539873886e-01 -2.223375935823501681e+00 -1.104331515061978131e+00 1.542977791812329524e+00 -3.927370026363609379e-02 -1.715859882490565480e-01 2.163212036985713738e+00 -2.393691540349683344e-01 6.401223887905784782e-01 -7.380022225272967473e-01 9.102724909238815165e-01 -4.664096602628415300e-01 -1.701841149357092089e-02 -4.226115570906253949e-02 -4.635880884572341487e-01 6.326404112223542320e-02 -5.972873221663126397e-01 -4.932933340462386518e-01 -1.156161556041085392e+00 -2.069948221717111458e+00 -6.374136101756231465e-01 -2.977911679362608699e-01 1.152296624535129599e+00 -1.466393738324703877e+00 1.419624973976403026e-01 6.947290611923010450e-01 -1.582905997094763650e+00 -5.068344624890914751e-01 -1.936260121455226857e+00 8.842198684903479489e-02 3.990454327486424591e-01 3.898326462680593574e-01 4.937324608696257444e-01 2.064461485712666633e+00 -6.920139402063532064e-01 6.088308781804244729e-01 6.898023269598653195e-01 -4.810189807730522182e-01 -1.359597841656180472e-01 5.829221391821355347e-01
4.001457819191910903e-01 1.867540311915039553e+00 -1.513564676357455341e-01 1.440426756929424068e-01 1.216782457993215855e-01 1.494039893199399671e+00 -8.540850579594466696e-01 8.644249285172367347e-01 -1.454349950494828070e+00 1.532754760786398052e+00 3.781529822341818670e-01 -3.478957345250382471e-01 1.202353786084219500e+00 -1.048521482601768584e+00 1.950753907406432175e+00 -1.252755546117527263e+00 -2.127170651559336656e-01 -5.108020816215579352e-01 4.283230130935113955e-01 -6.343551894643139066e-01 -3.595164363190874734e-01 1.774313930520017846e-01 4.627812798070920497e-01 7.290557300910803784e-01 -1.234798701356712103e+00 -8.707618813399879976e-01 5.615548601282943642e-02 4.656461770774561471e-01 1.895870167910540305e+00 -1.070730969651718434e+00 1.222413127952441947e+00 3.562783461028072307e-01 1.785822200354705958e+00 1.883124145853310560e+00 9.693598670406321505e-01 -4.136147405865344129e-01 1.480505427161648901e+00 -8.612144943299562261e-01 8.023938838040824972e-01 6.141630696714684978e-01 -1.099354067680569313e+00 -6.945565053342760420e-01 1.849222332417205239e+00 -7.698899653218197470e-01 3.178253296727469313e-02 5.765782032024822090e-01 -1.093024165350540589e+00 1.666650018755827523e-01 9.444760334233763821e-01 -1.315875277838541191e+00 1.713309445348818683e+00 -9.841931057729874643e-02 -1.079906026958636023e+00 -4.980237898756391113e-01 8.755212252813791840e-02 -1.000183614425161682e+00 3.169366929575360148e-01 8.568085127360853814e-01 6.815641884586188803e-01 -4.555128713403282514e-01 -1.374895375552092958e+00 6.252257843439709140e-01 5.216010698216304309e-02 -1.292832075172595241e+00 -1.168049978975821412e+00 7.717490189931056621e-01 1.336514114964554079e+00 1.099612525514520600e+00 -1.616909927436831484e+00 2.799055365330098133e-01 3.172649776606685790e-01 -9.443966102155533227e-01 3.791473585078258823e-01 -9.558991218365164855e-01 4.814595351870136208e-01 1.565111332424672652e-01 -2.379107977031992838e-01 -5.428437934897597517e-01 7.811899576068443984e-01 4.262363421910763672e-01 -3.973119410722537048e-01 -3.090026040286030229e-01 1.079600995117428130e+00 5.210401254518430836e-01 -3.193181326550202370e-01 -7.255969628109188996e-01 6.103614616589017050e-01 -5.962467322975074646e-01 1.887918620576980455e-01 -3.108769800283753826e-01 -2.772578732066917517e+00 -6.523412096753216094e-01 -1.161070633024384735e-01 -1.105332565773765874e-01 1.536338656519909973e+00 -1.045229378495679207e+00 1.301802788993575044e+00 2.303888377611400085e+00 1.136861480467242780e+00 -3.994347095809501202e-01
9.787205975286429327e-01 -9.772686406839821149e-01 -1.032089276809150108e-01 1.454230478322913855e+00 4.438683292903261024e-01 -2.051574996334872281e-01 -2.552959226287105032e+00 -7.421357173473984714e-01 4.575767235049774118e-02 1.469328712931775804e+00 -8.877585625530820534e-01 1.563409997318215838e-01 -3.873350186356436797e-01 -1.419986692908328019e+00 -5.096496307217137645e-01 7.774690544908621215e-01 -8.954463194302294538e-01 -1.180610544989554755e+00 6.652868754593567469e-02 -3.628016505456729268e-01 -8.131089134388509443e-01 -4.017926888598540303e-01 -9.072859713202291454e-01 1.289770780844316789e-01 4.023225750548425905e-01 -5.788172662516132272e-01 -1.165119209754142959e+00 -1.536207238784640161e+00 1.178768827164080824e+00 1.054407058382339502e+00 2.082700917065727075e-01 7.066916856889970955e-01 1.269054485039380342e-01 -1.347735874378837462e+00 -1.173095118626289679e+00 -7.474436891068504396e-01 1.867543191699237770e+00 1.910035914324470285e+00 9.471365625621142037e-01 9.221385155014389934e-01 2.982326986277684666e-01 -1.496311964165726871e-01 6.722731014255554083e-01 5.392156798150049557e-01 -6.358429191321269824e-01 -2.082968929038795380e-01 -1.491227106825112392e+00 6.349949688837900341e-01 -9.128111521664395989e-01 -4.615736694579505861e-01 -7.447378868208761604e-01 -6.634656666729777941e-01 -1.147455250519469283e+00 1.929502334743482983e+00 -1.225414258139391199e+00 -1.544728959624301678e+00 9.208064131333979496e-01 -6.510078078791133871e-01 -8.033972777763412898e-01 1.738652815663685805e-02 -6.436007103628548220e-01 -1.602038007913814122e+00 -7.395419828444056431e-01 2.670437278548094540e-01 5.232599508354837115e-01 8.235639089686835890e-01 -3.691848561865597178e-01 6.552431435680333704e-01 -2.432593391341874786e-02 -9.816604416766633312e-02 7.861701394837060652e-01 -4.100518635631036912e-01 2.259277888848750138e+00 -3.459742344723319984e-01 -1.540755369873504588e+00 2.321635554284595115e-01 -1.424020930198652835e+00 4.160038991538178021e-01 1.494458977769648200e+00 6.768822381420820378e-01 -1.328142724059585278e-01 -1.675952084813001397e+00 -8.133363717039197027e-01 -5.758036550065604997e-01 6.914942646446805563e-01 -1.383339290707015223e+00 -1.188813315448961294e+00 -5.257858927337955707e-02 5.238841167079333339e-01 9.739700205337552263e-02 1.955902397056415998e+00 -3.908602767438431047e-01 -2.030645700946441146e+00 1.020157713643692343e+00 2.863378434866932776e-01 1.211112769137020928e+00 -6.280736423090257370e-01 -1.060003072909423638e+00 9.773610212412106590e-02 3.700423312118693575e-01
