# 
#                 ----------------------------------------------------
#                 Data from a 3D direct N-body simulation. 
# 
#                 rows are i-particle; 
#                 coumns are :mass, tag, x ,y, z, vx, vy, vz, ax, ay, az
# 
#                 NTHU, Computational Physics Lab
# 
#                 ----------------------------------------------------
#                 Time = 5.099999999999936
1.000000000000000000e+00 2.000000000000000000e+00 3.000000000000000000e+00 4.000000000000000000e+00 5.000000000000000000e+00 6.000000000000000000e+00 7.000000000000000000e+00 8.000000000000000000e+00 9.000000000000000000e+00 1.000000000000000000e+01 1.100000000000000000e+01 1.200000000000000000e+01 1.300000000000000000e+01 1.400000000000000000e+01 1.500000000000000000e+01 1.600000000000000000e+01 1.700000000000000000e+01 1.800000000000000000e+01 1.900000000000000000e+01 2.000000000000000000e+01 2.100000000000000000e+01 2.200000000000000000e+01 2.300000000000000000e+01 2.400000000000000000e+01 2.500000000000000000e+01 2.600000000000000000e+01 2.700000000000000000e+01 2.800000000000000000e+01 2.900000000000000000e+01 3.000000000000000000e+01 3.100000000000000000e+01 3.200000000000000000e+01 3.300000000000000000e+01 3.400000000000000000e+01 3.500000000000000000e+01 3.600000000000000000e+01 3.700000000000000000e+01 3.800000000000000000e+01 3.900000000000000000e+01 4.000000000000000000e+01 4.100000000000000000e+01 4.200000000000000000e+01 4.300000000000000000e+01 4.400000000000000000e+01 4.500000000000000000e+01 4.600000000000000000e+01 4.700000000000000000e+01 4.800000000000000000e+01 4.900000000000000000e+01 5.000000000000000000e+01 5.100000000000000000e+01 5.200000000000000000e+01 5.300000000000000000e+01 5.400000000000000000e+01 5.500000000000000000e+01 5.600000000000000000e+01 5.700000000000000000e+01 5.800000000000000000e+01 5.900000000000000000e+01 6.000000000000000000e+01 6.100000000000000000e+01 6.200000000000000000e+01 6.300000000000000000e+01 6.400000000000000000e+01 6.500000000000000000e+01 6.600000000000000000e+01 6.700000000000000000e+01 6.800000000000000000e+01 6.900000000000000000e+01 7.000000000000000000e+01 7.100000000000000000e+01 7.200000000000000000e+01 7.300000000000000000e+01 7.400000000000000000e+01 7.500000000000000000e+01 7.600000000000000000e+01 7.700000000000000000e+01 7.800000000000000000e+01 7.900000000000000000e+01 8.000000000000000000e+01 8.100000000000000000e+01 8.200000000000000000e+01 8.300000000000000000e+01 8.400000000000000000e+01 8.500000000000000000e+01 8.600000000000000000e+01 8.700000000000000000e+01 8.800000000000000000e+01 8.900000000000000000e+01 9.000000000000000000e+01 9.100000000000000000e+01 9.200000000000000000e+01 9.300000000000000000e+01 9.400000000000000000e+01 9.500000000000000000e+01 9.600000000000000000e+01 9.700000000000000000e+01 9.800000000000000000e+01 9.900000000000000000e+01 1.000000000000000000e+02
2.000000000000000111e-01 2.000000000000000111e-01 2.000000000000000111e-01 2.000000000000000111e-01 2.000000000000000111e-01 2.000000000000000111e-01 2.000000000000000111e-01 2.000000000000000111e-01 2.000000000000000111e-01 2.000000000000000111e-01 2.000000000000000111e-01 2.000000000000000111e-01 2.000000000000000111e-01 2.000000000000000111e-01 2.000000000000000111e-01 2.000000000000000111e-01 2.000000000000000111e-01 2.000000000000000111e-01 2.000000000000000111e-01 2.000000000000000111e-01 2.000000000000000111e-01 2.000000000000000111e-01 2.000000000000000111e-01 2.000000000000000111e-01 2.000000000000000111e-01 2.000000000000000111e-01 2.000000000000000111e-01 2.000000000000000111e-01 2.000000000000000111e-01 2.000000000000000111e-01 2.000000000000000111e-01 2.000000000000000111e-01 2.000000000000000111e-01 2.000000000000000111e-01 2.000000000000000111e-01 2.000000000000000111e-01 2.000000000000000111e-01 2.000000000000000111e-01 2.000000000000000111e-01 2.000000000000000111e-01 2.000000000000000111e-01 2.000000000000000111e-01 2.000000000000000111e-01 2.000000000000000111e-01 2.000000000000000111e-01 2.000000000000000111e-01 2.000000000000000111e-01 2.000000000000000111e-01 2.000000000000000111e-01 2.000000000000000111e-01 2.000000000000000111e-01 2.000000000000000111e-01 2.000000000000000111e-01 2.000000000000000111e-01 2.000000000000000111e-01 2.000000000000000111e-01 2.000000000000000111e-01 2.000000000000000111e-01 2.000000000000000111e-01 2.000000000000000111e-01 2.000000000000000111e-01 2.000000000000000111e-01 2.000000000000000111e-01 2.000000000000000111e-01 2.000000000000000111e-01 2.000000000000000111e-01 2.000000000000000111e-01 2.000000000000000111e-01 2.000000000000000111e-01 2.000000000000000111e-01 2.000000000000000111e-01 2.000000000000000111e-01 2.000000000000000111e-01 2.000000000000000111e-01 2.000000000000000111e-01 2.000000000000000111e-01 2.000000000000000111e-01 2.000000000000000111e-01 2.000000000000000111e-01 2.000000000000000111e-01 2.000000000000000111e-01 2.000000000000000111e-01 2.000000000000000111e-01 2.000000000000000111e-01 2.000000000000000111e-01 2.000000000000000111e-01 2.000000000000000111e-01 2.000000000000000111e-01 2.000000000000000111e-01 2.000000000000000111e-01 2.000000000000000111e-01 2.000000000000000111e-01 2.000000000000000111e-01 2.000000000000000111e-01 2.000000000000000111e-01 2.000000000000000111e-01 2.000000000000000111e-01 2.000000000000000111e-01 2.000000000000000111e-01 2.000000000000000111e-01
3.380957385307526408e+01 4.294890044268191076e+01 1.820905526141156727e+01 7.869491905387175912e+00 1.458576172382064229e+01 6.395080530373441263e+00 6.000251259348113209e+00 1.252699568243319206e+01 4.350196545763217415e+01 -3.587550065162840252e+00 2.969670585929746753e+00 -3.796371147645134414e+01 2.357946292986459369e+01 -5.793814729618802950e+00 -3.270226987421278864e+01 -8.395828159928701240e+00 -3.093162314217864406e+01 7.415348360874738809e+00 -5.399943008298381253e-01 5.799382926848313247e+00 -1.288828143437930862e+01 -3.308554263059566125e+01 -3.124396975934216414e+01 9.954808986387447822e-01 2.183763013322437629e+01 -1.312458297586197808e+01 -5.971266578404945236e+00 1.726508964818807712e+01 2.852379283450476066e+01 -3.448367739350016947e+00 -7.726930162902768018e+00 1.871698261341750325e+01 2.012041669132721144e-01 7.704482646859679207e+00 -2.435002535346862373e+01 3.725121155982433407e+01 3.685506629816246971e+01 1.736518044652709847e+01 -5.135665888828587988e+00 -2.971108882284337671e+00 7.214450742432720887e+00 2.542120273678757414e+01 -8.340073102179010434e+00 7.809279839978588100e+00 -1.292460466735732361e+01 1.296425733199692587e+01 7.589942929888764844e+00 8.421426260700599187e+00 4.567521752517185263e+01 2.140854898058739408e+01 -1.307855591043479260e+00 -1.583897238996124202e+01 2.159282692518994651e+01 -8.391168753860119622e+00 1.819636164111737742e+01 1.618279769765965170e+01 2.276920320746906867e+01 6.108873356539373134e+00 -1.982226571382203772e+01 -1.321504704358345705e+01 -6.784550487400439422e+00 -4.261358218871652070e+01 -2.116614496677375357e+01 2.957312464664680363e+01 -7.528047323197369911e-01 -3.288264332975935123e+00 4.146044780749706860e+01 -4.587852450387045700e+00 1.226870091419972297e+01 -1.414484871999434468e+01 1.744547500859907174e+01 -8.939316781696353686e+00 -3.261939592387476106e-01 -8.099429602614849344e-01 -8.885224294872227091e+00 1.212503138130167635e+00 -1.144790045736079520e+01 -9.454726464299177735e+00 -2.215924028692235481e+01 -3.967306625525935004e+01 -1.221691429874296908e+01 -5.707477781962845498e+00 2.208529289091943326e+01 -2.810525425457270998e+01 2.720775323984453209e+00 1.331539479490182565e+01 -3.033835052440616309e+01 -9.713849683353760867e+00 -3.711063753937285981e+01 1.694701132722002068e+00 7.648133029137245131e+00 7.473928503959998082e+00 9.462985867964167852e+00 3.956785776683432942e+01 -1.326350075982950472e+01 1.166900103379315468e+01 1.322093010606321251e+01 -9.219307938760318066e+00 -2.605720183018080505e+00 1.117260207990710796e+01
7.669318114498818062e+00 3.579353197408251930e+01 -2.900912370564161069e+00 2.760737278509195480e+00 2.332061931255061893e+00 2.863520007017091018e+01 -1.636953418988735010e+01 1.656771402611751398e+01 -2.787428705297567788e+01 2.937707705843915917e+01 7.247785812060366872e+00 -6.667936517536980467e+00 2.304461011119325420e+01 -2.009630184322169200e+01 3.738844259592219998e+01 -2.401073798571298212e+01 -4.077157306506024703e+00 -9.790086060749917607e+00 8.209340936875282324e+00 -1.215778133475128620e+01 -6.890844431731877329e+00 3.400611134214051923e+00 8.869698024826556448e+00 1.397343577245762880e+01 -2.366646059654583567e+01 -1.668938690211520282e+01 1.076368605949643120e+00 8.924746002861180472e+00 3.633651552026850595e+01 -2.052188046150042311e+01 2.342912200485456964e+01 6.829250916880251765e+00 3.422759734894030004e+01 3.609229331206125124e+01 1.857913516138613019e+01 -7.927399409860869106e+00 2.837552631346748555e+01 -1.650618196215017619e+01 1.537929067374293091e+01 1.177031770422706103e+01 -2.107070049535796485e+01 -1.331200810232303056e+01 3.544266464048143916e+01 -1.475598732069346042e+01 6.095830177982808351e-01 1.105084152911797091e+01 -2.094929585889704882e+01 3.194387103018492713e+00 1.810190632813425893e+01 -2.522042397088719312e+01 3.283767751070174512e+01 -1.886611945784473443e+00 -2.069776494396121080e+01 -9.545227723714354795e+00 1.678020332465322006e+00 -1.916985813314891374e+01 6.074478400407862466e+00 1.642183603143149639e+01 1.306316950110277908e+01 -8.730561288406189391e+00 -2.635182270800016724e+01 1.198316024508414657e+01 9.997485025341761311e-01 -2.477871033977806903e+01 -2.238730058546476442e+01 1.479175855409046569e+01 2.561582233039976586e+01 2.107565728174104436e+01 -3.099019645854596305e+01 5.364857094968054518e+00 6.080290089907449236e+00 -1.810080473645380295e+01 7.266797088162016749e+00 -1.832122814089123963e+01 9.227877300063537902e+00 2.999658350640626914e+00 -4.559909792811521534e+00 -1.040433230691552424e+01 1.497239994747049074e+01 8.169470932140919572e+00 -7.614535003660425794e+00 -5.922453745001954317e+00 2.069184688976847397e+01 9.986506484187618327e+00 -6.120160947146064956e+00 -1.390683144481483424e+01 1.169838145529397089e+01 -1.142830765310665697e+01 3.618273460027959576e+00 -5.958367443576608302e+00 -5.313951031382585910e+01 -1.250341831171133933e+01 -2.225285330568718578e+00 -2.118553313939699478e+00 2.944589316222529618e+01 -2.003313696263547072e+01 2.495081292148501717e+01 4.415669772354413425e+01 2.178941608234311644e+01 -7.655716010505972058e+00
1.875836623131580794e+01 -1.873046376338942665e+01 -1.978197839443736505e+00 2.787224588071710940e+01 8.507156170750013402e+00 -3.932065854050406983e+00 -4.893042272871453946e+01 -1.422407710566397121e+01 8.770015302275939728e-01 2.816150127898064426e+01 -1.701507254710815431e+01 2.996511987128394505e+00 -7.423607648578478546e+00 -2.721582046789934139e+01 -9.767993534618033991e+00 1.490120474127135353e+01 -1.716235325416174717e+01 -2.262783778029638526e+01 1.274987738917253921e+00 -6.952922905214451887e+00 -1.558442637988446577e+01 -7.700671740541168653e+00 -1.738920113684648072e+01 2.472034242108764435e+00 7.711108208740821368e+00 -1.109393570619894653e+01 -2.233101195672991324e+01 -2.944335664335331160e+01 2.259244011485085579e+01 2.020922516105456168e+01 3.991759491029779117e+00 1.354340789181841664e+01 2.432336674210139993e+00 -2.583098429514994976e+01 -2.248385727851012206e+01 -1.432564439809572754e+01 3.579356977985094801e+01 3.660810826418229169e+01 1.815391786580086375e+01 1.767437360771334909e+01 5.715992670360795280e+00 -2.867869442221709253e+00 1.288501707398881457e+01 1.033493984250927156e+01 -1.218662592896717989e+01 -3.992245624956153094e+00 -2.858121089756077993e+01 1.217067740852475310e+01 -1.749508501705885877e+01 -8.846643605939453536e+00 -1.427383778911274170e+01 -1.271613106475143340e+01 -2.199230674012873621e+01 3.698120884581069845e+01 -2.348654454136737968e+01 -2.960673618751705760e+01 1.764869903536460427e+01 -1.247741014867320430e+01 -1.539806518610457253e+01 3.340748076070110817e-01 -1.233544450515712043e+01 -3.070491947452176262e+01 -1.417428997515421329e+01 5.118238470033901422e+00 1.002897853897712110e+01 1.578392259232026618e+01 -7.075787927929327203e+00 1.255861031508262649e+01 -4.662338005185133749e-01 -1.881312757931618451e+00 1.506921439048817035e+01 -7.859054742314872222e+00 4.330171583190866613e+01 -6.631028146576206872e+00 -2.953057367556651869e+01 4.449817498318985542e+00 -2.729322039708315017e+01 7.973571758139964771e+00 2.864310830250636641e+01 1.297339373734924273e+01 -2.546129001495430533e+00 -3.212185243949664937e+01 -1.558869951662627606e+01 -1.103573880266962881e+01 1.325361875068667317e+01 -2.651337460718873018e+01 -2.278527381395801044e+01 -1.007621036884276178e+00 1.004085206278180564e+01 1.866744623007482895e+00 3.748701338863087074e+01 -7.492096263293848146e+00 -3.891981004966351776e+01 1.955253032069180819e+01 5.488018653295490878e+00 2.321254402311598497e+01 -1.203781756388834445e+01 -2.031618799588640911e+01 1.873113619615421666e+00 7.092373268226400462e+00
1.077821030207537056e+01 1.369178274626140457e+01 5.804870896129755486e+00 2.508730796776341254e+00 4.649798078837758197e+00 2.038689597776390361e+00 1.912834918448216293e+00 3.993482239476534357e+00 1.386808468874062328e+01 -1.143682396516699562e+00 9.467027167159478562e-01 -1.210252080201416902e+01 7.516922955711502041e+00 -1.847010755702868545e+00 -1.042522773551555204e+01 -2.676491367807442234e+00 -9.860730385426967004e+00 2.363954889654228619e+00 -1.721287634518193777e-01 1.849062991451895677e+00 -4.108676813447153187e+00 -1.054737832601834668e+01 -9.960295983515717211e+00 3.173394632959946615e-01 6.961659236886913682e+00 -4.183961393143879270e+00 -1.903601366553795193e+00 5.503964110661994091e+00 9.093167009741202733e+00 -1.099305440444333204e+00 -2.463245087375994569e+00 5.966682198043979035e+00 6.413772477078935608e-02 2.456126299305431360e+00 -7.762596084119674167e+00 1.187538131722227419e+01 1.174911593260673293e+01 5.535881746397687486e+00 -1.637106552130720205e+00 -9.471894576573208768e-01 2.299898797337757816e+00 8.104053385451114977e+00 -2.658743716195985929e+00 2.489524372006238107e+00 -4.120308781996572911e+00 4.132877419030340782e+00 2.419626611018323992e+00 2.684693339701845982e+00 1.456090322330107867e+01 6.824864007970311341e+00 -4.169271310438820710e-01 -5.049281216076017209e+00 6.883599507383900473e+00 -2.675031398173727482e+00 5.800836372296449106e+00 5.158924136139626526e+00 7.258583985635038260e+00 1.947479899663668412e+00 -6.319186862250162129e+00 -4.212755837657296887e+00 -2.162852671786800851e+00 -1.358487341277479210e+01 -6.747554000055915324e+00 9.427657114631140090e+00 -2.399778686509082271e-01 -1.048322665826092681e+00 1.321726635226557534e+01 -1.462562636585946096e+00 3.911163388296718502e+00 -4.509242533728555102e+00 5.561604978992777504e+00 -2.849779123259009950e+00 -1.039859112659049789e-01 -2.582088279475836523e-01 -2.832536678302928213e+00 3.865397987375447375e-01 -3.649474596669999293e+00 -3.014067577526954977e+00 -7.064182731972936224e+00 -1.264744644169744348e+01 -3.894637104442364883e+00 -1.819503542442048039e+00 7.040592002261748306e+00 -8.959717941409662600e+00 8.673749297560693350e-01 4.244828834605273826e+00 -9.671610933563401957e+00 -3.096727644779362798e+00 -1.183058293135784922e+01 5.402585104441481878e-01 2.438169151938952783e+00 2.382323065892290259e+00 3.016721234518891848e+00 1.261391322046696040e+01 -4.228266452364753292e+00 3.719978775748928435e+00 4.214719244529033126e+00 -2.939039859549280820e+00 -8.306970691388984029e-01 3.561708095621418213e+00
2.444910227097494726e+00 1.141070147377765132e+01 -9.247892810780636852e-01 8.801022765700131645e-01 7.434485695767419910e-01 9.128650608326431382e+00 -5.218477931870066477e+00 5.281655545252432304e+00 -8.886105030719425812e+00 9.365173318525426893e+00 2.310530996797065306e+00 -2.125670950085405853e+00 7.346426109384572634e+00 -6.406519983836675536e+00 1.191914304322182261e+01 -7.654404330302931214e+00 -1.299740885317071992e+00 -3.121005932831249829e+00 2.617068724085409581e+00 -3.875853574928069367e+00 -2.196708101802574475e+00 1.084096850372430421e+00 2.827595282612686667e+00 4.454589955638300403e+00 -7.544666343827495680e+00 -5.320415278532571790e+00 3.431268397558124850e-01 2.845125894787233989e+00 1.158379916328239112e+01 -6.542203172958911850e+00 7.468998722893064546e+00 2.177011095098311699e+00 1.091145605791803419e+01 1.150593384085667381e+01 5.922851658347378034e+00 -2.527193300808464382e+00 9.045904140040574859e+00 -5.262039657320169539e+00 4.902733344630651580e+00 3.752393461641837291e+00 -6.717133087774572964e+00 -4.243759623800571035e+00 1.129881909404382689e+01 -4.704072243407773968e+00 1.942732532382421551e-01 3.522914346217908665e+00 -6.678441377942898605e+00 1.018337656067792585e+00 5.770754457583670671e+00 -8.040052782215525440e+00 1.046837749723057875e+01 -6.013986860313031979e-01 -6.598269309107043235e+00 -3.042940135841951665e+00 5.349419645099440235e-01 -6.111176038641473518e+00 1.936493294193295300e+00 5.235137725069254344e+00 4.164408949978883001e+00 -2.783217159316059064e+00 -8.400706169872824702e+00 3.820139212547838614e+00 3.187067405001840492e-01 -7.899246359764490855e+00 -7.136859636980518395e+00 4.715457400719872183e+00 8.166124850984600059e+00 6.718712859795264336e+00 -9.879398355591558101e+00 1.710255359084855487e+00 1.938409074951652267e+00 -5.770348011375278752e+00 2.316597829935948649e+00 -5.840621927424346715e+00 2.941755198758645662e+00 9.562751796877596577e-01 -1.453653629751932463e+00 -3.316805753730887041e+00 4.773084538889126094e+00 2.604342260738486736e+00 -2.427507449250251970e+00 -1.888023599003992192e+00 6.596392109086901101e+00 3.183597405197782670e+00 -1.951051340962356218e+00 -4.433398149673150712e+00 3.729339108480657305e+00 -3.643182412983766216e+00 1.153495636386046908e+00 -1.899474033771808568e+00 -1.694047998543864253e+01 -3.985919917130538170e+00 -7.094088251257439914e-01 -6.753708271847403966e-01 9.387094717939078237e+00 -6.386392437674790479e+00 7.954089173696489823e+00 1.407680631547263417e+01 6.946274638676062985e+00 -2.440570511927150132e+00
5.980012521167600958e+00 -5.971127161310579190e+00 -6.306234840875257763e-01 8.885421651284890032e+00 2.712026791406856763e+00 -1.253513626752540633e+00 -1.559863307373857744e+01 -4.534499240109402862e+00 2.795808199510231851e-01 8.977649728408668039e+00 -5.424251208808104074e+00 9.552571080527118008e-01 -2.366602967249605616e+00 -8.676172012250590981e+00 -3.113963597030877661e+00 4.750372273339888984e+00 -5.471211554665702970e+00 -7.213567356502685435e+00 4.064707127974576673e-01 -2.216614626049632442e+00 -4.968159233168423228e+00 -2.454933272054031779e+00 -5.543538432111394521e+00 7.880599011002729082e-01 2.458223470528738019e+00 -3.536628789699621134e+00 -7.118930643298869043e+00 -9.386288427222588382e+00 7.202295868544064561e+00 6.442503355272565457e+00 1.272538600089045957e+00 4.317683662790511967e+00 7.754036288376574548e-01 -8.234705760802759400e+00 -7.167659446336061002e+00 -4.566899920738396013e+00 1.141071581061257234e+01 1.167036899127910665e+01 5.787201407570627509e+00 5.634382659604913357e+00 1.822211131661424899e+00 -9.142523165901196291e-01 4.107625605460770934e+00 3.294664992502758682e+00 -3.885005621955865518e+00 -1.272697194074291271e+00 -9.111449647208763380e+00 3.879881494173390344e+00 -5.577295036394420258e+00 -2.820233781756503966e+00 -4.550377388610107765e+00 -4.053796761239821578e+00 -7.010974450432882144e+00 1.178930998090105398e+01 -7.487317398231198240e+00 -9.438365852584045257e+00 5.626216630407572694e+00 -3.977688056393017924e+00 -4.908778504448944702e+00 1.063898254690155698e-01 -3.932430533055328414e+00 -9.788485757232098905e+00 -4.518637376036686248e+00 1.631649363915978812e+00 3.197146814499736145e+00 5.031873422758835090e+00 -2.255714320473940937e+00 4.003570738104036408e+00 -1.486317813416544453e-01 -5.997678148357155070e-01 4.803769158966014530e+00 -2.505413178998071366e+00 1.380424090792698699e+01 -2.113915441537536744e+00 -9.414086376886793062e+00 1.418549156232901565e+00 -8.700836107226992411e+00 2.541862576398224771e+00 9.131187983825842736e+00 4.135794499964942972e+00 -8.116084177621544216e-01 -1.024015550266630825e+01 -4.969532822486546486e+00 -3.518133562839600881e+00 4.225105874348735746e+00 -8.452245155726046733e+00 -7.263727762411151367e+00 -3.212359090468054346e-01 3.200943737789294641e+00 5.951010818461756058e-01 1.195058055942504716e+01 -2.388315406299863941e+00 -1.240731138862150473e+01 6.233189224611087376e+00 1.749534198802357166e+00 7.399954515997790416e+00 -3.837553704435901825e+00 -6.476640533059293325e+00 5.971485804418766863e-01 2.260981777827885786e+00
1.764018623075655157e+00 2.240876352456686149e+00 9.500502285075161923e-01 4.105926270551143453e-01 7.610056055768843475e-01 3.336606735939557922e-01 3.130657308910763659e-01 6.535898680731400123e-01 2.269728448926287445e+00 -1.871813857080501797e-01 1.549415498617276177e-01 -1.980763627831931828e+00 1.230256152222470645e+00 -3.022894333353664531e-01 -1.706251443091987285e+00 -4.380421382998336832e-01 -1.613856021269994390e+00 3.868981291406804468e-01 -2.816764745331839029e-02 3.026884824788677042e-01 -6.724477009766666180e-01 -1.726235608979619141e+00 -1.630149652423428241e+00 5.193481733302476866e-02 1.139382880681191423e+00 -6.847586112513930345e-01 -3.115560042729827450e-01 9.008071540786095621e-01 1.488240039396843128e+00 -1.799168735413422260e-01 -4.031394959349465790e-01 9.765076637930871772e-01 1.049609619152241415e-02 4.019828883676329068e-01 -1.270469830664109123e+00 1.943588681677209218e+00 1.922928529122751140e+00 9.060331305160244098e-01 -2.679144916589015213e-01 -1.550276398052821136e-01 3.764117294719437901e-01 1.326348810893163588e+00 -4.351435193761162834e-01 4.074466252354261853e-01 -6.743633876859784770e-01 6.764039739158631548e-01 3.960124855844878722e-01 4.393939671216705034e-01 2.383119662634760605e+00 1.116992492630827449e+00 -6.823504764834045777e-02 -8.263802917084622779e-01 1.126603000849352165e+00 -4.378089771547301612e-01 9.493926710806113167e-01 8.443328349204975991e-01 1.187967084624993674e+00 3.187398183835410403e-01 -1.034234519977415889e+00 -6.894610718207158095e-01 -3.539826067130339982e-01 -2.223376123892630396e+00 -1.104331873267426101e+00 1.542978046153695049e+00 -3.927376327474519507e-02 -1.715857131794557566e-01 2.163212202220657687e+00 -2.393692233041162798e-01 6.401224519302908256e-01 -7.380024207606515896e-01 9.102718386336390299e-01 -4.664097253833880408e-01 -1.701842533002236382e-02 -4.226112803534433360e-02 -4.635881429524979502e-01 6.326402698767602528e-02 -5.972875208421341009e-01 -4.932935175097893921e-01 -1.156161700295358585e+00 -2.069948476073453669e+00 -6.374137717391507030e-01 -2.977911659200164762e-01 1.152296865991452313e+00 -1.466393949689855480e+00 1.419624328843281102e-01 6.947291999627054349e-01 -1.582906220994032775e+00 -5.068343369298702328e-01 -1.936260257436338339e+00 8.842198753769070496e-02 3.990454390567010901e-01 3.898344657000478719e-01 4.937325252482316906e-01 2.064461702525614228e+00 -6.920141883563544205e-01 6.088309677127259345e-01 6.898024363994289532e-01 -4.810190370061155352e-01 -1.359597143994534518e-01 5.829223571550633531e-01
4.001458608825907981e-01 1.867540434074258959e+00 -1.513564727523764308e-01 1.440426818803278164e-01 1.216782234550619485e-01 1.494040163943409771e+00 -8.540851317690795197e-01 8.644250063838925247e-01 -1.454350059150115726e+00 1.532754929764923002e+00 3.781530481369246299e-01 -3.478958479573238116e-01 1.202353966188977941e+00 -1.048521700155999659e+00 1.950754055889283300e+00 -1.252755821256830604e+00 -2.127172255879159202e-01 -5.108021027238125455e-01 4.283230742796493296e-01 -6.343549570619266831e-01 -3.595166901824257133e-01 1.774313567559529514e-01 4.627812865120939922e-01 7.290559708592665444e-01 -1.234798888751918122e+00 -8.707621250264387935e-01 5.615555413266064971e-02 4.656462894656869800e-01 1.895870299258122449e+00 -1.070731119260207365e+00 1.222413348710915004e+00 3.562789578200627472e-01 1.785822534084142710e+00 1.883124329326401059e+00 9.693601216430167700e-01 -4.136147698862778777e-01 1.480505491868636225e+00 -8.612145716591732558e-01 8.023943166560534301e-01 6.141624899179262131e-01 -1.099354390573911600e+00 -6.945565837934104536e-01 1.849222618479968050e+00 -7.698901457414691896e-01 3.178286527187468291e-02 5.765782903609205645e-01 -1.093024423420535296e+00 1.666650605750705783e-01 9.444760572855208647e-01 -1.315875499882848576e+00 1.713309675295620504e+00 -9.841954047199008571e-02 -1.079906203045663426e+00 -4.980238497232094552e-01 8.755211643126807608e-02 -1.000183833744275663e+00 3.169367338527565581e-01 8.568086654428620497e-01 6.815643980546791658e-01 -4.555130072791697682e-01 -1.374895761978750519e+00 6.252258235016151522e-01 5.216014136839473847e-02 -1.292832246788333306e+00 -1.168050279708909622e+00 7.717493064205513953e-01 1.336514210562610439e+00 1.099612850838097122e+00 -1.616910246119436900e+00 2.799056682717794287e-01 3.172646513053175577e-01 -9.443969533243613546e-01 3.791473887539526522e-01 -9.558994388807391385e-01 4.814596867963384375e-01 1.565111014411511015e-01 -2.379108732506375612e-01 -5.428439156859634629e-01 7.811900138837479801e-01 4.262364969696624262e-01 -3.973116630386149262e-01 -3.090026756617735848e-01 1.079601116710463993e+00 5.210402965013201104e-01 -3.193182037208570079e-01 -7.255969656379259725e-01 6.103615855020626535e-01 -5.962471978528532945e-01 1.887917703257896429e-01 -3.108770435469827009e-01 -2.772578828975054144e+00 -6.523416789379319347e-01 -1.161070417120020903e-01 -1.105333077208396353e-01 1.536338921867957730e+00 -1.045229544255861232e+00 1.301803089203791064e+00 2.303888573306827503e+00 1.136861686936650351e+00 -3.994348085292405703e-01
9.787207176736282266e-01 -9.772687045283341423e-01 -1.032089962664414357e-01 1.454230775662802344e+00 4.438682940068849336e-01 -2.051575049144480911e-01 -2.552959437664914510e+00 -7.421359198622311526e-01 4.575767818905613488e-02 1.469328920631907121e+00 -8.877587504112440797e-01 1.563410548003572875e-01 -3.873349619423537837e-01 -1.419986908815304094e+00 -5.096496483493964114e-01 7.774692016800903716e-01 -8.954464593102472447e-01 -1.180610694509993230e+00 6.652860827341182393e-02 -3.628012267593187512e-01 -8.131091717087786108e-01 -4.017926076286063020e-01 -9.072860569324147084e-01 1.289771183958984546e-01 4.023227068143528373e-01 -5.788174902249345610e-01 -1.165119421416406897e+00 -1.536207490652051089e+00 1.178768901405217617e+00 1.054407367079784885e+00 2.082701254962846249e-01 7.066908600721333311e-01 1.269054944182014533e-01 -1.347736034603961741e+00 -1.173095314101983977e+00 -7.474437659639071585e-01 1.867543300662267924e+00 1.910036114986801037e+00 9.471373616013688546e-01 9.221389869245735227e-01 2.982327364477330711e-01 -1.496312195258675815e-01 6.722732510771775027e-01 5.392159114115444574e-01 -6.358429408490997581e-01 -2.082969057715834960e-01 -1.491227317494532967e+00 6.349952209152539551e-01 -9.128112286856746582e-01 -4.615737450264298936e-01 -7.447380038487789733e-01 -6.634657539370079071e-01 -1.147455343117810500e+00 1.929502540105842545e+00 -1.225414405047521527e+00 -1.544729250837970858e+00 9.208067754573588948e-01 -6.510079307685866512e-01 -8.033973633653144208e-01 1.738716962869236299e-02 -6.436008326298390259e-01 -1.602038143682366966e+00 -7.395421280721383717e-01 2.670437771993445786e-01 5.232600662994359997e-01 8.235634941006459986e-01 -3.691848353271877103e-01 6.552432858047300135e-01 -2.432593523036662500e-02 -9.816593598289957701e-02 7.861712366097234339e-01 -4.100518484973374456e-01 2.259278103489476663e+00 -3.459742865783231314e-01 -1.540755657652638444e+00 2.321636762502298224e-01 -1.424021206456971056e+00 4.160042180861164840e-01 1.494459154439395698e+00 6.768824164493029150e-01 -1.328147319621031386e-01 -1.675952442247527374e+00 -8.133365644351909785e-01 -5.758035465749472559e-01 6.914945720775518279e-01 -1.383339461127377712e+00 -1.188813632998713565e+00 -5.257851123674048971e-02 5.238841643924132541e-01 9.739702391025049921e-02 1.955902465542677771e+00 -3.908609259182300177e-01 -2.030645968834595028e+00 1.020157817282925983e+00 2.863378838775809676e-01 1.211112993863351806e+00 -6.280737384795610501e-01 -1.060003161012263329e+00 9.773602513390831914e-02 3.700424248865289423e-01
