# 
#                 ----------------------------------------------------
#                 Data from a 3D direct N-body simulation. 
# 
#                 rows are i-particle; 
#                 coumns are :mass, tag, x ,y, z, vx, vy, vz, ax, ay, az
# 
#                 NTHU, Computational Physics Lab
# 
#                 ----------------------------------------------------
#                 Time = 7.399999999999887
1.000000000000000000e+00 2.000000000000000000e+00 3.000000000000000000e+00 4.000000000000000000e+00 5.000000000000000000e+00 6.000000000000000000e+00 7.000000000000000000e+00 8.000000000000000000e+00 9.000000000000000000e+00 1.000000000000000000e+01 1.100000000000000000e+01 1.200000000000000000e+01 1.300000000000000000e+01 1.400000000000000000e+01 1.500000000000000000e+01 1.600000000000000000e+01 1.700000000000000000e+01 1.800000000000000000e+01 1.900000000000000000e+01 2.000000000000000000e+01 2.100000000000000000e+01 2.200000000000000000e+01 2.300000000000000000e+01 2.400000000000000000e+01 2.500000000000000000e+01 2.600000000000000000e+01 2.700000000000000000e+01 2.800000000000000000e+01 2.900000000000000000e+01 3.000000000000000000e+01 3.100000000000000000e+01 3.200000000000000000e+01 3.300000000000000000e+01 3.400000000000000000e+01 3.500000000000000000e+01 3.600000000000000000e+01 3.700000000000000000e+01 3.800000000000000000e+01 3.900000000000000000e+01 4.000000000000000000e+01 4.100000000000000000e+01 4.200000000000000000e+01 4.300000000000000000e+01 4.400000000000000000e+01 4.500000000000000000e+01 4.600000000000000000e+01 4.700000000000000000e+01 4.800000000000000000e+01 4.900000000000000000e+01 5.000000000000000000e+01 5.100000000000000000e+01 5.200000000000000000e+01 5.300000000000000000e+01 5.400000000000000000e+01 5.500000000000000000e+01 5.600000000000000000e+01 5.700000000000000000e+01 5.800000000000000000e+01 5.900000000000000000e+01 6.000000000000000000e+01 6.100000000000000000e+01 6.200000000000000000e+01 6.300000000000000000e+01 6.400000000000000000e+01 6.500000000000000000e+01 6.600000000000000000e+01 6.700000000000000000e+01 6.800000000000000000e+01 6.900000000000000000e+01 7.000000000000000000e+01 7.100000000000000000e+01 7.200000000000000000e+01 7.300000000000000000e+01 7.400000000000000000e+01 7.500000000000000000e+01 7.600000000000000000e+01 7.700000000000000000e+01 7.800000000000000000e+01 7.900000000000000000e+01 8.000000000000000000e+01 8.100000000000000000e+01 8.200000000000000000e+01 8.300000000000000000e+01 8.400000000000000000e+01 8.500000000000000000e+01 8.600000000000000000e+01 8.700000000000000000e+01 8.800000000000000000e+01 8.900000000000000000e+01 9.000000000000000000e+01 9.100000000000000000e+01 9.200000000000000000e+01 9.300000000000000000e+01 9.400000000000000000e+01 9.500000000000000000e+01 9.600000000000000000e+01 9.700000000000000000e+01 9.800000000000000000e+01 9.900000000000000000e+01 1.000000000000000000e+02
2.000000000000000111e-01 2.000000000000000111e-01 2.000000000000000111e-01 2.000000000000000111e-01 2.000000000000000111e-01 2.000000000000000111e-01 2.000000000000000111e-01 2.000000000000000111e-01 2.000000000000000111e-01 2.000000000000000111e-01 2.000000000000000111e-01 2.000000000000000111e-01 2.000000000000000111e-01 2.000000000000000111e-01 2.000000000000000111e-01 2.000000000000000111e-01 2.000000000000000111e-01 2.000000000000000111e-01 2.000000000000000111e-01 2.000000000000000111e-01 2.000000000000000111e-01 2.000000000000000111e-01 2.000000000000000111e-01 2.000000000000000111e-01 2.000000000000000111e-01 2.000000000000000111e-01 2.000000000000000111e-01 2.000000000000000111e-01 2.000000000000000111e-01 2.000000000000000111e-01 2.000000000000000111e-01 2.000000000000000111e-01 2.000000000000000111e-01 2.000000000000000111e-01 2.000000000000000111e-01 2.000000000000000111e-01 2.000000000000000111e-01 2.000000000000000111e-01 2.000000000000000111e-01 2.000000000000000111e-01 2.000000000000000111e-01 2.000000000000000111e-01 2.000000000000000111e-01 2.000000000000000111e-01 2.000000000000000111e-01 2.000000000000000111e-01 2.000000000000000111e-01 2.000000000000000111e-01 2.000000000000000111e-01 2.000000000000000111e-01 2.000000000000000111e-01 2.000000000000000111e-01 2.000000000000000111e-01 2.000000000000000111e-01 2.000000000000000111e-01 2.000000000000000111e-01 2.000000000000000111e-01 2.000000000000000111e-01 2.000000000000000111e-01 2.000000000000000111e-01 2.000000000000000111e-01 2.000000000000000111e-01 2.000000000000000111e-01 2.000000000000000111e-01 2.000000000000000111e-01 2.000000000000000111e-01 2.000000000000000111e-01 2.000000000000000111e-01 2.000000000000000111e-01 2.000000000000000111e-01 2.000000000000000111e-01 2.000000000000000111e-01 2.000000000000000111e-01 2.000000000000000111e-01 2.000000000000000111e-01 2.000000000000000111e-01 2.000000000000000111e-01 2.000000000000000111e-01 2.000000000000000111e-01 2.000000000000000111e-01 2.000000000000000111e-01 2.000000000000000111e-01 2.000000000000000111e-01 2.000000000000000111e-01 2.000000000000000111e-01 2.000000000000000111e-01 2.000000000000000111e-01 2.000000000000000111e-01 2.000000000000000111e-01 2.000000000000000111e-01 2.000000000000000111e-01 2.000000000000000111e-01 2.000000000000000111e-01 2.000000000000000111e-01 2.000000000000000111e-01 2.000000000000000111e-01 2.000000000000000111e-01 2.000000000000000111e-01 2.000000000000000111e-01 2.000000000000000111e-01
6.326528656398723882e+01 8.036711859049083273e+01 3.407314090296961950e+01 1.472559019439352923e+01 2.729315690148859730e+01 1.196659898897149077e+01 1.122783041584987274e+01 2.344074982816808017e+01 8.140199180139202895e+01 -6.713114324672064370e+00 5.556907191613913000e+00 -7.103862888113431495e+01 4.412241300294041224e+01 -1.084149492337892084e+01 -6.119332859840172745e+01 -1.571037953094897688e+01 -5.787995190488988584e+01 1.387579012733195327e+01 -1.010393779657213553e+00 1.085284041508793607e+01 -2.411686218298374484e+01 -6.191040562908654010e+01 -5.846439600276247717e+01 1.862729180164067522e+00 4.086311396977506405e+01 -2.455888033746879273e+01 -1.117361537770232260e+01 3.230684188657208722e+01 5.337447177393178066e+01 -6.452650325786459362e+00 -1.445869756188461075e+01 3.502321349181367793e+01 3.764830801602075949e-01 1.441681782854779037e+01 -4.556438894025902187e+01 6.970538041931952478e+01 6.896417880587188165e+01 3.249416601076779898e+01 -9.609644150162477416e+00 -5.559692868466657778e+00 1.349982690175063915e+01 4.756871786211478081e+01 -1.560613818621690285e+01 1.461288211022449168e+01 -2.418500624730299364e+01 2.425896369644351935e+01 1.420253720103887574e+01 1.575841800135213333e+01 8.546864626630367923e+01 4.006018117123968381e+01 -2.447269646432901347e+00 -2.963809464023245965e+01 4.040497049325860246e+01 -1.570174563484596852e+01 3.404942871058376141e+01 3.028158334290029785e+01 4.260611886322764263e+01 1.143114403271665935e+01 -3.709194574266563649e+01 -2.472800936815835016e+01 -1.269539554617898602e+01 -7.973962069191995283e+01 -3.960647660243372314e+01 5.533791268018275389e+01 -1.408632869122476761e+00 -6.153250959269499276e+00 7.758185652224591422e+01 -8.584878038766829533e+00 2.295750052754908310e+01 -2.646812274612949523e+01 3.264483614572200310e+01 -1.672746242169864317e+01 -6.103752758846630044e-01 -1.515603976722674773e+00 -1.662624923690086121e+01 2.268878041179902105e+00 -2.142151731752093013e+01 -1.769184305729806894e+01 -4.146490811903416329e+01 -7.423720652817044652e+01 -2.286053889865514677e+01 -1.067999356551626100e+01 4.132647945775932641e+01 -5.259121729885488605e+01 5.091228363907010390e+00 2.491605970534109815e+01 -5.676984239532097121e+01 -1.817690021694918912e+01 -6.944238652223582164e+01 3.171171863070749719e+00 1.431139725839903143e+01 1.398438184228803571e+01 1.770736717027333285e+01 7.404035915358295483e+01 -2.481889087266115368e+01 2.183531003531982861e+01 2.473931169993869261e+01 -1.725139491063591990e+01 -4.875936958542464339e+00 2.090636010981052451e+01
1.435099735745663274e+01 6.697778968596747973e+01 -5.428265582199204964e+00 5.165965401815324043e+00 4.363832565353584769e+00 5.358283242385075340e+01 -3.063108853062966475e+01 3.100192584181328215e+01 -5.215908441807307838e+01 5.497111230608118149e+01 1.356222184907884021e+01 -1.247716410364672868e+01 4.312161621768347430e+01 -3.760463747868902118e+01 6.996221592009329981e+01 -4.492940680900193229e+01 -7.629198239031226514e+00 -1.831947124621249756e+01 1.536151347066636497e+01 -2.275011365797068663e+01 -1.289419444971245809e+01 6.363339866106453968e+00 1.659722367074783378e+01 2.614734546514944569e+01 -4.428523605491806592e+01 -3.122950761222620031e+01 2.014091707846596524e+00 1.670016988065120245e+01 6.799383040195358774e+01 -3.840103141552247479e+01 4.384110214727714094e+01 1.277873364853953575e+01 6.404744654077346411e+01 6.753680480796334962e+01 3.476565123486967224e+01 -1.483395503786539038e+01 5.309704279484888900e+01 -3.088678563630885776e+01 2.877790988776267511e+01 2.202528304944638649e+01 -3.942789862744758977e+01 -2.490975732031688139e+01 6.632114208776893349e+01 -2.761171273002869953e+01 1.140476836337674715e+00 2.067859401357494775e+01 -3.920076036207726844e+01 5.977392736684145724e+00 3.387278072749816715e+01 -4.719303583827458937e+01 6.144664960844421131e+01 -3.530148371221539350e+00 -3.873013608044081479e+01 -1.786126305697375827e+01 3.139962205083905111e+00 -3.587104903618932639e+01 1.136671059593561317e+01 3.072891156176638816e+01 2.444404770284313599e+01 -1.633679251895815909e+01 -4.931004579078688010e+01 2.242320269673955480e+01 1.870737544156420684e+00 -4.636651808307842515e+01 -4.189157043033402772e+01 2.767858719494002884e+01 4.793298947605340743e+01 3.943717251437205817e+01 -5.798953994887278895e+01 1.003879477763708650e+01 1.137779630132984465e+01 -3.387053475046081275e+01 1.359781690908910257e+01 -3.428301226297589466e+01 1.726737497249569486e+01 5.613063160016690034e+00 -8.532587323109583011e+00 -1.946880757151803820e+01 2.801674191562386795e+01 1.528685350676879295e+01 -1.424869177226939421e+01 -1.108222002599233313e+01 3.871909356902109067e+01 1.868693192405897108e+01 -1.145217560694158188e+01 -2.602285116026051170e+01 2.189026767078698299e+01 -2.138470056137661501e+01 6.770667750790166473e+00 -1.114942743595417696e+01 -9.943608518307408417e+01 -2.339647737827531770e+01 -4.164028775943077854e+00 -3.964266762664009569e+00 5.509982718828711512e+01 -3.748647154296731543e+01 4.668848688245422807e+01 8.262713732379147302e+01 4.077284670040207715e+01 -1.432553315449557907e+01
3.510111120439439247e+01 -3.504893189206602244e+01 -3.701619577267267758e+00 5.215515577378230461e+01 1.591884946500529097e+01 -7.357788790636054621e+00 -9.155985629303408757e+01 -2.661637465718543183e+01 1.641066468906228204e+00 5.269647043528047448e+01 -3.183897202854763364e+01 5.607125368828150158e+00 -1.389129550603318641e+01 -5.092688124732067223e+01 -1.827813310950138259e+01 2.788346685666421720e+01 -3.211459557057067116e+01 -4.234175783309566299e+01 2.385838628953910856e+00 -1.301074622658340907e+01 -2.916186610909999999e+01 -1.440975979718150235e+01 -3.253911106303376499e+01 4.625716451240557525e+00 1.442916561465422731e+01 -2.075915395326780910e+01 -4.178629308776779538e+01 -5.509508857909790436e+01 4.227556428018615264e+01 3.781589004588158787e+01 7.469472718340069761e+00 2.534327849202834670e+01 4.551430005941300649e+00 -4.833556919135265417e+01 -4.207231090937337115e+01 -2.680650289753905113e+01 6.697786806218493894e+01 6.850200226140783855e+01 3.396965860098713108e+01 3.307251085925589251e+01 1.069590382209886847e+01 -5.366424322202348662e+00 2.411071856137668945e+01 1.933889517220404031e+01 -2.280394341562117688e+01 -7.470394473827932202e+00 -5.348184112374178767e+01 2.277396694463380200e+01 -3.273724922175834706e+01 -1.655404378167325419e+01 -2.670953768245570004e+01 -2.379473044481088451e+01 -4.115256726321416636e+01 6.920015580876143702e+01 -4.394859550720693875e+01 -5.540078621672432035e+01 3.302453083288256863e+01 -2.334800852857708264e+01 -2.881324168420742993e+01 6.247598086156384012e-01 -2.308235880744927471e+01 -5.745582746623588122e+01 -2.652324471907889603e+01 9.577362746865180299e+00 1.876643896866053751e+01 2.953555733418448170e+01 -1.324042477596309375e+01 2.349994135704753262e+01 -8.724289949309994574e-01 -3.520427744252705882e+00 2.819730524614901412e+01 -1.470609220881571844e+01 8.102726028260383373e+01 -1.240813559639762076e+01 -5.525827076023515616e+01 8.326553356785341364e+00 -5.107167924999809827e+01 1.492018651191738776e+01 5.359768494667472538e+01 2.427607489496644888e+01 -4.764122854681730246e+00 -6.010710393690653319e+01 -2.916990002259617398e+01 -2.065044648966961915e+01 2.480036508791161154e+01 -4.961247116435928461e+01 -4.263625939943445076e+01 -1.885533870358402364e+00 1.878869622535794548e+01 3.493092216964609253e+00 7.014671062606844032e+01 -1.401904817781601409e+01 -7.282768455490320036e+01 3.658718285717226593e+01 1.026931097175940799e+01 4.343583304701635228e+01 -2.252544602323020584e+01 -3.801616949197777728e+01 3.505067220476962397e+00 1.327139347448925477e+01
1.483545284812091225e+01 1.884579821352560103e+01 7.989986096643097113e+00 3.453093789000798886e+00 6.400110698265947917e+00 2.806109030824928574e+00 2.632886082724218646e+00 5.496738691473954219e+00 1.908845989848718716e+01 -1.574199562670123287e+00 1.303068231387575215e+00 -1.665827686651176620e+01 1.034651181192123737e+01 -2.542276339022367715e+00 -1.434960589506212258e+01 -3.683988012106577781e+00 -1.357259887833969358e+01 3.253820549508735116e+00 -2.369142284479218430e-01 2.545248366314793564e+00 -5.655306417231846794e+00 -1.451771982667382588e+01 -1.370963976958794284e+01 4.367894530993510771e-01 9.582239710938701194e+00 -5.758905760719399858e+00 -2.620180205953114072e+00 7.575820400492592199e+00 1.251611899690545648e+01 -1.513114181833158822e+00 -3.390465609156430915e+00 8.212648700039249405e+00 8.827871260625765049e-02 3.380686887438364874e+00 -1.068467656555788281e+01 1.634563500842715200e+01 1.617185143470990027e+01 7.619757848467967776e+00 -2.253309124707353117e+00 -1.303753179060657796e+00 3.165645657637655930e+00 1.115465533484919192e+01 -3.659573725371827457e+00 3.426651480573092989e+00 -5.671344835820746333e+00 5.688606309463502875e+00 3.330455377030915098e+00 3.695299483423678311e+00 2.004207823362364138e+01 9.393946538486984466e+00 -5.738676848169111944e-01 -6.949955390690463197e+00 9.474786129114548316e+00 -3.681991951429757215e+00 7.984439276302781607e+00 7.100889399865262241e+00 9.990907746269860112e+00 2.680581585565423808e+00 -8.697926187392926778e+00 -5.798515546988207703e+00 -2.977012571010816622e+00 -1.869863826768088089e+01 -9.287516870414409098e+00 1.297650630967364727e+01 -3.303074471075165830e-01 -1.442970142580870530e+00 1.819265421525702564e+01 -2.013111765455251501e+00 5.383444950503693427e+00 -6.206647858998389111e+00 7.655231005578802872e+00 -3.922521411983527440e+00 -1.431282726001484873e-01 -3.554094562797339152e-01 -3.898789340434883677e+00 5.320470780987385240e-01 -5.023235651586229089e+00 -4.148642443386481915e+00 -9.723354466199914725e+00 -1.740832762553732493e+01 -5.360688581813220388e+00 -2.504423226524154611e+00 9.690874498692023664e+00 -1.233242376715364941e+01 1.193888604302765000e+00 5.842705824774922618e+00 -1.331229496797574008e+01 -4.262446773292032809e+00 -1.628398135712835071e+01 7.436290809384085154e-01 3.355973654053329369e+00 3.278940112002988627e+00 4.152305963841712355e+00 1.736217487106953072e+01 -5.819898782046596608e+00 5.120289891971990137e+00 5.801264714380887533e+00 -4.045383575878839011e+00 -1.143404497594617153e+00 4.902429250453185894e+00
3.365245610539147503e+00 1.570604432272285500e+01 -1.272909162149878259e+00 1.211400437326344059e+00 1.023308510854406883e+00 1.256494265422136891e+01 -7.182873644654736545e+00 7.269832964688675681e+00 -1.223111003385713857e+01 1.289050945028958495e+01 3.180282926899630880e+00 -2.925831261636445912e+00 1.011184001131460519e+01 -8.818119628082509820e+00 1.640587719014244783e+01 -1.053574238264258867e+01 -1.788990307928476797e+00 -4.295850743283552653e+00 3.602211720085353175e+00 -5.334870260337400971e+00 -3.023596178697304016e+00 1.492189015308448496e+00 3.891992233388544609e+00 6.131418394107292613e+00 -1.038470355873443829e+01 -7.323167868015107551e+00 4.722845309367724731e-01 3.916112223084760924e+00 1.594430069091121638e+01 -9.004884564255760893e+00 1.028054915489659749e+01 2.996451949919193503e+00 1.501884747809275389e+01 1.583711957388248237e+01 8.152379626696149018e+00 -3.478507235707381628e+00 1.245106669218859352e+01 -7.242833077546922738e+00 6.748239743498291254e+00 5.164967897574045175e+00 -9.245647791130906512e+00 -5.841239670553947327e+00 1.555203076663497264e+01 -6.474819357923308871e+00 2.673734368961134811e-01 4.849044307435562473e+00 -9.192397236138384997e+00 1.401667223589141420e+00 7.943049360152103056e+00 -1.106656616034073259e+01 1.440898946913887713e+01 -8.277633479159611785e-01 -9.082053360721969781e+00 -4.188394916999585327e+00 7.363118397595171949e-01 -8.411598587981890418e+00 2.665447732031662298e+00 7.205797468796233396e+00 5.732006809126254154e+00 -3.830896909783327420e+00 -1.156296594974598513e+01 5.258158558703787122e+00 4.386750235862206249e-01 -1.087276031745677152e+01 -9.823374912453484598e+00 6.490480453915137282e+00 1.124010741834270455e+01 9.247822018786804321e+00 -1.359829153185273931e+01 2.354038234966937093e+00 2.668118172064108951e+00 -7.942460584330314433e+00 3.188636787072856027e+00 -8.039190249040442993e+00 4.049112292941360991e+00 1.316250751901343108e+00 -2.000848545818643132e+00 -4.565346610338073319e+00 6.569821501983629020e+00 3.584686014443867919e+00 -3.341324614312895402e+00 -2.598729665404297062e+00 9.079474528787923049e+00 4.381989877922483956e+00 -2.685483122592307481e+00 -6.102271167181793743e+00 5.133170603650506258e+00 -5.014550398587954483e+00 1.587716820341296353e+00 -2.614491156233666125e+00 -2.331741117354279780e+01 -5.486305204793250567e+00 -9.764550474728485030e-01 -9.295973723837788194e-01 1.292067391366084372e+01 -8.790420186704876571e+00 1.094823591164748855e+01 1.937574979470294423e+01 9.561056266075688370e+00 -3.359270450510506656e+00
8.231070024855243972e+00 -8.218845103631071680e+00 -8.680040916064107881e-01 1.223015207160229600e+01 3.732923910780364896e+00 -1.725375881596144412e+00 -2.147043952180972326e+01 -6.241411608076064432e+00 3.848234726441197573e-01 1.235710599180252522e+01 -7.466096104965354030e+00 1.314841466733498665e+00 -3.257473449064236970e+00 -1.194214163842781318e+01 -4.286157766672229030e+00 6.538551257161708818e+00 -7.530738239977648796e+00 -9.928971770981785738e+00 5.594866087925394194e-01 -3.051057965800138216e+00 -6.838310012182644115e+00 -3.379056368961866230e+00 -7.630296258334594128e+00 1.084707224101561396e+00 3.383565535033116856e+00 -4.867908743253638093e+00 -9.798705053650659025e+00 -1.291956534763730069e+01 9.913464250964052482e+00 8.867639921956739002e+00 1.751559847399306147e+00 5.943073650672134001e+00 1.067286209837007949e+00 -1.133449844440385235e+01 -9.865778429664302962e+00 -6.286020488443543996e+00 1.570606526885176812e+01 1.606345181029785962e+01 7.965616361904551468e+00 7.755301752894908418e+00 2.508146379229645451e+00 -1.258404093232322829e+00 5.653853899883985790e+00 4.534861305460007763e+00 -5.347444359341800180e+00 -1.751780061609099715e+00 -1.254127221975488382e+01 5.340370193993313919e+00 -7.676760768772864729e+00 -3.881853302881755230e+00 -6.263274654313411460e+00 -5.579767888555266175e+00 -9.650121626337112346e+00 1.622716557194455334e+01 -1.030577035014199083e+01 -1.299124277329831578e+01 7.744071770767296137e+00 -5.475006146841859156e+00 -6.756592335496437229e+00 1.463795309959911861e-01 -5.412712298546678014e+00 -1.347317332162891290e+01 -6.219584092959708599e+00 2.245849991116039668e+00 4.400644825752663358e+00 6.926069966611722251e+00 -3.104839467241753415e+00 5.510630121469982434e+00 -2.045814307605675064e-01 -8.255495999282898012e-01 6.611961661339446295e+00 -3.448532448969551911e+00 1.900058028340334815e+01 -2.909656236931298601e+00 -1.295782403747565326e+01 1.952525463818966633e+00 -1.197608454415800594e+01 3.498671887878074038e+00 1.256844382293342655e+01 5.692623839692972254e+00 -1.117081739176338129e+00 -1.409484568262101156e+01 -6.840206684938237913e+00 -4.842481852595398095e+00 5.815543014074661343e+00 -1.163392570785998892e+01 -9.997998729881317104e+00 -4.421665803458045829e-01 4.405877257563351357e+00 8.191142101042320212e-01 1.644915614640047963e+01 -3.287294742012810023e+00 -1.707779678925946953e+01 8.579552077589966075e+00 2.408111282314501445e+00 1.018551412699760839e+01 -5.282123185302793011e+00 -8.914647695619803969e+00 8.219415324238905640e-01 3.112079240483825338e+00
1.764018416275290102e+00 2.240876249148703092e+00 9.500499943100334521e-01 4.105925910290873504e-01 7.610054085965302084e-01 3.336605898606531673e-01 3.130657188060019247e-01 6.535896918625943020e-01 2.269728288413308093e+00 -1.871813705957340590e-01 1.549415138299067018e-01 -1.980763426444252628e+00 1.230255940469630938e+00 -3.022893516667568004e-01 -1.706251328127415201e+00 -4.380419410370391398e-01 -1.613855764770404155e+00 3.868981023607909742e-01 -2.816755800721980341e-02 3.026898265452885317e-01 -6.724476228314529846e-01 -1.726235320786156047e+00 -1.630149353779959398e+00 5.193475244412983777e-02 1.139382771516617376e+00 -6.847582954589984672e-01 -3.115560255789683319e-01 9.008070355221873271e-01 1.488239964863488751e+00 -1.799168247238484286e-01 -4.031392661925636833e-01 9.765068533719999389e-01 1.049607212359621351e-02 4.019828486596747630e-01 -1.270469737656951370e+00 1.943588482352390567e+00 1.922928446353770804e+00 9.060330598242722910e-01 -2.679139453408324600e-01 -1.550277477767118273e-01 3.764116448249535951e-01 1.326348583466770537e+00 -4.351434578542180409e-01 4.074465319504874672e-01 -6.743635765637663315e-01 6.764037941012972510e-01 3.960125210098020543e-01 4.393939810576902305e-01 2.383119508639651052e+00 1.116992346707411432e+00 -6.823500743204700958e-02 -8.263799341153900135e-01 1.126602798952168527e+00 -4.378089092849232755e-01 9.493924985388996207e-01 8.443326500492311926e-01 1.187966699880074861e+00 3.187398930405277997e-01 -1.034234468963193043e+00 -6.894605272284370923e-01 -3.539825373906082540e-01 -2.223375958146710740e+00 -1.104331557580365608e+00 1.542977822001992960e+00 -3.927370774290198790e-02 -1.715859555925793867e-01 2.163212056598600164e+00 -2.393691622570458255e-01 6.401223962850893789e-01 -7.380022460570491161e-01 9.102724134569661896e-01 -4.664096679920358701e-01 -1.701841313591465066e-02 -4.226115242434484026e-02 -4.635880949256707684e-01 6.326403944452976824e-02 -5.972873457486460591e-01 -4.932933558229110615e-01 -1.156161573163633216e+00 -2.069948251908590553e+00 -6.374136293516476925e-01 -2.977911676968849619e-01 1.152296653195320930e+00 -1.466393763413115003e+00 1.419624897400506847e-01 6.947290776639146737e-01 -1.582906023671074580e+00 -5.068344475827231133e-01 -1.936260137595665842e+00 8.842198693076068483e-02 3.990454334973905781e-01 3.898328623745087040e-01 4.937324685111902922e-01 2.064461511447807762e+00 -6.920139696610997371e-01 6.088308888076564562e-01 6.898023399500299302e-01 -4.810189874477492911e-01 -1.359597758842396031e-01 5.829221650549889500e-01
4.001457912919207383e-01 1.867540326414971474e+00 -1.513564682430824926e-01 1.440426764273691207e-01 1.216782431469735776e-01 1.494039925335953534e+00 -8.540850667204350488e-01 8.644249377598117734e-01 -1.454349963391887046e+00 1.532754780843658349e+00 3.781529900566710234e-01 -3.478957479891153226e-01 1.202353807462190005e+00 -1.048521508424869131e+00 1.950753925030925595e+00 -1.252755578775859968e+00 -2.127170841987942040e-01 -5.108020841262940204e-01 4.283230203560891014e-01 -6.343551618494521760e-01 -3.595164664523900488e-01 1.774313887437297121e-01 4.627812806028576142e-01 7.290557586698891424e-01 -1.234798723599979109e+00 -8.707619102648275211e-01 5.615549409852779034e-02 4.656461904176520394e-01 1.895870183501116912e+00 -1.070730987409837631e+00 1.222413154156098969e+00 3.562784187360769628e-01 1.785822239967495451e+00 1.883124167631041512e+00 9.693598972613137743e-01 -4.136147440643357931e-01 1.480505434842183554e+00 -8.612145035087103162e-01 8.023939351890766458e-01 6.141630008467577895e-01 -1.099354106007250254e+00 -6.945565146471562867e-01 1.849222366372098803e+00 -7.698899867371450378e-01 3.178257241322954285e-02 5.765782135479563530e-01 -1.093024195982809088e+00 1.666650088430727261e-01 9.444760362557386157e-01 -1.315875304194556783e+00 1.713309472642875475e+00 -9.841933786704849807e-02 -1.079906047859706675e+00 -4.980237969793815389e-01 8.755212180444202352e-02 -1.000183640457838807e+00 3.169366978117348355e-01 8.568085308619080021e-01 6.815642133371290212e-01 -4.555128874775101200e-01 -1.374895421419974895e+00 6.252257889918658718e-01 5.216011106373322215e-02 -1.292832095542917115e+00 -1.168050014672020742e+00 7.717490531126935949e-01 1.336514126311773909e+00 1.099612564129739400e+00 -1.616909965263591209e+00 2.799055521701053761e-01 3.172649388992110908e-01 -9.443966509418267874e-01 3.791473620979490811e-01 -9.558991594687548110e-01 4.814595531826577068e-01 1.565111294675953224e-01 -2.379108066704997415e-01 -5.428438079941724226e-01 7.811899642867364824e-01 4.262363605630846153e-01 -3.973119080656280500e-01 -3.090026125313014571e-01 1.079601009550191337e+00 5.210401457549136417e-01 -3.193181410903172535e-01 -7.255969631463256020e-01 6.103614763588588454e-01 -5.962467875607218026e-01 1.887918511691524803e-01 -3.108769875678522032e-01 -2.772578743569607429e+00 -6.523412654049840498e-01 -1.161070607397150789e-01 -1.105332626479508112e-01 1.536338688015965293e+00 -1.045229398170961055e+00 1.301802824627804611e+00 2.303888400839889439e+00 1.136861504974417070e+00 -3.994347213258251372e-01
9.787206117895227431e-01 -9.772686482621169013e-01 -1.032089358218540309e-01 1.454230513616352916e+00 4.438683251019727161e-01 -2.051575002603420184e-01 -2.552959251377031613e+00 -7.421357413854470231e-01 4.575767304352067882e-02 1.469328737585190447e+00 -8.877585848513477318e-01 1.563410062682974444e-01 -3.873350119062574648e-01 -1.419986718535926951e+00 -5.096496328140598386e-01 7.774690719617950441e-01 -8.954463360336154532e-01 -1.180610562737205438e+00 6.652867813646289041e-02 -3.628016001966611892e-01 -8.131089440949446079e-01 -4.017926792178503903e-01 -9.072859814820968261e-01 1.289770828692452798e-01 4.023225906943321828e-01 -5.788172928370360903e-01 -1.165119234877884491e+00 -1.536207268680616078e+00 1.178768835976310214e+00 1.054407095023960794e+00 2.082700957174480616e-01 7.066915876414918696e-01 1.269054539538241599e-01 -1.347735893397084217e+00 -1.173095141828761179e+00 -7.474436982295662446e-01 1.867543204632810872e+00 1.910035938142516487e+00 9.471366574161595997e-01 9.221385714607001072e-01 2.982327031168720000e-01 -1.496311991596007696e-01 6.722731191887872937e-01 5.392157073049506089e-01 -6.358429217091343677e-01 -2.082968944312368620e-01 -1.491227131831044606e+00 6.349949987993674938e-01 -9.128111612490510396e-01 -4.615736784277377769e-01 -7.447379007117681526e-01 -6.634656770315096042e-01 -1.147455261510590407e+00 1.929502359119416033e+00 -1.225414275576973022e+00 -1.544728994190680771e+00 9.208064561412232507e-01 -6.510078224657233070e-01 -8.033972879355101293e-01 1.738660430613675131e-02 -6.436007248756342447e-01 -1.602038024029122321e+00 -7.395420000825728701e-01 2.670437337118560239e-01 5.232599645407638445e-01 8.235638597124269600e-01 -3.691848537106195427e-01 6.552431604509886265e-01 -2.432593406972718281e-02 -9.816603132642358343e-02 7.861702697579633359e-01 -4.100518617745979588e-01 2.259277914325945158e+00 -3.459742406571246764e-01 -1.540755404032135623e+00 2.321635697696972922e-01 -1.424020962989743344e+00 4.160039370104122725e-01 1.494458998739841338e+00 6.768822593068108961e-01 -1.328143269626106959e-01 -1.675952127239610734e+00 -8.133363945806556528e-01 -5.758036421359045143e-01 6.914943011362232328e-01 -1.383339310935365996e+00 -1.188813353141491502e+00 -5.257858001060131820e-02 5.238841223677580539e-01 9.739700464769274202e-02 1.955902405185516280e+00 -3.908603538459072269e-01 -2.030645732744052356e+00 1.020157725945384897e+00 2.863378482809696979e-01 1.211112795811426945e+00 -6.280736537242046502e-01 -1.060003083366986232e+00 9.773609298542264290e-02 3.700423423308154547e-01
