# 
#                 ----------------------------------------------------
#                 Data from a 3D direct N-body simulation. 
# 
#                 rows are i-particle; 
#                 coumns are :mass, tag, x ,y, z, vx, vy, vz, ax, ay, az
# 
#                 NTHU, Computational Physics Lab
# 
#                 ----------------------------------------------------
#                 Time = 5.399999999999929
1.000000000000000000e+00 2.000000000000000000e+00 3.000000000000000000e+00 4.000000000000000000e+00 5.000000000000000000e+00 6.000000000000000000e+00 7.000000000000000000e+00 8.000000000000000000e+00 9.000000000000000000e+00 1.000000000000000000e+01 1.100000000000000000e+01 1.200000000000000000e+01 1.300000000000000000e+01 1.400000000000000000e+01 1.500000000000000000e+01 1.600000000000000000e+01 1.700000000000000000e+01 1.800000000000000000e+01 1.900000000000000000e+01 2.000000000000000000e+01 2.100000000000000000e+01 2.200000000000000000e+01 2.300000000000000000e+01 2.400000000000000000e+01 2.500000000000000000e+01 2.600000000000000000e+01 2.700000000000000000e+01 2.800000000000000000e+01 2.900000000000000000e+01 3.000000000000000000e+01 3.100000000000000000e+01 3.200000000000000000e+01 3.300000000000000000e+01 3.400000000000000000e+01 3.500000000000000000e+01 3.600000000000000000e+01 3.700000000000000000e+01 3.800000000000000000e+01 3.900000000000000000e+01 4.000000000000000000e+01 4.100000000000000000e+01 4.200000000000000000e+01 4.300000000000000000e+01 4.400000000000000000e+01 4.500000000000000000e+01 4.600000000000000000e+01 4.700000000000000000e+01 4.800000000000000000e+01 4.900000000000000000e+01 5.000000000000000000e+01 5.100000000000000000e+01 5.200000000000000000e+01 5.300000000000000000e+01 5.400000000000000000e+01 5.500000000000000000e+01 5.600000000000000000e+01 5.700000000000000000e+01 5.800000000000000000e+01 5.900000000000000000e+01 6.000000000000000000e+01 6.100000000000000000e+01 6.200000000000000000e+01 6.300000000000000000e+01 6.400000000000000000e+01 6.500000000000000000e+01 6.600000000000000000e+01 6.700000000000000000e+01 6.800000000000000000e+01 6.900000000000000000e+01 7.000000000000000000e+01 7.100000000000000000e+01 7.200000000000000000e+01 7.300000000000000000e+01 7.400000000000000000e+01 7.500000000000000000e+01 7.600000000000000000e+01 7.700000000000000000e+01 7.800000000000000000e+01 7.900000000000000000e+01 8.000000000000000000e+01 8.100000000000000000e+01 8.200000000000000000e+01 8.300000000000000000e+01 8.400000000000000000e+01 8.500000000000000000e+01 8.600000000000000000e+01 8.700000000000000000e+01 8.800000000000000000e+01 8.900000000000000000e+01 9.000000000000000000e+01 9.100000000000000000e+01 9.200000000000000000e+01 9.300000000000000000e+01 9.400000000000000000e+01 9.500000000000000000e+01 9.600000000000000000e+01 9.700000000000000000e+01 9.800000000000000000e+01 9.900000000000000000e+01 1.000000000000000000e+02
2.000000000000000111e-01 2.000000000000000111e-01 2.000000000000000111e-01 2.000000000000000111e-01 2.000000000000000111e-01 2.000000000000000111e-01 2.000000000000000111e-01 2.000000000000000111e-01 2.000000000000000111e-01 2.000000000000000111e-01 2.000000000000000111e-01 2.000000000000000111e-01 2.000000000000000111e-01 2.000000000000000111e-01 2.000000000000000111e-01 2.000000000000000111e-01 2.000000000000000111e-01 2.000000000000000111e-01 2.000000000000000111e-01 2.000000000000000111e-01 2.000000000000000111e-01 2.000000000000000111e-01 2.000000000000000111e-01 2.000000000000000111e-01 2.000000000000000111e-01 2.000000000000000111e-01 2.000000000000000111e-01 2.000000000000000111e-01 2.000000000000000111e-01 2.000000000000000111e-01 2.000000000000000111e-01 2.000000000000000111e-01 2.000000000000000111e-01 2.000000000000000111e-01 2.000000000000000111e-01 2.000000000000000111e-01 2.000000000000000111e-01 2.000000000000000111e-01 2.000000000000000111e-01 2.000000000000000111e-01 2.000000000000000111e-01 2.000000000000000111e-01 2.000000000000000111e-01 2.000000000000000111e-01 2.000000000000000111e-01 2.000000000000000111e-01 2.000000000000000111e-01 2.000000000000000111e-01 2.000000000000000111e-01 2.000000000000000111e-01 2.000000000000000111e-01 2.000000000000000111e-01 2.000000000000000111e-01 2.000000000000000111e-01 2.000000000000000111e-01 2.000000000000000111e-01 2.000000000000000111e-01 2.000000000000000111e-01 2.000000000000000111e-01 2.000000000000000111e-01 2.000000000000000111e-01 2.000000000000000111e-01 2.000000000000000111e-01 2.000000000000000111e-01 2.000000000000000111e-01 2.000000000000000111e-01 2.000000000000000111e-01 2.000000000000000111e-01 2.000000000000000111e-01 2.000000000000000111e-01 2.000000000000000111e-01 2.000000000000000111e-01 2.000000000000000111e-01 2.000000000000000111e-01 2.000000000000000111e-01 2.000000000000000111e-01 2.000000000000000111e-01 2.000000000000000111e-01 2.000000000000000111e-01 2.000000000000000111e-01 2.000000000000000111e-01 2.000000000000000111e-01 2.000000000000000111e-01 2.000000000000000111e-01 2.000000000000000111e-01 2.000000000000000111e-01 2.000000000000000111e-01 2.000000000000000111e-01 2.000000000000000111e-01 2.000000000000000111e-01 2.000000000000000111e-01 2.000000000000000111e-01 2.000000000000000111e-01 2.000000000000000111e-01 2.000000000000000111e-01 2.000000000000000111e-01 2.000000000000000111e-01 2.000000000000000111e-01 2.000000000000000111e-01 2.000000000000000111e-01
3.712241778102621481e+01 4.715727470206617511e+01 1.999326878972919275e+01 8.640587812513858879e+00 1.601494639904657902e+01 7.021702139730577663e+00 6.588189692731182490e+00 1.375445189773441079e+01 4.776452864390490305e+01 -3.939077946422823828e+00 3.260653770564590381e+00 -4.168360207961656272e+01 2.588990134270098054e+01 -6.361520980549339122e+00 -3.590661950941185410e+01 -9.218487465817105431e+00 -3.396246577788316756e+01 8.141945243490388506e+00 -5.929004736936620557e-01 6.367722810607900463e+00 -1.415114462468908130e+01 -3.632743672981570882e+01 -3.430541528773050430e+01 1.093019804184726329e+00 2.397740013354628275e+01 -1.441058553022715927e+01 -6.556367008636523330e+00 1.895681520291313404e+01 3.131871373894406219e+01 -3.786255630625058100e+00 -8.484044965643809277e+00 2.055093011491942789e+01 2.209178085904880129e-01 8.459409766491507554e+00 -2.673597532076506411e+01 4.090128744498208135e+01 4.046633286147079644e+01 1.906671646107690421e+01 -5.638854004716788104e+00 -3.262241963743444551e+00 7.921358909169641471e+00 2.791210444813220093e+01 -9.157277675198491451e+00 8.574472249395748591e+00 -1.419104365505064180e+01 1.423455873591482934e+01 8.333651475167197731e+00 9.246606991179474377e+00 5.015072887645197142e+01 2.350627284464583155e+01 -1.436004307362733101e+00 -1.739094386668314129e+01 2.370860391175011017e+01 -9.213379577051158620e+00 1.997933522241249094e+01 1.776846991543818888e+01 2.500023692064667102e+01 6.707460618522072870e+00 -2.176456232572090954e+01 -1.450989954124273318e+01 -7.449335506000537954e+00 -4.678909613755502761e+01 -2.324010610000362931e+01 3.247085579234341424e+01 -8.265654120716987574e-01 -3.610482490649074006e+00 4.552297226177665124e+01 -5.037392856201901026e+00 1.347085544083454067e+01 -1.553083158844728118e+01 1.915491873700841197e+01 -9.815238956119246794e+00 -3.581555617165003147e-01 -8.893073594910937407e-01 -9.755846764631058932e+00 1.331311959008649071e+00 -1.256962077419849066e+01 -1.038114494529003551e+01 -2.433052238259100619e+01 -4.356044786842220162e+01 -1.341398904931501512e+01 -6.266729447167961986e+00 2.424932384983691591e+01 -3.085915736409204513e+01 2.987376112586287658e+00 1.462010625886179938e+01 -3.331106458374237889e+01 -1.066567552232930005e+01 -4.074694412995334147e+01 1.860757675292358693e+00 8.397540819457393724e+00 8.206167969181528576e+00 1.039022020176119376e+01 4.344493250893199132e+01 -1.456312133326405345e+01 1.281239205979397511e+01 1.451638698872872801e+01 -1.012266575312021644e+01 -2.861047491118834163e+00 1.226734601400591806e+01
8.420797746128839023e+00 3.930078173537950903e+01 -3.185160196145954359e+00 3.031249882146091590e+00 2.560572022251174751e+00 3.144102705922701801e+01 -1.797351140015462079e+01 1.819110981474489819e+01 -3.060556431452446802e+01 3.225560302532486645e+01 7.957961998066224396e+00 -7.321293115377430105e+00 2.530264387194212361e+01 -2.206544131422138477e+01 4.105196944095446554e+01 -2.636343329592783391e+01 -4.476651846767128795e+00 -1.074937393515800466e+01 9.013736092258339383e+00 -1.334908338100014191e+01 -7.566035112562669696e+00 3.733824600489632495e+00 9.738801767483112215e+00 1.534262027710921217e+01 -2.598542644912085109e+01 -1.832469578056376491e+01 1.181833657606224275e+00 9.799237853983218116e+00 3.989696943232237913e+01 -2.253272431330209358e+01 2.572483022174646550e+01 7.498386796661069553e+00 3.758139617933962739e+01 3.962881405858274775e+01 2.039961186359383660e+01 -8.704170064659631834e+00 3.115592030241794674e+01 -1.812354851483688378e+01 1.688621842007195539e+01 1.292367305652007659e+01 -2.313531136828908075e+01 -1.461639103549648588e+01 3.891552538566057251e+01 -1.620185404972820109e+01 6.692952217014698224e-01 1.213366185578584044e+01 -2.300201437055292075e+01 3.507388327387082505e+00 1.987563408791499597e+01 -2.769165420237466790e+01 3.605528969456339894e+01 -2.071460430219473459e+00 -2.272584151529754237e+01 -1.048052083752338248e+01 1.842442767076161392e+00 -2.104821921659619477e+01 6.669688541565475859e+00 1.803093373843509539e+01 1.434316258337465300e+01 -9.586024521117243680e+00 -2.893390486708171494e+01 1.315733717078757969e+01 1.097707730941755333e+00 -2.720666169829357628e+01 -2.458092073823578261e+01 1.624112449222564436e+01 2.812580292488117806e+01 2.314075371698290695e+01 -3.402677692533446674e+01 5.890529457367096988e+00 6.676089722688748118e+00 -1.987440700172772523e+01 7.978838069545202138e+00 -2.011643019290879764e+01 1.013206954513819369e+01 3.293583904208036817e+00 -5.006711870804769760e+00 -1.142380200887088471e+01 1.643947885959169142e+01 8.969954252257737792e+00 -8.360666264113474355e+00 -6.502765944891165439e+00 2.271934657237856925e+01 1.096503251857191152e+01 -6.719845668387163684e+00 -1.526950275316193029e+01 1.284464945881100917e+01 -1.254809349949644037e+01 3.972817780886014116e+00 -6.542199120475556740e+00 -5.834642035646808012e+01 -1.372854966098330998e+01 -2.443332795048815953e+00 -2.326138560787796905e+00 3.233115682828812965e+01 -2.199609002292782378e+01 2.739562081169968266e+01 4.848341460339253217e+01 2.392445724923329564e+01 -8.405861730168513901e+00
2.059641241959783997e+01 -2.056577900329317643e+01 -2.172029289294441945e+00 3.060331276010764512e+01 9.340738281509139540e+00 -4.317352029781339695e+00 -5.372489582489138371e+01 -1.561782299347777681e+01 9.629348717137405922e-01 3.092091599830316895e+01 -1.868229705295062004e+01 3.290124466843584727e+00 -8.151018612212322267e+00 -2.988257148181786249e+01 -1.072511684784967834e+01 1.636130253690352276e+01 -1.884401181080712817e+01 -2.484503546804769769e+01 1.399922740368675589e+00 -7.634233349514932598e+00 -1.711146406178034240e+01 -8.455232389746472066e+00 -1.909309053878279272e+01 2.714256182644676052e+00 8.466679771307374480e+00 -1.218097112949121730e+01 -2.451912152304281634e+01 -3.232837250783727967e+01 2.480617347575265086e+01 2.218942449822078800e+01 4.382893226601580317e+00 1.487051408185614143e+01 2.670668509971318993e+00 -2.836204414446310196e+01 -2.468694440095401177e+01 -1.572934934355304470e+01 3.930082397123479865e+01 4.019517058613320870e+01 1.993269946692640815e+01 1.940618465857993513e+01 6.276076482884926477e+00 -3.148878542007480519e+00 1.414755705147267228e+01 1.134760405557280194e+01 -1.338074054782642186e+01 -4.383428143899222640e+00 -3.138175102037316933e+01 1.336321664095530615e+01 -1.920935003303648259e+01 -9.713484558763919807e+00 -1.567246421551484126e+01 -1.396212605178649468e+01 -2.414723456541869240e+01 4.060482945376432440e+01 -2.578788340861932227e+01 -3.250775875869874909e+01 1.937800032828607755e+01 -1.370001192210382790e+01 -1.690685161853170371e+01 3.667741759400657275e-01 -1.354413570217207941e+01 -3.371355691774625285e+01 -1.556316058328900098e+01 5.619750249033348410e+00 1.101166928596112271e+01 1.733054497763758661e+01 -7.769115541724356255e+00 1.378916748394463454e+01 -5.119180020023907929e-01 -2.065660569828934978e+00 1.654572284050647468e+01 -8.629131029242254058e+00 4.754465561829428566e+01 -7.280771621775817160e+00 -3.242413359235609960e+01 4.885829610254506683e+00 -2.996755218270583399e+01 8.754850719908212398e+00 3.144971535906928750e+01 1.424459179553938171e+01 -2.795588188371917138e+00 -3.526931694911606741e+01 -1.711615950818860554e+01 -1.211709003144549968e+01 1.455226776780448184e+01 -2.911129842914157706e+01 -2.501788875520539435e+01 -1.106357842840111738e+00 1.102470997137195496e+01 2.049657813571156506e+00 4.116020316720057082e+01 -8.226179624886675867e+00 -4.273338253403690601e+01 2.146839418953925716e+01 6.025764117588463087e+00 2.548703046195915078e+01 -1.321734699315967987e+01 -2.230688029778314174e+01 2.056656315111982103e+00 7.787319710411195750e+00
1.130741588204060832e+01 1.436404564852278476e+01 6.089885956802846501e+00 2.631908583680839353e+00 4.878099753883753387e+00 2.138787797037510874e+00 2.006754637308957534e+00 4.189559193970203488e+00 1.454900321801831353e+01 -1.199836811720688567e+00 9.931851804622352509e-01 -1.269674988358839407e+01 7.885999794254189510e+00 -1.937697582955877573e+00 -1.093710316457535292e+01 -2.807904002660834397e+00 -1.034488718317847500e+01 2.480024327495474079e+00 -1.805790546785587813e-01 1.939869581390584408e+00 -4.310411121111085819e+00 -1.106524899901646641e+01 -1.044934086919540839e+01 3.329199063128160940e-01 7.303474097418607869e+00 -4.389388965895071770e+00 -1.997068168552482703e+00 5.774206252896950886e+00 9.539639019052708946e+00 -1.153280500864348523e+00 -2.584186928427241181e+00 6.259634469923382127e+00 6.728655281852279069e-02 2.576721164479814252e+00 -8.143737030189834414e+00 1.245845791501949051e+01 1.232599448855893165e+01 5.807691683174189379e+00 -1.717480881250066815e+00 -9.936977532308763905e-01 2.412822313331545399e+00 8.501958021067689941e+00 -2.789286769939022470e+00 2.611758356438458772e+00 -4.322617804656389673e+00 4.335798605155549268e+00 2.538430357885476774e+00 2.816511530307163724e+00 1.527583911691059271e+01 7.159961750850217577e+00 -4.373976439853757281e-01 -5.297195291558363550e+00 7.221580400846224990e+00 -2.806374089036780983e+00 6.085654167815761184e+00 5.412223980396120737e+00 7.614974098078707065e+00 2.043101847690403261e+00 -6.629457216527089081e+00 -4.419594140882306732e+00 -2.269047451468477750e+00 -1.425188624436633411e+01 -7.078853551415453360e+00 9.890550520936056245e+00 -2.517599957650609732e-01 -1.099798387934436406e+00 1.386623000803255756e+01 -1.534373401523359437e+00 4.103200122003717532e+00 -4.730643254079143212e+00 5.834686549914929188e+00 -2.989702038943119256e+00 -1.090914384546609467e-01 -2.708871671787256297e-01 -2.971613119572895201e+00 4.055190072529418210e-01 -3.828660847031926551e+00 -3.162055627340220720e+00 -7.411031237784414749e+00 -1.326843097697785723e+01 -4.085861231173536723e+00 -1.908840892277823276e+00 7.386281054900023513e+00 -9.399636120049654764e+00 9.099636615341749613e-01 4.453247590479539220e+00 -1.014648279322303104e+01 -3.248777949580584412e+00 -1.241146100455688561e+01 5.667851066850334574e-01 2.557882783468929500e+00 2.499273351684977218e+00 3.164840990184539127e+00 1.323325172479615297e+01 -4.435870701514034842e+00 3.902628063408117409e+00 4.421659972203984879e+00 -3.083345568983805851e+00 -8.714849855272308599e-01 3.736584796305071343e+00
2.564953983021010853e+00 1.197096360037790852e+01 -9.701962227520705140e-01 9.233150809506560641e-01 7.799520372757369202e-01 9.576862649481917344e+00 -5.474703469212336415e+00 5.540983044858858619e+00 -9.322410045242836674e+00 9.824999792444700120e+00 2.423976909284136561e+00 -2.230039701109339578e+00 7.707132293901177711e+00 -6.721076487433011337e+00 1.250436925558609857e+01 -8.030231068522130755e+00 -1.363556048236655105e+00 -3.274246563022707335e+00 2.745565644555129303e+00 -4.066160068931550242e+00 -2.304563101330357355e+00 1.137326258475385599e+00 2.966429668367491335e+00 4.673306739757378203e+00 -7.915106004896811598e+00 -5.581643908815201449e+00 3.599735039758746313e-01 2.984819778294641957e+00 1.215256024916537569e+01 -6.863422504301089688e+00 7.835722720960911936e+00 2.283894764311739767e+00 1.144720280824822112e+01 1.207087113421462199e+01 6.213659687291351652e+00 -2.651277730905612362e+00 9.490055785682599776e+00 -5.520404026525116414e+00 5.143451626794753651e+00 3.936642225804970252e+00 -7.046939395373009063e+00 -4.452126596612285603e+00 1.185358587110608219e+01 -4.935039281780787768e+00 2.038081029674575217e-01 3.695887830741943159e+00 -7.006348697317315910e+00 1.068337172499882026e+00 6.054097274061815526e+00 -8.434815425596781324e+00 1.098237039300136253e+01 -6.309245413569141148e-01 -6.922241164799774360e+00 -3.192347288984436648e+00 5.612075996200930339e-01 -6.411231182261982298e+00 2.031574313136591314e+00 5.492180320174359309e+00 4.368878263180787869e+00 -2.919871057469554554e+00 -8.813174887008944580e+00 4.007706958437300848e+00 3.343547818911572489e-01 -8.287096028712596762e+00 -7.487274711976480646e+00 4.946982184124379067e+00 8.567079111318900431e+00 7.048596705400906437e+00 -1.036447141997847510e+01 1.794227055660358783e+00 2.033588480014905109e+00 -6.053667087199476882e+00 2.430342045665338180e+00 -6.127391749688221978e+00 3.086193100302349279e+00 1.003228511062982831e+00 -1.525026889487152815e+00 -3.479658924813580523e+00 5.007441541385642125e+00 2.732213205240253906e+00 -2.546700956404559957e+00 -1.980724399578613015e+00 6.920272440494811050e+00 3.339909489076569926e+00 -2.046846799971512532e+00 -4.651077239280678732e+00 3.912447580459359475e+00 -3.822056558536548909e+00 1.210133170203583797e+00 -1.992737144952578143e+00 -1.777225363125783630e+01 -4.181622406904154765e+00 -7.442409382795003303e-01 -7.085308179845893894e-01 9.847996386631916010e+00 -6.699961296036770264e+00 8.344630091556430429e+00 1.476797288166232569e+01 7.287333138635221808e+00 -2.560400951552108673e+00
6.273628732907397421e+00 -6.264307770776095907e+00 -6.615861809339076416e-01 9.321690875167623958e+00 2.845187280655012696e+00 -1.315060878070297701e+00 -1.636452089877070293e+01 -4.757140010063539926e+00 2.933081232346277933e-01 9.418448398439947411e+00 -5.690578828361497088e+00 1.002159422860039006e+00 -2.482803457513252710e+00 -9.102168078493557246e+00 -3.266858491013035604e+00 4.983613029479764478e+00 -5.739845488311345001e+00 -7.567750560422412676e+00 4.264292976298968973e-01 -2.325455006633405208e+00 -5.212091977023405320e+00 -2.575471056751100107e+00 -5.815724246652711926e+00 8.267530354238016299e-01 2.578920278666385180e+00 -3.710274030126391676e+00 -7.468466463448018899e+00 -9.847150666950353681e+00 7.555926536764382639e+00 6.758825556243666099e+00 1.335019636736094917e+00 4.529690945281905634e+00 8.134752758017603780e-01 -8.639026566433276599e+00 -7.519588034770821494e+00 -4.791133048248759962e+00 1.197097879758050709e+01 1.224337981982551860e+01 6.071342592361621548e+00 5.911024341705142682e+00 1.911680951474381551e+00 -9.591416817626943203e-01 4.309307576346768087e+00 3.456429759059417517e+00 -4.075758503566541791e+00 -1.335186265424238572e+00 -9.558817836210799612e+00 4.070380052975278495e+00 -5.851138402731330679e+00 -2.958705903023836292e+00 -4.773798786294870311e+00 -4.252836484833656172e+00 -7.355211050622684432e+00 1.236816073684382111e+01 -7.854941715389634815e+00 -9.901784619200993731e+00 5.902458652302093434e+00 -4.172990431979921588e+00 -5.149797710920829275e+00 1.116059573397181898e-01 -4.125510779219077051e+00 -1.026909719631127516e+01 -4.740500010152341126e+00 1.711762495612717538e+00 3.354124830966074278e+00 5.278942483287341503e+00 -2.366469771690576707e+00 4.200143719628118610e+00 -1.559295618717151111e-01 -6.292175988382542329e-01 5.039620497428821899e+00 -2.628428733993922517e+00 1.448202433260973265e+01 -2.217707725966085341e+00 -9.876313065649965139e+00 1.488198255525619240e+00 -9.128042460973045280e+00 2.666663832367779374e+00 9.579525724919410123e+00 4.338859219612970719e+00 -8.514528237266884014e-01 -1.074294122474267965e+01 -5.213533786102646950e+00 -3.690874630027051850e+00 4.432554236856658392e+00 -8.867246989011293934e+00 -7.620371842895492520e+00 -3.370094647315999281e-01 3.358108985693140536e+00 6.243201883711892997e-01 1.253735129705723317e+01 -2.505573664836638237e+00 -1.301650517132901008e+01 6.539236566723067412e+00 1.835435562768042539e+00 7.763288407493676324e+00 -4.025975823128320030e+00 -6.794641478750729213e+00 6.264693902647691104e-01 2.371994502516401315e+00
1.764018578573387730e+00 2.240876330225418211e+00 9.500501781096930554e-01 4.105926193025165039e-01 7.610055631878884785e-01 3.336606555750404324e-01 3.130657282904387717e-01 6.535898301538607402e-01 2.269728414384825754e+00 -1.871813824559833139e-01 1.549415421078858546e-01 -1.980763584494486418e+00 1.230256106654603609e+00 -3.022894157607742271e-01 -1.706251418352272342e+00 -4.380420958501377582e-01 -1.613855966072833326e+00 3.868981233778350792e-01 -2.816762820508742979e-02 3.026887715719654981e-01 -6.724476841602492483e-01 -1.726235546962169742e+00 -1.630149588157239204e+00 5.193480336926589724e-02 1.139382857189587206e+00 -6.847585432951828199e-01 -3.115560088578389619e-01 9.008071285659852157e-01 1.488240023357695119e+00 -1.799168630360759580e-01 -4.031394464960712520e-01 9.765074894353700241e-01 1.049609101225577705e-02 4.019828798227121358e-01 -1.270469810649495379e+00 1.943588638783677380e+00 1.922928511311337019e+00 9.060331153035608986e-01 -2.679143741041757343e-01 -1.550276630368425390e-01 3.764117112564690504e-01 1.326348761952361510e+00 -4.351435061369833268e-01 4.074466051611073669e-01 -6.743634283286774611e-01 6.764039352208858213e-01 3.960124932076977688e-01 4.393939701204078729e-01 2.383119629495903613e+00 1.116992461228991873e+00 -6.823503899403686457e-02 -8.263802147590739722e-01 1.126602957402329963e+00 -4.378089625495377168e-01 9.493926339506658652e-01 8.443327951374536289e-01 1.187967001831726543e+00 3.187398344490784408e-01 -1.034234508999396729e+00 -6.894609546317468363e-01 -3.539825917952692524e-01 -2.223376088225058833e+00 -1.104331805333839123e+00 1.542977997917635014e+00 -3.927375132464615975e-02 -1.715857653389320503e-01 2.163212170883626939e+00 -2.393692101671716088e-01 6.401224399557750022e-01 -7.380023831654800581e-01 9.102719622910481201e-01 -4.664097130326795293e-01 -1.701842270591891193e-02 -4.226113328378475892e-02 -4.635881326174057238e-01 6.326402966834403230e-02 -5.972874831631256320e-01 -4.932934827157912094e-01 -1.156161672937368268e+00 -2.069948427834644278e+00 -6.374137410970943662e-01 -2.977911663023351529e-01 1.152296820199014915e+00 -1.466393909604184032e+00 1.419624451193005066e-01 6.947291736446861155e-01 -1.582906178531402031e+00 -5.068343607389158567e-01 -1.936260231647176644e+00 8.842198740706616600e-02 3.990454378603728314e-01 3.898341208161409943e-01 4.937325130387573147e-01 2.064461661406780113e+00 -6.920141412944652570e-01 6.088309507328282244e-01 6.898024156440850652e-01 -4.810190263414370060e-01 -1.359597276302861313e-01 5.829223158163545637e-01
4.001458459070877383e-01 1.867540410906600723e+00 -1.513564717820114758e-01 1.440426807068844184e-01 1.216782276924978923e-01 1.494040112596541237e+00 -8.540851177709865016e-01 8.644249916164031822e-01 -1.454350038543507306e+00 1.532754897717928610e+00 3.781530356384257274e-01 -3.478958264447459259e-01 1.202353932031940520e+00 -1.048521658896626629e+00 1.950754027729324713e+00 -1.252755769076436376e+00 -2.127171951618492540e-01 -5.108020987217134490e-01 4.283230626755754056e-01 -6.343550011021921176e-01 -3.595166420374830141e-01 1.774313636395010996e-01 4.627812852403610511e-01 7.290559251976718169e-01 -1.234798853212186742e+00 -8.707620788109574628e-01 5.615554121373574070e-02 4.656462681511679969e-01 1.895870274347889906e+00 -1.070731090886774872e+00 1.222413306844116532e+00 3.562788418361121923e-01 1.785822470792020056e+00 1.883124294530515996e+00 9.693600733574835315e-01 -4.136147643295534637e-01 1.480505479596861518e+00 -8.612145569936037193e-01 8.023942345731709391e-01 6.141625998573526646e-01 -1.099354329337002723e+00 -6.945565689135491105e-01 1.849222564227879895e+00 -7.698901115246996607e-01 3.178280225273588666e-02 5.765782738312332789e-01 -1.093024374477383098e+00 1.666650494426769880e-01 9.444760527600364330e-01 -1.315875457771888968e+00 1.713309631685969725e+00 -9.841949687448214856e-02 -1.079906169650585168e+00 -4.980238383730485330e-01 8.755211758752787232e-02 -1.000183792150307616e+00 3.169367260969917499e-01 8.568086364817949496e-01 6.815643583046234744e-01 -4.555129815001669469e-01 -1.374895688692625351e+00 6.252258160753230154e-01 5.216013484703427294e-02 -1.292832214241234290e+00 -1.168050222674599459e+00 7.717492519129112161e-01 1.336514192432306736e+00 1.099612789140351543e+00 -1.616910185680943801e+00 2.799056432874670874e-01 3.172647131702480694e-01 -9.443968882536591947e-01 3.791473830177307103e-01 -9.558993787529246333e-01 4.814596580435114292e-01 1.565111074721297624e-01 -2.379108589230182480e-01 -5.428438925114028590e-01 7.811900032107649272e-01 4.262364676160023125e-01 -3.973117157622290119e-01 -3.090026620765107812e-01 1.079601093650202959e+00 5.210402640615798830e-01 -3.193181902431240227e-01 -7.255969651015957700e-01 6.103615620152204047e-01 -5.962471095634699347e-01 1.887917877225753216e-01 -3.108770315005958684e-01 -2.772578810596298293e+00 -6.523415899770371729e-01 -1.161070458066550265e-01 -1.105332980214110000e-01 1.536338871544417728e+00 -1.045229512819255469e+00 1.301803032268716631e+00 2.303888536192936431e+00 1.136861647779304763e+00 -3.994347897635794897e-01
9.787206948880009527e-01 -9.772686924201652303e-01 -1.032089832591544520e-01 1.454230719271987216e+00 4.438683006980578272e-01 -2.051575039129285016e-01 -2.552959397576842093e+00 -7.421358814551710648e-01 4.575767708177077425e-02 1.469328881241331652e+00 -8.877587147837670001e-01 1.563410443565401986e-01 -3.873349726942351134e-01 -1.419986867868336278e+00 -5.096496450062846240e-01 7.774691737654824131e-01 -8.954464327818656422e-01 -1.180610666153277366e+00 6.652862330747642827e-02 -3.628013070749529501e-01 -8.131091227278054445e-01 -4.017926230341088423e-01 -9.072860406958843660e-01 1.289771107507327319e-01 4.023226818260245974e-01 -5.788174477486538461e-01 -1.165119381274421828e+00 -1.536207442885139551e+00 1.178768887325304604e+00 1.054407308535109555e+00 2.082701190881880160e-01 7.066910165925069931e-01 1.269054857104964518e-01 -1.347736004217072736e+00 -1.173095277029848171e+00 -7.474437513878720019e-01 1.867543279997271766e+00 1.910036076930946569e+00 9.471372100750542478e-01 9.221388975218173245e-01 2.982327292751132952e-01 -1.496312151431868909e-01 6.722732226956036339e-01 5.392158674891103232e-01 -6.358429367295690415e-01 -2.082969033312051521e-01 -1.491227277540910334e+00 6.349951731173888447e-01 -9.128112141737119156e-01 -4.615737306948049512e-01 -7.447379816543179265e-01 -6.634657373879214726e-01 -1.147455325556385741e+00 1.929502501158629535e+00 -1.225414377186214043e+00 -1.544729195609110040e+00 9.208067067433871600e-01 -6.510079074624236517e-01 -8.033973471332619409e-01 1.738704798307333030e-02 -6.436008094418004255e-01 -1.602038117933693995e+00 -7.395421005295709227e-01 2.670437678410847449e-01 5.232600444015965691e-01 8.235635727657526495e-01 -3.691848392831996728e-01 6.552432588292080862e-01 -2.432593498059463719e-02 -9.816595650024420583e-02 7.861710285965661793e-01 -4.100518513542838472e-01 2.259278062782571705e+00 -3.459742766963089244e-01 -1.540755603075063984e+00 2.321636533362840538e-01 -1.424021154064289751e+00 4.160041576005105712e-01 1.494459120933774976e+00 6.768823826333421056e-01 -1.328146448171148020e-01 -1.675952374459819927e+00 -8.133365278835744672e-01 -5.758035671389714061e-01 6.914945137727075419e-01 -1.383339428806867888e+00 -1.188813572775379690e+00 -5.257852603642038797e-02 5.238841553487803004e-01 9.739701976503034597e-02 1.955902452554149296e+00 -3.908608028576560089e-01 -2.030645918029303498e+00 1.020157797627623486e+00 2.863378762173928727e-01 1.211112951243778380e+00 -6.280737202407162822e-01 -1.060003144303470313e+00 9.773603973497566044e-02 3.700424071210468013e-01
