# 
#                 ----------------------------------------------------
#                 Data from a 3D direct N-body simulation. 
# 
#                 rows are i-particle; 
#                 coumns are :mass, tag, x ,y, z, vx, vy, vz, ax, ay, az
# 
#                 NTHU, Computational Physics Lab
# 
#                 ----------------------------------------------------
#                 Time = 2.899999999999982
1.000000000000000000e+00 2.000000000000000000e+00 3.000000000000000000e+00 4.000000000000000000e+00 5.000000000000000000e+00 6.000000000000000000e+00 7.000000000000000000e+00 8.000000000000000000e+00 9.000000000000000000e+00 1.000000000000000000e+01 1.100000000000000000e+01 1.200000000000000000e+01 1.300000000000000000e+01 1.400000000000000000e+01 1.500000000000000000e+01 1.600000000000000000e+01 1.700000000000000000e+01 1.800000000000000000e+01 1.900000000000000000e+01 2.000000000000000000e+01 2.100000000000000000e+01 2.200000000000000000e+01 2.300000000000000000e+01 2.400000000000000000e+01 2.500000000000000000e+01 2.600000000000000000e+01 2.700000000000000000e+01 2.800000000000000000e+01 2.900000000000000000e+01 3.000000000000000000e+01 3.100000000000000000e+01 3.200000000000000000e+01 3.300000000000000000e+01 3.400000000000000000e+01 3.500000000000000000e+01 3.600000000000000000e+01 3.700000000000000000e+01 3.800000000000000000e+01 3.900000000000000000e+01 4.000000000000000000e+01 4.100000000000000000e+01 4.200000000000000000e+01 4.300000000000000000e+01 4.400000000000000000e+01 4.500000000000000000e+01 4.600000000000000000e+01 4.700000000000000000e+01 4.800000000000000000e+01 4.900000000000000000e+01 5.000000000000000000e+01 5.100000000000000000e+01 5.200000000000000000e+01 5.300000000000000000e+01 5.400000000000000000e+01 5.500000000000000000e+01 5.600000000000000000e+01 5.700000000000000000e+01 5.800000000000000000e+01 5.900000000000000000e+01 6.000000000000000000e+01 6.100000000000000000e+01 6.200000000000000000e+01 6.300000000000000000e+01 6.400000000000000000e+01 6.500000000000000000e+01 6.600000000000000000e+01 6.700000000000000000e+01 6.800000000000000000e+01 6.900000000000000000e+01 7.000000000000000000e+01 7.100000000000000000e+01 7.200000000000000000e+01 7.300000000000000000e+01 7.400000000000000000e+01 7.500000000000000000e+01 7.600000000000000000e+01 7.700000000000000000e+01 7.800000000000000000e+01 7.900000000000000000e+01 8.000000000000000000e+01 8.100000000000000000e+01 8.200000000000000000e+01 8.300000000000000000e+01 8.400000000000000000e+01 8.500000000000000000e+01 8.600000000000000000e+01 8.700000000000000000e+01 8.800000000000000000e+01 8.900000000000000000e+01 9.000000000000000000e+01 9.100000000000000000e+01 9.200000000000000000e+01 9.300000000000000000e+01 9.400000000000000000e+01 9.500000000000000000e+01 9.600000000000000000e+01 9.700000000000000000e+01 9.800000000000000000e+01 9.900000000000000000e+01 1.000000000000000000e+02
2.000000000000000111e-01 2.000000000000000111e-01 2.000000000000000111e-01 2.000000000000000111e-01 2.000000000000000111e-01 2.000000000000000111e-01 2.000000000000000111e-01 2.000000000000000111e-01 2.000000000000000111e-01 2.000000000000000111e-01 2.000000000000000111e-01 2.000000000000000111e-01 2.000000000000000111e-01 2.000000000000000111e-01 2.000000000000000111e-01 2.000000000000000111e-01 2.000000000000000111e-01 2.000000000000000111e-01 2.000000000000000111e-01 2.000000000000000111e-01 2.000000000000000111e-01 2.000000000000000111e-01 2.000000000000000111e-01 2.000000000000000111e-01 2.000000000000000111e-01 2.000000000000000111e-01 2.000000000000000111e-01 2.000000000000000111e-01 2.000000000000000111e-01 2.000000000000000111e-01 2.000000000000000111e-01 2.000000000000000111e-01 2.000000000000000111e-01 2.000000000000000111e-01 2.000000000000000111e-01 2.000000000000000111e-01 2.000000000000000111e-01 2.000000000000000111e-01 2.000000000000000111e-01 2.000000000000000111e-01 2.000000000000000111e-01 2.000000000000000111e-01 2.000000000000000111e-01 2.000000000000000111e-01 2.000000000000000111e-01 2.000000000000000111e-01 2.000000000000000111e-01 2.000000000000000111e-01 2.000000000000000111e-01 2.000000000000000111e-01 2.000000000000000111e-01 2.000000000000000111e-01 2.000000000000000111e-01 2.000000000000000111e-01 2.000000000000000111e-01 2.000000000000000111e-01 2.000000000000000111e-01 2.000000000000000111e-01 2.000000000000000111e-01 2.000000000000000111e-01 2.000000000000000111e-01 2.000000000000000111e-01 2.000000000000000111e-01 2.000000000000000111e-01 2.000000000000000111e-01 2.000000000000000111e-01 2.000000000000000111e-01 2.000000000000000111e-01 2.000000000000000111e-01 2.000000000000000111e-01 2.000000000000000111e-01 2.000000000000000111e-01 2.000000000000000111e-01 2.000000000000000111e-01 2.000000000000000111e-01 2.000000000000000111e-01 2.000000000000000111e-01 2.000000000000000111e-01 2.000000000000000111e-01 2.000000000000000111e-01 2.000000000000000111e-01 2.000000000000000111e-01 2.000000000000000111e-01 2.000000000000000111e-01 2.000000000000000111e-01 2.000000000000000111e-01 2.000000000000000111e-01 2.000000000000000111e-01 2.000000000000000111e-01 2.000000000000000111e-01 2.000000000000000111e-01 2.000000000000000111e-01 2.000000000000000111e-01 2.000000000000000111e-01 2.000000000000000111e-01 2.000000000000000111e-01 2.000000000000000111e-01 2.000000000000000111e-01 2.000000000000000111e-01 2.000000000000000111e-01
1.436643669921248900e+01 1.824989939508434134e+01 7.737461344441213029e+00 3.343918387101787459e+00 6.197839937702601887e+00 2.717422424675972614e+00 2.549633533398363738e+00 5.323022613668138447e+00 1.848492233254045658e+01 -1.524427778601963546e+00 1.261883236981626855e+00 -1.613161412264124195e+01 1.001945276913998839e+01 -2.461931670635459923e+00 -1.389589759455585671e+01 -3.567609547869758480e+00 -1.314354841500051130e+01 3.150941133503885716e+00 -2.294769196187050886e-01 2.463947598493365643e+00 -5.476516048506295142e+00 -1.405880110424440232e+01 -1.327628139400840190e+01 4.230164762928832478e-01 9.279286617096047962e+00 -5.576984426425336316e+00 -2.537309056702631960e+00 7.336322171487577037e+00 1.212036646802639517e+01 -1.465294708884985031e+00 -3.283389042818473769e+00 7.953432058601270782e+00 8.550177674176920317e-02 3.273803463271169445e+00 -1.034685115778581377e+01 1.582885769844420487e+01 1.566049846415326563e+01 7.378840931686176496e+00 -2.182385713642392311e+00 -1.262458732629370139e+00 3.065589954880138190e+00 1.080204989818505368e+01 -3.543884375185585078e+00 3.318347254401158519e+00 -5.491884340754533689e+00 5.508825012074280991e+00 3.225114524903114344e+00 3.578434283952596662e+00 1.940838034726348482e+01 9.096970307710989800e+00 -5.557448041781689607e-01 -6.730394786243177663e+00 9.175287703357925650e+00 -3.565597547934385769e+00 7.732052255574474842e+00 6.876450454554083436e+00 9.675199607748949049e+00 2.595767777896241135e+00 -8.422902264464484645e+00 -5.615481160674557159e+00 -2.882912666167258386e+00 -1.810743125537432263e+01 -8.994009975985326477e+00 1.256628634616490459e+01 -3.198960473322882692e-01 -1.397191375090161447e+00 1.761743567373406094e+01 -1.949488301024340453e+00 5.213237912781215400e+00 -6.010481378156229404e+00 7.412800674361516684e+00 -3.798514368867512925e+00 -1.386095698659285669e-01 -3.441554163920725884e-01 -3.775527011399348876e+00 5.152144995409591033e-01 -4.864492520082150051e+00 -4.017548452361070943e+00 -9.415949863547036003e+00 -1.685795987566339349e+01 -5.191254301526366355e+00 -2.425224606313092668e+00 9.384549357340391751e+00 -1.194254854062929638e+01 1.156099444346929239e+00 5.658016284581408151e+00 -1.289143994793263559e+01 -4.127587723318393742e+00 -1.576910517002159295e+01 7.201136208862446431e-01 3.249850869293958500e+00 3.176220595943274549e+00 4.021031984624515054e+00 1.681324641110852269e+01 -5.635989368779847908e+00 4.958418837983755267e+00 5.617869870730272552e+00 -3.917486423435107668e+00 -1.107209008099168335e+00 4.747516785231251646e+00
3.258868747247255726e+00 1.520943681278192727e+01 -1.232658625909511807e+00 1.173095571882936561e+00 9.909363367813674994e-01 1.216774643956818025e+01 -6.955768897954849983e+00 7.039980488968169858e+00 -1.184438333360079909e+01 1.248296300662638458e+01 3.079748119975254994e+00 -2.833368593485947606e+00 9.792169608633750855e+00 -8.539380803745951098e+00 1.588715299631719091e+01 -1.020271806575413542e+01 -1.732503347512182490e+00 -4.160014136939705232e+00 3.488331699121479890e+00 -5.166042028167279199e+00 -2.928117477109889233e+00 1.444981878243804196e+00 3.768919129095063880e+00 5.937653773924190581e+00 -1.005640830457450718e+01 -7.091718091816574088e+00 4.573861280481019143e-01 3.792333266944813985e+00 1.544016373314367030e+01 -8.720203071955721086e+00 9.955565534999132993e+00 2.902022739434488852e+00 1.454408518384774140e+01 1.533640008541379984e+01 7.894713487904494009e+00 -3.368521946504142495e+00 1.205736061782165258e+01 -7.013834125403795916e+00 6.535072378603453913e+00 5.001324220308246638e+00 -8.953445936832579832e+00 -5.656564010817179522e+00 1.506038191018959260e+01 -6.270162878394600625e+00 2.590970217247176577e-01 4.695749594605193700e+00 -8.901844419151320409e+00 1.357373817043366238e+00 7.691878625116037149e+00 -1.071672697879189151e+01 1.395345686498597004e+01 -8.017105582847886547e-01 -8.794945807622948308e+00 -4.055977254142105970e+00 7.130241208009756582e-01 -8.145716139714531678e+00 2.581180126286145349e+00 6.978010294854178674e+00 5.550856050008822429e+00 -3.709825272038978383e+00 -1.119751760756533265e+01 5.091900544254713168e+00 4.248212804413937227e-01 -1.052902270941227236e+01 -9.512891628572873515e+00 6.285386136430127557e+00 1.088471222821678275e+01 8.955552703194479491e+00 -1.316844347330005860e+01 2.279667270826455372e+00 2.583569965883390829e+00 -7.691480386013308745e+00 3.087818600170875616e+00 -7.785137141004129013e+00 3.921148590971499370e+00 1.274609760800860636e+00 -1.937616263203003397e+00 -4.421042155285486608e+00 6.362093901723951284e+00 3.471410573288888912e+00 -3.235512315261855232e+00 -2.516588437486164676e+00 8.792419181698353015e+00 4.243510033106325352e+00 -2.600598184155716641e+00 -5.909300177717532243e+00 4.970910687276190565e+00 -4.856225441902108919e+00 1.537458971048503820e+00 -2.531847134540686994e+00 -2.258009529487497602e+01 -5.313062241906448158e+00 -9.455649154876375473e-01 -9.002281953405881776e-01 1.251222547446841027e+01 -8.512529409687816795e+00 1.060218078180722401e+01 1.876313454624193255e+01 9.258817549314635187e+00 -3.253093307651411248e+00
7.970843048265664699e+00 -7.958974393957928939e+00 -8.405920748560071765e-01 1.184355728616101189e+01 3.614858434569813816e+00 -1.670817047054060422e+00 -2.079159220457098201e+01 -6.044148085691914751e+00 3.726573185718354275e-01 1.196644825640166765e+01 -7.230096418267794256e+00 1.273291805959798850e+00 -3.154431621534614649e+00 -1.156461076775968877e+01 -4.150625803424305538e+00 6.331861485778675913e+00 -7.292668529421884926e+00 -9.615067758893273364e+00 5.417512531756695227e-01 -2.954348898094704357e+00 -6.622200749874860293e+00 -3.272156499178602296e+00 -7.389049005554931604e+00 1.050427162286777572e+00 3.276637772736608500e+00 -4.714091117895352845e+00 -9.488953940768379169e+00 -1.251114470618827390e+01 9.600010085569408602e+00 8.587384190386748273e+00 1.696188338302354381e+00 5.754694158180945429e+00 1.033560073913196042e+00 -1.097615312751739580e+01 -9.553897525615800745e+00 -6.087278631155749409e+00 1.520944998975160978e+01 1.555558426034508557e+01 7.714148691964500593e+00 7.510308994581751385e+00 2.428851474286969570e+00 -1.218621940589503572e+00 5.475142292017554091e+00 4.391579801706734898e+00 -5.178353518524986043e+00 -1.696390334245137188e+00 -1.214479217963140734e+01 5.171627031610840142e+00 -7.434039254824772236e+00 -3.759137891658322683e+00 -6.065273724349930617e+00 -5.403365479229949031e+00 -9.345005054282543355e+00 1.571412342246346050e+01 -9.979949402732295027e+00 -1.258057664846188572e+01 7.499375528859318685e+00 -5.301935848997519685e+00 -6.542974257192488707e+00 1.420953524916351851e-01 -5.241611578152333806e+00 -1.304718337255797600e+01 -6.022979971894037554e+00 2.174855903368911658e+00 4.261545125435889148e+00 6.706823935334210063e+00 -3.006643685010642386e+00 5.336443711347189200e+00 -1.981126473100654206e-01 -7.993849261959378172e-01 6.403458702665204783e+00 -3.339471193455767928e+00 1.839983925000420228e+01 -2.817672047053504158e+00 -1.254821288105686961e+01 1.890845679157025616e+00 -1.159751280218902103e+01 3.388204899744430509e+00 1.217108622526036044e+01 5.512701621746759706e+00 -1.082003000852081342e+00 -1.364931591844952585e+01 -6.624002156826900745e+00 -4.689289342495496449e+00 5.631803271759171281e+00 -1.126611708215481045e+01 -9.682002327811662923e+00 -4.281418868975808700e-01 4.266575607474617726e+00 7.932230820598795695e-01 1.592902025376300656e+01 -3.183687034093753976e+00 -1.653788874485872284e+01 8.308296139969527871e+00 2.331981171143597820e+00 9.863537957193672767e+00 -5.115138042751736336e+00 -8.632786639081654556e+00 7.959077781692548426e-01 3.013716202021313073e+00
6.897368619273109402e+00 8.761854415156589582e+00 3.714759587053118484e+00 1.605426893213669048e+00 2.975585068347268436e+00 1.304635827567792727e+00 1.224090268877801702e+00 2.555583923015587899e+00 8.874681548439784962e+00 -7.318832959264850446e-01 6.058311829587916808e-01 -7.744840127386473760e+00 4.810358691740796999e+00 -1.181973721172759451e+00 -6.671474164878413049e+00 -1.712797984357874670e+00 -6.310246255481992250e+00 1.512778913340100395e+00 -1.101596310853841520e-01 1.183152950858696872e+00 -2.629291602235365843e+00 -6.749658993989329225e+00 -6.373965719931526053e+00 2.030826417424767272e-01 4.455016523522815852e+00 -2.677491361109844092e+00 -1.218178230508353277e+00 3.522187963488868867e+00 5.819038666442151175e+00 -7.034881505684977832e-01 -1.576337405310429762e+00 3.818362549292026120e+00 4.104623028169875065e-02 1.571763808178364474e+00 -4.967562136425278219e+00 7.599485531237846203e+00 7.518672883554370578e+00 3.542608615863464649e+00 -1.047692789928901913e+00 -6.061290216836787703e-01 1.471792701054573937e+00 5.186085218436281785e+00 -1.701427761743407707e+00 1.593141475301716792e+00 -2.636709979279418636e+00 2.644788057299542583e+00 1.548399264699706457e+00 1.718026660006781503e+00 9.318039435283704819e+00 4.367480021754871267e+00 -2.668098877492302567e-01 -3.231243343214683428e+00 4.405072210367058538e+00 -1.711851414750663380e+00 3.712171901842117983e+00 3.301391262792979564e+00 4.645055074822475483e+00 1.246252556260795563e+00 -4.043870742649894545e+00 -2.695939604768392339e+00 -1.384090698334970559e+00 -8.693445369530566680e+00 -4.318022791946408034e+00 6.033104641320513828e+00 -1.535753982462628453e-01 -6.708349311697400230e-01 8.458199005988165098e+00 -9.359501351272284664e-01 2.502893802458509676e+00 -2.885636606534443871e+00 3.559008911168282552e+00 -1.823677529790469709e+00 -6.654533355420742813e-02 -1.652344302467904924e-01 -1.812642598446389863e+00 2.473589822561653440e-01 -2.335441447957117500e+00 -1.928821282305171581e+00 -4.520626553595686659e+00 -8.093559022522148538e+00 -2.492326316307569289e+00 -1.164362983533092866e+00 4.505538164405216150e+00 -5.733650610722190066e+00 5.550577731680302884e-01 2.716424173598779301e+00 -6.189216567979913819e+00 -1.981692484385603192e+00 -7.570809952367610229e+00 3.457301357706675793e-01 1.560269166872888968e+00 1.524681727848719248e+00 1.930509483621767775e+00 8.072096817010887548e+00 -2.705834484994012801e+00 2.380550375103531291e+00 2.697153552365959328e+00 -1.880797807501267904e+00 -5.315859091415556792e-01 2.279278248465964829e+00
1.564589093548347076e+00 7.302112148132318126e+00 -5.918050254973269420e-01 5.632083576582843643e-01 4.757565457694611366e-01 5.841761426103853516e+00 -3.339490418009130934e+00 3.379920294928689284e+00 -5.686534570883862827e+00 5.993111960292011098e+00 1.478594090921097282e+00 -1.360299740378682953e+00 4.701246837259130729e+00 -4.099771583346467629e+00 7.627483669706702329e+00 -4.898340688656535491e+00 -8.317625022092502984e-01 -1.997241242804396189e+00 1.674757775003901994e+00 -2.480273373097504397e+00 -1.405770613099034394e+00 6.937479756445984469e-01 1.809476431934766261e+00 2.850666089174892726e+00 -4.828108219939289292e+00 -3.404737864026712302e+00 2.195844139639371029e-01 1.820703716932364546e+00 7.412884106351075530e+00 -4.186594256612322873e+00 4.779688685870358000e+00 1.393195532931045033e+00 6.982645470263607379e+00 7.363059759605889099e+00 3.790258618169614291e+00 -1.617240718151347734e+00 5.788791861581374043e+00 -3.367367365021484371e+00 3.137464534879014000e+00 2.401237742539215958e+00 -4.298552448729260789e+00 -2.715734901377770960e+00 7.230528465357874524e+00 -3.010313375310643913e+00 1.243499414137575337e-01 2.254441842949869379e+00 -4.273786863332324160e+00 6.516743446857328204e-01 3.692907059147853222e+00 -5.145126008699913989e+00 6.699095513828591031e+00 -3.848749994976372046e-01 -4.222475128088079899e+00 -1.947287484848751804e+00 3.423273268606994990e-01 -3.910770938906757088e+00 1.239232355626931126e+00 3.350158197717995723e+00 2.664966638261505594e+00 -1.781088130892129362e+00 -5.375934320948601908e+00 2.444642282023937518e+00 2.039543251493222964e-01 -5.055014896078953157e+00 -4.567148109076271112e+00 3.017608054564345998e+00 5.225793297662802317e+00 4.299563600797426055e+00 -6.322194847116368699e+00 1.094462489141623251e+00 1.240427831146926341e+00 -3.692673672941106933e+00 1.482473482897889827e+00 -3.737642199844496194e+00 1.882543427764203914e+00 6.119508530074926345e-01 -9.302494793603273138e-01 -2.122548768432282795e+00 3.054466337577850688e+00 1.666621497755857773e+00 -1.553422633984317569e+00 -1.208217495185995860e+00 4.221269283360348012e+00 2.037308233860079199e+00 -1.248551077132852294e+00 -2.837084816682780453e+00 2.386543244592043589e+00 -2.331437165181613036e+00 7.381540200092179260e-01 -1.215544345226564182e+00 -1.084080626763330457e+01 -2.550766801037991804e+00 -4.539733988736324721e-01 -4.321973950082108051e-01 6.007148284655980497e+00 -4.086886937327846248e+00 5.090121466493140012e+00 9.008250860376254110e+00 4.445178300894728096e+00 -1.561813632912939287e+00
3.826826577716950784e+00 -3.821135817617798303e+00 -4.035634841864392808e-01 5.686113042576600662e+00 1.735516651639932073e+00 -8.021670999169790983e-01 -9.982121669467714398e+00 -2.901799601904472059e+00 1.789139102186872998e-01 5.745125472770972408e+00 -3.471181387866483448e+00 6.113066203912058683e-01 -1.514466223004053980e+00 -5.552200157708344186e+00 -1.992734317172438319e+00 3.039939583010768054e+00 -3.501228919730893896e+00 -4.616223374874533825e+00 2.601080151381439109e-01 -1.418453210734953229e+00 -3.179318271722085587e+00 -1.570989781755842696e+00 -3.547508847073900906e+00 5.043101183058336101e-01 1.573113115725557787e+00 -2.263229631600747194e+00 -4.555667273913059923e+00 -6.006631183520370065e+00 4.609004060174212825e+00 4.122806210989148568e+00 8.143442214722936834e-01 2.762966273375853543e+00 4.962114017944717625e-01 -5.269685998484685996e+00 -4.586849162161185767e+00 -2.922523402401735471e+00 7.302120218515990580e+00 7.468288929415667354e+00 3.703496787968048931e+00 3.605675458017464141e+00 1.166098996714154623e+00 -5.850635635111515187e-01 2.628623998987824173e+00 2.108389284643730210e+00 -2.486151086151846545e+00 -8.144439623307591081e-01 -5.830748909466421992e+00 2.482891243401416315e+00 -3.569110101094903342e+00 -1.804771313393699339e+00 -2.911953425032969722e+00 -2.594171837810751668e+00 -4.486572414590519919e+00 7.544403769514079983e+00 -4.791405261347063238e+00 -6.039960617085426975e+00 3.600440625013099805e+00 -2.545470235803788395e+00 -3.141304045332932837e+00 6.813610624024529772e-02 -2.516508330263044435e+00 -6.264001429152295408e+00 -2.891644253599799264e+00 1.044152904345446942e+00 2.045974318277194115e+00 3.220034993967659798e+00 -1.443507746050157303e+00 2.562035077721824816e+00 -9.511471983823445442e-02 -3.838030839492568846e-01 3.074189111778184103e+00 -1.603299158006818326e+00 8.833828428940984523e+00 -1.352771852952144638e+00 -6.024423056813594357e+00 9.077887018617721848e-01 -5.567988614742009901e+00 1.626652328849395923e+00 5.843377307970480494e+00 2.646652642728378080e+00 -5.194146134101726986e-01 -6.553059045125636750e+00 -3.180191795907896246e+00 -2.251366089393425529e+00 2.703816882907564612e+00 -5.408897824116450259e+00 -4.648336806252986619e+00 -2.055634211186861682e-01 2.048398431421867283e+00 3.808275629192094947e-01 7.647594927414981925e+00 -1.528419401811267342e+00 -7.939889444303720012e+00 3.988841712104819859e+00 1.119590731708867137e+00 4.735505247587902922e+00 -2.455791187960072897e+00 -4.144633311491721983e+00 3.821295587576012953e-01 1.446888158831264093e+00
1.764019519965235983e+00 2.240876800501080179e+00 9.500512442063927532e-01 4.105927832992979365e-01 7.610064598719670226e-01 3.336610367424271417e-01 3.130657833035940807e-01 6.535906322752356168e-01 2.269729145067658216e+00 -1.871814512485427962e-01 1.549417061310178201e-01 -1.980764501243604814e+00 1.230257070580034640e+00 -3.022897875282677949e-01 -1.706251941690396956e+00 -4.380429938132504586e-01 -1.613857133696572799e+00 3.868982452824122897e-01 -2.816803537355601350e-02 3.026826649009086156e-01 -6.724480398926602209e-01 -1.726236858857763456e+00 -1.630150947620085278e+00 5.193509875721455393e-02 1.139383354126481063e+00 -6.847599807931773475e-01 -3.115559118755240053e-01 9.008076682520026468e-01 1.488240362646122694e+00 -1.799170852637918261e-01 -4.031404922913735533e-01 9.765111752751584051e-01 1.049620057251698588e-02 4.019830605795689515e-01 -1.270470234034207557e+00 1.943589546142037383e+00 1.922928888090078114e+00 9.060334371043987645e-01 -2.679168602221240203e-01 -1.550271718029966883e-01 3.764120965781462269e-01 1.326349797231535010e+00 -4.351437861932604401e-01 4.074470298048137318e-01 -6.743625687542216252e-01 6.764047537603469218e-01 3.960123319555706178e-01 4.393939066994314024e-01 2.383120330507684681e+00 1.116993125494221140e+00 -6.823522206451791694e-02 -8.263818423658227941e-01 1.126603876464854048e+00 -4.378092715043155891e-01 9.493934193866898630e-01 8.443336366870144438e-01 1.187968753121547039e+00 3.187394946164859855e-01 -1.034234741229632881e+00 -6.894634333592575270e-01 -3.539829073609388477e-01 -2.223376842728975955e+00 -1.104333242357361300e+00 1.542979018285807857e+00 -3.927400411223755383e-02 -1.715846623717043884e-01 2.163212833780542077e+00 -2.393694880609479325e-01 6.401226932611981946e-01 -7.380031784429044173e-01 9.102693490183442204e-01 -4.664099743235975426e-01 -1.701847821570911037e-02 -4.226102225572322263e-02 -4.635883512432259490e-01 6.326397296037712670e-02 -5.972882802101942001e-01 -4.932942187346931462e-01 -1.156162251662297580e+00 -2.069949448255776758e+00 -6.374143893619960144e-01 -2.977911582187427464e-01 1.152297788876929685e+00 -1.466394757567381246e+00 1.419621863069164547e-01 6.947297303716466477e-01 -1.582907076767904098e+00 -5.068338572627929528e-01 -1.936260777193751226e+00 8.842199017135927985e-02 3.990454631673643338e-01 3.898414076571681264e-01 4.937327713146557051e-01 2.064462531223911768e+00 -6.920151368263521841e-01 6.088313099205945322e-01 6.898028546966754604e-01 -4.810192519395782851e-01 -1.359594477704864079e-01 5.829231902782558983e-01
4.001461626949498473e-01 1.867540900989935304e+00 -1.513564923083393909e-01 1.440427055295237790e-01 1.216781380643110755e-01 1.494041198773235601e+00 -8.540854138831125431e-01 8.644253040040116298e-01 -1.454350474450975872e+00 1.532755575631720379e+00 3.781533000270359546e-01 -3.478962815166244948e-01 1.202354654578190685e+00 -1.048522531684263237e+00 1.950754623418613276e+00 -1.252756872881513051e+00 -2.127178387841963392e-01 -5.108021833831543068e-01 4.283233081482116233e-01 -6.343540712570676643e-01 -3.595176604546350685e-01 1.774312180290864571e-01 4.627813121493392634e-01 7.290568910908218347e-01 -1.234799605009984313e+00 -8.707630564448503030e-01 5.615581449303399392e-02 4.656467190308128390e-01 1.895870801293698005e+00 -1.070731691091762583e+00 1.222414192467706551e+00 3.562812938625577464e-01 1.785823809653244831e+00 1.883125030593522764e+00 9.693610947705519898e-01 -4.136148818749347256e-01 1.480505739191378733e+00 -8.612148672251948023e-01 8.023959705272882825e-01 6.141602748140064794e-01 -1.099355624716457980e+00 -6.945568836784182798e-01 1.849223711860122243e+00 -7.698908353354422252e-01 3.178413519588395991e-02 5.765786234954076717e-01 -1.093025409802112824e+00 1.666652849326157593e-01 9.444761484911884386e-01 -1.315876348575617527e+00 1.713310554191261659e+00 -9.842041900444931102e-02 -1.079906876078868816e+00 -4.980240784714249913e-01 8.755209312943001976e-02 -1.000184672009612141e+00 3.169368901574817210e-01 8.568092491186595216e-01 6.815651991626900941e-01 -4.555135267212365169e-01 -1.374897238960600010e+00 6.252259731691607314e-01 5.216027279591551463e-02 -1.292832902732103495e+00 -1.168051429159687293e+00 7.717504047830360259e-01 1.336514575956030626e+00 1.099614094264274700e+00 -1.616911464179040303e+00 2.799061717940347083e-01 3.172634059519698346e-01 -9.443982647270795505e-01 3.791475043603921291e-01 -9.559006506802887326e-01 4.814602662703165170e-01 1.565109799043347683e-01 -2.379111620036159780e-01 -5.428443827352329443e-01 7.811902289838590363e-01 4.262370885402340104e-01 -3.973106007579771393e-01 -3.090029494526902454e-01 1.079601581461519411e+00 5.210409502836466089e-01 -3.193184753483894189e-01 -7.255969764577623327e-01 6.103620588412156378e-01 -5.962489770232348718e-01 1.887914197308338538e-01 -3.108772863270594655e-01 -2.772579199377247949e+00 -6.523434700525126972e-01 -1.161069591894224179e-01 -1.105335032009751584e-01 1.536339936073492174e+00 -1.045230177820350104e+00 1.301804236650910163e+00 2.303889321291489267e+00 1.136862476112618703e+00 -3.994351867276410006e-01
9.787211768884629404e-01 -9.772689485536593113e-01 -1.032092584097257376e-01 1.454231912147200712e+00 4.438681591743532939e-01 -2.051575250978764087e-01 -2.552960245590372601e+00 -7.421366939016554864e-01 4.575770050479815998e-02 1.469329714499107764e+00 -8.877594684357028587e-01 1.563412652824830718e-01 -3.873347452557064918e-01 -1.419987734047494898e+00 -5.096497157257566801e-01 7.774697642644419204e-01 -8.954469939548378443e-01 -1.180611266003640969e+00 6.652830528531622489e-02 -3.627996109176182538e-01 -8.131101588460740714e-01 -4.017922971552549405e-01 -9.072863841638203475e-01 1.289772724766101719e-01 4.023232104213495530e-01 -5.788183462527146661e-01 -1.165120230426798908e+00 -1.536208453332031265e+00 1.178769185168693445e+00 1.054408546965230453e+00 2.082702546350882755e-01 7.066877085840450601e-01 1.269056699114183007e-01 -1.347736647014008859e+00 -1.173096061240186394e+00 -7.474440597256796215e-01 1.867543717140097925e+00 1.910036881955220922e+00 9.471404147871502754e-01 9.221407885588943643e-01 2.982328810041650069e-01 -1.496313078520413176e-01 6.722738230703305673e-01 5.392167966060746886e-01 -6.358430239180130616e-01 -2.082969549545420629e-01 -1.491228122705639869e+00 6.349961842104794307e-01 -9.128115211563211373e-01 -4.615740338608506077e-01 -7.447384511489679726e-01 -6.634660874307978240e-01 -1.147455697048272105e+00 1.929503325038373740e+00 -1.225414966556922280e+00 -1.544730363897472314e+00 9.208081602391965381e-01 -6.510084004763142529e-01 -8.033976905021299464e-01 1.738962071235782350e-02 -6.436012999534803658e-01 -1.602038662615830722e+00 -7.395426831544660295e-01 2.670439658037219166e-01 5.232605076213852069e-01 8.235619094794061068e-01 -3.691847555987533558e-01 6.552438294710004607e-01 -2.432594026470633747e-02 -9.816552248316563756e-02 7.861754259079059004e-01 -4.100517909349107315e-01 2.259278923886526513e+00 -3.459744857402637375e-01 -1.540756757591805970e+00 2.321641380487876327e-01 -1.424022262363443536e+00 4.160054370822791059e-01 1.494459829703099762e+00 6.768830979560032102e-01 -1.328164877260875343e-01 -1.675953808414799129e+00 -8.133373010810059922e-01 -5.758031321422606430e-01 6.914957471294963520e-01 -1.383340112511229902e+00 -1.188814846705012362e+00 -5.257821297075439965e-02 5.238843466675373595e-01 9.739710745398065528e-02 1.955902727310689260e+00 -3.908634032215704823e-01 -2.030646992749551849e+00 1.020158213410444770e+00 2.863380382592699558e-01 1.211113852805314028e+00 -6.280741060604871917e-01 -1.060003497757803670e+00 9.773573087966194728e-02 3.700427829261145884e-01
