# 
#                 ----------------------------------------------------
#                 Data from a 3D direct N-body simulation. 
# 
#                 rows are i-particle; 
#                 coumns are :mass, tag, x ,y, z, vx, vy, vz, ax, ay, az
# 
#                 NTHU, Computational Physics Lab
# 
#                 ----------------------------------------------------
#                 Time = 8.799999999999857
1.000000000000000000e+00 2.000000000000000000e+00 3.000000000000000000e+00 4.000000000000000000e+00 5.000000000000000000e+00 6.000000000000000000e+00 7.000000000000000000e+00 8.000000000000000000e+00 9.000000000000000000e+00 1.000000000000000000e+01 1.100000000000000000e+01 1.200000000000000000e+01 1.300000000000000000e+01 1.400000000000000000e+01 1.500000000000000000e+01 1.600000000000000000e+01 1.700000000000000000e+01 1.800000000000000000e+01 1.900000000000000000e+01 2.000000000000000000e+01 2.100000000000000000e+01 2.200000000000000000e+01 2.300000000000000000e+01 2.400000000000000000e+01 2.500000000000000000e+01 2.600000000000000000e+01 2.700000000000000000e+01 2.800000000000000000e+01 2.900000000000000000e+01 3.000000000000000000e+01 3.100000000000000000e+01 3.200000000000000000e+01 3.300000000000000000e+01 3.400000000000000000e+01 3.500000000000000000e+01 3.600000000000000000e+01 3.700000000000000000e+01 3.800000000000000000e+01 3.900000000000000000e+01 4.000000000000000000e+01 4.100000000000000000e+01 4.200000000000000000e+01 4.300000000000000000e+01 4.400000000000000000e+01 4.500000000000000000e+01 4.600000000000000000e+01 4.700000000000000000e+01 4.800000000000000000e+01 4.900000000000000000e+01 5.000000000000000000e+01 5.100000000000000000e+01 5.200000000000000000e+01 5.300000000000000000e+01 5.400000000000000000e+01 5.500000000000000000e+01 5.600000000000000000e+01 5.700000000000000000e+01 5.800000000000000000e+01 5.900000000000000000e+01 6.000000000000000000e+01 6.100000000000000000e+01 6.200000000000000000e+01 6.300000000000000000e+01 6.400000000000000000e+01 6.500000000000000000e+01 6.600000000000000000e+01 6.700000000000000000e+01 6.800000000000000000e+01 6.900000000000000000e+01 7.000000000000000000e+01 7.100000000000000000e+01 7.200000000000000000e+01 7.300000000000000000e+01 7.400000000000000000e+01 7.500000000000000000e+01 7.600000000000000000e+01 7.700000000000000000e+01 7.800000000000000000e+01 7.900000000000000000e+01 8.000000000000000000e+01 8.100000000000000000e+01 8.200000000000000000e+01 8.300000000000000000e+01 8.400000000000000000e+01 8.500000000000000000e+01 8.600000000000000000e+01 8.700000000000000000e+01 8.800000000000000000e+01 8.900000000000000000e+01 9.000000000000000000e+01 9.100000000000000000e+01 9.200000000000000000e+01 9.300000000000000000e+01 9.400000000000000000e+01 9.500000000000000000e+01 9.600000000000000000e+01 9.700000000000000000e+01 9.800000000000000000e+01 9.900000000000000000e+01 1.000000000000000000e+02
2.000000000000000111e-01 2.000000000000000111e-01 2.000000000000000111e-01 2.000000000000000111e-01 2.000000000000000111e-01 2.000000000000000111e-01 2.000000000000000111e-01 2.000000000000000111e-01 2.000000000000000111e-01 2.000000000000000111e-01 2.000000000000000111e-01 2.000000000000000111e-01 2.000000000000000111e-01 2.000000000000000111e-01 2.000000000000000111e-01 2.000000000000000111e-01 2.000000000000000111e-01 2.000000000000000111e-01 2.000000000000000111e-01 2.000000000000000111e-01 2.000000000000000111e-01 2.000000000000000111e-01 2.000000000000000111e-01 2.000000000000000111e-01 2.000000000000000111e-01 2.000000000000000111e-01 2.000000000000000111e-01 2.000000000000000111e-01 2.000000000000000111e-01 2.000000000000000111e-01 2.000000000000000111e-01 2.000000000000000111e-01 2.000000000000000111e-01 2.000000000000000111e-01 2.000000000000000111e-01 2.000000000000000111e-01 2.000000000000000111e-01 2.000000000000000111e-01 2.000000000000000111e-01 2.000000000000000111e-01 2.000000000000000111e-01 2.000000000000000111e-01 2.000000000000000111e-01 2.000000000000000111e-01 2.000000000000000111e-01 2.000000000000000111e-01 2.000000000000000111e-01 2.000000000000000111e-01 2.000000000000000111e-01 2.000000000000000111e-01 2.000000000000000111e-01 2.000000000000000111e-01 2.000000000000000111e-01 2.000000000000000111e-01 2.000000000000000111e-01 2.000000000000000111e-01 2.000000000000000111e-01 2.000000000000000111e-01 2.000000000000000111e-01 2.000000000000000111e-01 2.000000000000000111e-01 2.000000000000000111e-01 2.000000000000000111e-01 2.000000000000000111e-01 2.000000000000000111e-01 2.000000000000000111e-01 2.000000000000000111e-01 2.000000000000000111e-01 2.000000000000000111e-01 2.000000000000000111e-01 2.000000000000000111e-01 2.000000000000000111e-01 2.000000000000000111e-01 2.000000000000000111e-01 2.000000000000000111e-01 2.000000000000000111e-01 2.000000000000000111e-01 2.000000000000000111e-01 2.000000000000000111e-01 2.000000000000000111e-01 2.000000000000000111e-01 2.000000000000000111e-01 2.000000000000000111e-01 2.000000000000000111e-01 2.000000000000000111e-01 2.000000000000000111e-01 2.000000000000000111e-01 2.000000000000000111e-01 2.000000000000000111e-01 2.000000000000000111e-01 2.000000000000000111e-01 2.000000000000000111e-01 2.000000000000000111e-01 2.000000000000000111e-01 2.000000000000000111e-01 2.000000000000000111e-01 2.000000000000000111e-01 2.000000000000000111e-01 2.000000000000000111e-01 2.000000000000000111e-01
8.576365858098016304e+01 1.089472948044374760e+02 4.619017041193969675e+01 1.996230223501062540e+01 3.699909716202956389e+01 1.622213900276956977e+01 1.522067533502271175e+01 3.177670187864142903e+01 1.103501693676947752e+02 -9.100431454254822583e+00 7.533045395916777132e+00 -9.630136463431966831e+01 5.981318034252531390e+01 -1.469692535540636591e+01 -8.295490314286571731e+01 -2.129724383263344123e+01 -7.846316896131000362e+01 1.881029903458457042e+01 -1.369677898404846994e+00 1.471282427715841656e+01 -3.269328983055812898e+01 -8.392692397526128900e+01 -7.925543802042471953e+01 2.525130466148144848e+00 5.539484467150166580e+01 -3.329241150404065053e+01 -1.514719257299219635e+01 4.379578133156727660e+01 7.235551352856062124e+01 -8.747328664256185604e+00 -1.960042587521285995e+01 4.747789831632531588e+01 5.103594263572425183e-01 1.954372265912916973e+01 -6.176799646670183819e+01 9.449398612615918580e+01 9.348924068455765735e+01 4.404973939098623248e+01 -1.302683254276605318e+01 -7.536874521543383665e+00 1.830061422687055384e+01 6.448505692254705934e+01 -2.115598198498265248e+01 1.980949177607156741e+01 -3.278576533922447567e+01 3.288588823197688527e+01 1.925326700261116386e+01 2.136244338081695560e+01 1.158630128981970273e+02 5.430635881196334935e+01 -3.317554708896106597e+00 -4.017788449094126690e+01 5.477374179910039231e+01 -2.128558709193240261e+01 4.615804833068551005e+01 4.105027448337693841e+01 5.775759703979154125e+01 1.549632335430404240e+01 -5.028259218007900699e+01 -3.352160240236211308e+01 -1.721011602609372204e+01 -1.080966226909689993e+02 -5.369124511946689893e+01 7.501713975942392665e+01 -1.909551523739922763e+00 -8.341563416850345192e+00 1.051715202261676581e+02 -1.163781628400622203e+01 3.112164340168249410e+01 -3.588067193438133984e+01 4.425422656969073643e+01 -2.267607386802221470e+01 -8.274329013174567260e-01 -2.054593147051400503e+00 -2.253887064228083048e+01 3.075742710277654002e+00 -2.903938881305890263e+01 -2.398336995241724168e+01 -5.621064270214830572e+01 -1.006374144709280785e+02 -3.099016825734104685e+01 -1.447802142715053009e+01 5.602295445720206146e+01 -7.129367644450748287e+01 6.901795654914582911e+00 3.377668234529882341e+01 -7.695830323619829016e+01 -2.464102346799702659e+01 -9.413749534643936556e+01 4.298906123522894696e+00 1.940082489840849078e+01 1.895693406202873987e+01 2.400445333376479340e+01 1.003705762373661656e+02 -3.364492283841396869e+01 2.960037014811972256e+01 3.353708858467584264e+01 -2.338633052017334180e+01 -6.609943840990363029e+00 2.834102476517536218e+01
1.945448408151057862e+01 9.079644124812567441e+01 -7.358667747687648308e+00 7.003087836487797979e+00 5.915709160578950687e+00 7.263791124544505351e+01 -4.152411499276789186e+01 4.202682842530072804e+01 -7.070790142111130194e+01 7.451992520851628399e+01 1.838520787184690519e+01 -1.691426569410814551e+01 5.845649895077085745e+01 -5.097755601927010360e+01 9.484218282122654387e+01 -6.090714659041370993e+01 -1.034224740011631205e+01 -2.483424832760521284e+01 2.082436643395627485e+01 -3.084060009922508172e+01 -1.747955521718527194e+01 8.626287251341844708e+00 2.249953845195900826e+01 3.544580584159220393e+01 -6.003392377163891069e+01 -4.233528928047524431e+01 2.730322430054497040e+00 2.263906025080174800e+01 9.217380413880226797e+01 -5.205718616145794186e+01 5.943183583796417935e+01 1.732291918099748429e+01 8.682393877920745240e+01 9.155423388134815355e+01 4.712895539167607240e+01 -2.010920761475049900e+01 7.197943148500465327e+01 -4.187074215227377039e+01 3.901179155133590370e+01 2.985811789216431933e+01 -5.344917253370018528e+01 -3.376815823731903521e+01 8.990622305776133771e+01 -3.743095200403308809e+01 1.545946543003015261e+00 2.803230268645472734e+01 -5.314128018457908809e+01 8.103058553790773999e+00 4.591863634537816097e+01 -6.397578624352083665e+01 8.329827813047002394e+01 -4.785467991457802661e+00 -5.250331869860184497e+01 -2.421307925713891507e+01 4.256599860591749440e+00 -4.862746700988398629e+01 1.540893538144152863e+01 4.165670036639957630e+01 3.313679014832098346e+01 -2.214645081176502472e+01 -6.684559560324319705e+01 3.039734594907870502e+01 2.535999483334043791e+00 -6.285535796774692585e+01 -5.678898429866050890e+01 3.752157388002205352e+01 6.497892369805265389e+01 5.346174362811314751e+01 -7.861171983453607481e+01 1.360875573742879041e+01 1.542408140784451298e+01 -4.591548825964957814e+01 1.843347282348490879e+01 -4.647465976315105962e+01 2.340796253289205353e+01 7.609195122040559589e+00 -1.156692787189257565e+01 -2.639227974828218137e+01 3.798005817900679659e+01 2.072312554825384723e+01 -1.931591192392906464e+01 -1.502326411224451164e+01 5.248836688918708404e+01 2.533233708263147932e+01 -1.552478375128916177e+01 -3.527711581797772311e+01 2.967486075305727056e+01 -2.898939293484781388e+01 9.178487320578076591e+00 -1.511437449753706375e+01 -1.347975879871638369e+02 -3.171659906841454202e+01 -5.644850763616175549e+00 -5.374025677402046064e+00 7.469438256094450423e+01 -5.081738460161598425e+01 6.329178390344976179e+01 1.120109976539150693e+02 5.527244973165803543e+01 -1.941995780438182706e+01
4.758375542936226310e+01 -4.751303830746018519e+01 -5.017970057265176642e+00 7.070251455414754105e+01 2.157993390145353629e+01 -9.974369374713338843e+00 -1.241203716734087124e+02 -3.608164391923340020e+01 2.224661849734657526e+00 7.143636097041637356e+01 -4.316150997398188593e+01 7.601117604097182401e+00 -1.883134665081898618e+01 -6.903746650842261090e+01 -2.477821062162356824e+01 3.779935829571780914e+01 -4.353516650492784379e+01 -5.739931665227526736e+01 3.234317992028336253e+00 -1.763777298002414540e+01 -3.953234687119800839e+01 -1.953419554570574235e+01 -4.411066607986849419e+01 6.270704103046345956e+00 1.956043349229075190e+01 -2.814146712331084288e+01 -5.664629699652839889e+01 -7.468796316942646740e+01 5.730960768499446090e+01 5.126390486563543192e+01 1.012576119586316814e+01 3.435613942336992466e+01 6.169998041002003220e+00 -6.552464817653378759e+01 -5.703403393462909321e+01 -3.633942639962250354e+01 9.079655177060773497e+01 9.286266999953295453e+01 4.604971536951040179e+01 4.483362907652083607e+01 1.449957679912121655e+01 -7.274828626099186124e+00 3.268494166633163189e+01 2.621613237491936133e+01 -3.091349158027904664e+01 -1.012701751561832708e+01 -7.250102480413990236e+01 3.087278029536430424e+01 -4.437926923008836866e+01 -2.244098060466506084e+01 -3.620796533205222545e+01 -3.225660184546356390e+01 -5.578724368913468368e+01 9.380909990538212639e+01 -5.957757997599779998e+01 -7.510236049090518407e+01 4.476862161067740686e+01 -3.165100479057457861e+01 -3.905980028939482196e+01 8.467299741261128387e-01 -3.129088472624381012e+01 -7.788826736946155904e+01 -3.595541359796123260e+01 1.298325558961151138e+01 2.544013648094658464e+01 4.003914790236811427e+01 -1.794900118836703129e+01 3.185696181323900333e+01 -1.182682413281280764e+00 -4.772399903301340451e+00 3.822449835067093460e+01 -1.993588846308898255e+01 1.098421650186447351e+02 -1.682070907987601771e+01 -7.490916468617729151e+01 1.128760929507010680e+01 -6.923373813397375898e+01 2.022601098830844535e+01 7.265807610374891112e+01 3.290909287073155554e+01 -6.458195294055449232e+00 -8.148232094935539749e+01 -3.954325903314654056e+01 -2.799420866106487082e+01 3.361978969871938006e+01 -6.725563966677032113e+01 -5.779849468254642630e+01 -2.556094097347534344e+00 2.547033082214306177e+01 4.735301173958291088e+00 9.509231358276220192e+01 -1.900430391267244801e+01 -9.872663285703386293e+01 4.959831032913055537e+01 1.392127785516058047e+01 5.888244334715731299e+01 -3.053593065579301680e+01 -5.153547928066438999e+01 4.751566743009098204e+00 1.799094589933488209e+01
1.730507859352826117e+01 2.198302494366138760e+01 9.320056046346937961e+00 4.027923409930007637e+00 7.465518234697830380e+00 3.273233841495458485e+00 3.071178086868305623e+00 6.411764228232065044e+00 2.226607947325386405e+01 -1.836253478772656322e+00 1.519986344236879283e+00 -1.943134562713391134e+01 1.206887009030530322e+01 -2.965481416594604624e+00 -1.673835773366123547e+01 -4.297246693903995052e+00 -1.583199690265713500e+01 3.795477887973465414e+00 -2.763487934910211496e-01 2.969014366640792879e+00 -6.596733075071551156e+00 -1.693444922368478345e+01 -1.599184881090136123e+01 5.094980947928684500e-01 1.117737557133103188e+01 -6.717567317283344330e+00 -3.056358645614726921e+00 8.836950228795140916e+00 1.459965493424278726e+01 -1.764997727623072166e+00 -3.954860540300690008e+00 9.579758148215759661e+00 1.029732092291173046e-01 3.943462868384881581e+00 -1.246333418146703131e+01 1.906665884769349972e+01 1.886395124464507944e+01 8.888204119444758078e+00 -2.628388549424594878e+00 -1.520792045468611242e+00 3.692621945092968261e+00 1.301154331059642999e+01 -4.268774555247919267e+00 3.997076608442889256e+00 -6.615453877153058215e+00 6.635571588704608281e+00 3.884872912847770365e+00 4.310451059423646925e+00 2.337844551788531788e+01 1.095773579750238369e+01 -6.693966879528705505e-01 -8.106887233814770610e+00 1.105203001115554606e+01 -4.294924412161526206e+00 9.313588743071163023e+00 8.282955076519341375e+00 1.165406105655868707e+01 3.126817449316368069e+00 -1.014585443472095072e+01 -6.763760186669067309e+00 -3.472588110827951713e+00 -2.181136457912859683e+01 -1.083358099396736485e+01 1.513667521996200804e+01 -3.852906279104284515e-01 -1.683190524235751440e+00 2.122115106817462760e+01 -2.348228581581113250e+00 6.279616295245208590e+00 -7.239850971901403476e+00 8.929612488381394542e+00 -4.575494936799850088e+00 -1.669540487864092371e-01 -4.145750740818924807e-01 -4.547812664650203729e+00 6.206167355725544788e-01 -5.859437903986933094e+00 -4.839253112314330529e+00 -1.134198064565061337e+01 -2.030625513769246027e+01 -6.253067637171432658e+00 -2.921330861621036057e+00 1.130408977470357534e+01 -1.438537500226345500e+01 1.392636100215301154e+00 6.815326511399558029e+00 -1.552836336544991092e+01 -4.972015019912310763e+00 -1.899474552810189820e+01 8.674198625317983691e-01 3.914637259944859338e+00 3.824705829304523519e+00 4.843531409502429774e+00 2.025242095255999786e+01 -6.788718300043968590e+00 5.972653122041003293e+00 6.766987972878172997e+00 -4.718810149348267480e+00 -1.333748194946152044e+00 5.718520246808886043e+00
3.925449705769668896e+00 1.832060076024495032e+01 -1.484808216875150855e+00 1.413060183339062803e+00 1.193658054819620284e+00 1.465659850656452434e+01 -8.378592726306123950e+00 8.480027865148906940e+00 -1.426719996529796930e+01 1.503636611655393018e+01 3.709697102481210873e+00 -3.412885290752459611e+00 1.179513531307250140e+01 -1.028604970522282080e+01 1.913693266153372718e+01 -1.228960014910141574e+01 -2.086794200251328224e+00 -5.010973657699016037e+00 4.201863938837523627e+00 -6.222967523987430916e+00 -3.526919191291831623e+00 1.740592965331358100e+00 4.539886025164638461e+00 7.152096417892452429e+00 -1.211342174192401977e+01 -8.542234503568824522e+00 5.509022118237264509e-01 4.568016871766971576e+00 1.859851892689025377e+01 -1.050390792279821461e+01 1.199192753554990176e+01 3.495241638674658535e+00 1.751899856088702734e+01 1.847349337934029379e+01 9.509483442305922907e+00 -4.057567872730250436e+00 1.452377429066040193e+01 -8.448533370141257492e+00 7.871591183804102165e+00 6.024796191122617550e+00 -1.078474348810678052e+01 -6.813618778562110734e+00 1.814094203398858696e+01 -7.552665310616008654e+00 3.118689853381569899e-01 5.656253792519111201e+00 -1.072263106940589417e+01 1.634998226619094774e+00 9.265315807109129054e+00 -1.290879155084342678e+01 1.680762269421035526e+01 -9.655503843069638270e-01 -1.059392179967639791e+01 -4.885628223237521439e+00 8.588848112569352766e-01 -9.811855649687091230e+00 3.109159102453769030e+00 8.405329387678115438e+00 6.686196674411347907e+00 -4.468614930595694368e+00 -1.348781947817939475e+01 6.133474657054939883e+00 5.116991735979921074e-01 -1.268272522387994705e+01 -1.145864488509012169e+01 7.570929082484378014e+00 1.311122717995125520e+01 1.078727955674694350e+01 -1.586196543245837987e+01 2.745905987020148320e+00 3.112289138542178257e+00 -9.264615840994325779e+00 3.719443089192051133e+00 -9.377449021794351580e+00 4.723155643246983892e+00 1.535366338221849869e+00 -2.333923663123254943e+00 -5.325327922065038244e+00 7.663487443020666312e+00 4.181416894577000498e+00 -3.897561329899847049e+00 -3.031333311537521613e+00 1.059091592278948113e+01 5.111446054732702748e+00 -3.132528508798610556e+00 -7.118106915136547919e+00 5.987676650825608071e+00 -5.849295827009740378e+00 1.852025426590516277e+00 -3.049718928710711374e+00 -2.719902139910368888e+01 -6.399582901569449866e+00 -1.139004935947616204e+00 -1.084343931944220962e+00 1.507154803461558679e+01 -1.025374131774007935e+01 1.277075981830539497e+01 2.260119352470622545e+01 1.115266234015133939e+01 -3.918479044605075678e+00
9.601278862222518029e+00 -9.587021201028212758e+00 -1.012496590831891252e+00 1.426607474330152137e+01 4.354339571543898835e+00 -2.012596381119386546e+00 -2.504458244006696432e+01 -7.280401613756702695e+00 4.488842139750136018e-01 1.441416619133699406e+01 -8.708958093833050640e+00 1.533718866737186604e+00 -3.799742474763815103e+00 -1.393012300998594100e+01 -4.999667249803988689e+00 7.627007934462286975e+00 -8.784363088143022580e+00 -1.158182653499660475e+01 6.526267708110705668e-01 -3.558980273646453085e+00 -7.976662492775175473e+00 -3.941566132806399114e+00 -8.900496618772345769e+00 1.265275133697303822e+00 3.946817141017036068e+00 -5.678252917547912837e+00 -1.142987194876372925e+01 -1.507025548366985745e+01 1.156374060950493110e+01 1.034380980581733134e+01 2.043137976021144553e+00 6.932442004952560133e+00 1.244953838058634243e+00 -1.322132866963733555e+01 -1.150811159708693054e+01 -7.332441653722283625e+00 1.832062573798089389e+01 1.873750209173364212e+01 9.291607554992754814e+00 9.046295677842588034e+00 2.925672157568902865e+00 -1.467887768374628532e+00 6.595036242910087942e+00 5.289763258795517231e+00 -6.237624446276298862e+00 -2.043395711763122513e+00 -1.462899017076047770e+01 6.229363152165811712e+00 -8.954696382332697269e+00 -4.528056440643160485e+00 -7.305907696668351825e+00 -6.508619822498240559e+00 -1.125655897770188929e+01 1.892846884199931878e+01 -1.202135031254858077e+01 -1.515386331877729198e+01 9.033200751648603699e+00 -6.386417078718688245e+00 -7.881348524972585423e+00 1.707206748316991152e-01 -6.313753293896465557e+00 -1.571602653364299051e+01 -7.254942869941742423e+00 2.619711210452503991e+00 5.133208757717299342e+00 8.079059436311599285e+00 -3.621698265759323299e+00 6.427970523444512807e+00 -2.386377382484205223e-01 -9.629820610181892837e-01 7.712599864170100794e+00 -4.022605057854168109e+00 2.216356932926933254e+01 -3.394020165551307144e+00 -1.511488155727987959e+01 2.277554442250648403e+00 -1.396971384833810070e+01 4.081077348889213141e+00 1.466068639302727838e+01 6.640258974319507068e+00 -1.303021723708635449e+00 -1.644117860382006668e+01 -7.978877606650647714e+00 -5.648606968858058686e+00 6.783634986693836133e+00 -1.357060071602312235e+01 -1.166233737369614332e+01 -5.157766047912669682e-01 5.139315021282759410e+00 9.554700131294389109e-01 1.918741950275097707e+01 -3.834499133923574110e+00 -1.992070077242886939e+01 1.000777287740468324e+01 2.808984263473951692e+00 1.188107200533663210e+01 -6.161426285197550534e+00 -1.039865199829956310e+01 9.587720748675954141e-01 3.630138504825379364e+00
1.764018367881683869e+00 2.240876224973412878e+00 9.500499395048367379e-01 4.105925825985899391e-01 7.610053625007665579e-01 3.336605702660699890e-01 3.130657159779574039e-01 6.535896506267782069e-01 2.269728250851359430e+00 -1.871813670592465118e-01 1.549415053980486567e-01 -1.980763379317178385e+00 1.230255890916779338e+00 -3.022893325553068777e-01 -1.706251301224368522e+00 -4.380418948749948416e-01 -1.613855704746346209e+00 3.868980960939153446e-01 -2.816753707568508958e-02 3.026901413956624709e-01 -6.724476045445854089e-01 -1.726235253345319132e+00 -1.630149283893626011e+00 5.193473725948269393e-02 1.139382745970840327e+00 -6.847582215588268184e-01 -3.115560305649689443e-01 9.008070077785392815e-01 1.488239947421769349e+00 -1.799168133000438319e-01 -4.031392124293955992e-01 9.765066636328155747e-01 1.049606649139548861e-02 4.019828393675344835e-01 -1.270469715892182938e+00 1.943588435707998219e+00 1.922928426984844341e+00 9.060330432815687507e-01 -2.679138174739573719e-01 -1.550277730506988971e-01 3.764116250164289967e-01 1.326348530246264756e+00 -4.351434434573255849e-01 4.074465101205869688e-01 -6.743636207694615470e-01 6.764037520224052136e-01 3.960125292999992497e-01 4.393939843193565009e-01 2.383119472603036026e+00 1.116992312559554890e+00 -6.823499802094666611e-02 -8.263798504286790081e-01 1.126602751705687799e+00 -4.378088934025994305e-01 9.493924581620681868e-01 8.443326067867891194e-01 1.187966609841667465e+00 3.187399105115947817e-01 -1.034234457025439369e+00 -6.894603997781697524e-01 -3.539825211683067518e-01 -2.223375919360285113e+00 -1.104331483704934280e+00 1.542977769547666522e+00 -3.927369474773412250e-02 -1.715860123346031330e-01 2.163212022521367128e+00 -2.393691479712506121e-01 6.401223832634428401e-01 -7.380022051743028166e-01 9.102725480658974133e-01 -4.664096545627355317e-01 -1.701841028235654904e-02 -4.226115813149491224e-02 -4.635880836868164212e-01 6.326404235952406974e-02 -5.972873047745449471e-01 -4.932933179861070938e-01 -1.156161543413366299e+00 -2.069948199451042470e+00 -6.374135960337541373e-01 -2.977911681128098120e-01 1.152296603398457853e+00 -1.466393719822231212e+00 1.419625030450611392e-01 6.947290490446416111e-01 -1.582905977494935001e+00 -5.068344734831452536e-01 -1.936260109551854569e+00 8.842198678876664331e-02 3.990454321964496121e-01 3.898324868539197463e-01 4.937324552340480177e-01 2.064461466733261474e+00 -6.920139184837318380e-01 6.088308703429345936e-01 6.898023173797367402e-01 -4.810189758505213353e-01 -1.359597902731457808e-01 5.829221201010911235e-01
4.001457750068950769e-01 1.867540301221433774e+00 -1.513564671878368517e-01 1.440426751513071701e-01 1.216782477554444464e-01 1.494039869498922091e+00 -8.540850514982755159e-01 8.644249217009347674e-01 -1.454349940983357348e+00 1.532754745994345802e+00 3.781529764651517800e-01 -3.478957245953960276e-01 1.202353770318143278e+00 -1.048521463557444244e+00 1.950753894408536304e+00 -1.252755522032293900e+00 -2.127170511119709506e-01 -5.108020797743337837e-01 4.283230077374350353e-01 -6.343552098376101789e-01 -3.595164140959147270e-01 1.774313962293245506e-01 4.627812792202555259e-01 7.290557090143801044e-01 -1.234798684952506997e+00 -8.707618600081810101e-01 5.615548004967801238e-02 4.656461672391722928e-01 1.895870156412583718e+00 -1.070730956555297153e+00 1.222413108627413703e+00 3.562782925301502535e-01 1.785822171140618808e+00 1.883124129792436818e+00 9.693598447531088791e-01 -4.136147380216814162e-01 1.480505421497351426e+00 -8.612144875606958516e-01 8.023938459063456596e-01 6.141631204315701753e-01 -1.099354039414928819e+00 -6.945564984661037888e-01 1.849222307375801844e+00 -7.698899495281709138e-01 3.178250387561697143e-02 5.765781955727776742e-01 -1.093024142759463135e+00 1.666649967371132135e-01 9.444760313345346159e-01 -1.315875258401198122e+00 1.713309425219685211e+00 -9.841929045085331951e-02 -1.079906011544288225e+00 -4.980237846366958321e-01 8.755212306186112292e-02 -1.000183595226260547e+00 3.169366893775946714e-01 8.568084993684457196e-01 6.815641701108928752e-01 -4.555128594388695995e-01 -1.374895341724903020e+00 6.252257809161920754e-01 5.216010397203420246e-02 -1.292832060149635920e+00 -1.168049952650168866e+00 7.717489938295059027e-01 1.336514106596056184e+00 1.099612497036084546e+00 -1.616909899539909823e+00 2.799055250007610463e-01 3.172650062531030546e-01 -9.443965801802033377e-01 3.791473558601382576e-01 -9.558990940830498495e-01 4.814595219153744443e-01 1.565111360264410112e-01 -2.379107910898833333e-01 -5.428437827928456194e-01 7.811899526804607641e-01 4.262363286418177633e-01 -3.973119654156082592e-01 -3.090025977579275995e-01 1.079600984473402026e+00 5.210401104784938564e-01 -3.193181264340616554e-01 -7.255969625636135012e-01 6.103614508177626075e-01 -5.962466915405667534e-01 1.887918700879678002e-01 -3.108769744680857650e-01 -2.772578723583757121e+00 -6.523411685675618576e-01 -1.161070651924259595e-01 -1.105332521003826174e-01 1.536338633291818301e+00 -1.045229363985337168e+00 1.301802762713625494e+00 2.303888360480565112e+00 1.136861462393449429e+00 -3.994347009192000808e-01
9.787205870113614425e-01 -9.772686350951826917e-01 -1.032089216770335355e-01 1.454230452294326570e+00 4.438683323792805835e-01 -2.051574991711866691e-01 -2.552959207783457529e+00 -7.421356996195246358e-01 4.575767183939719734e-02 1.469328694750097419e+00 -8.877585461083016272e-01 1.563409949112253283e-01 -3.873350235985210110e-01 -1.419986674008178573e+00 -5.096496291786272170e-01 7.774690416061957876e-01 -8.954463071853718814e-01 -1.180610531900829763e+00 6.652869448535324304e-02 -3.628016876897172671e-01 -8.131088908301871143e-01 -4.017926959707660561e-01 -9.072859638259573867e-01 1.289770745556829412e-01 4.023225635208471096e-01 -5.788172466449661435e-01 -1.165119191225608253e+00 -1.536207216736604986e+00 1.178768820665153427e+00 1.054407031359411828e+00 2.082700887485535723e-01 7.066917580108571517e-01 1.269054444846992313e-01 -1.347735860353006965e+00 -1.173095101514656236e+00 -7.474436823789166739e-01 1.867543182160820159e+00 1.910035896758877971e+00 9.471364926054017808e-01 9.221384742312767058e-01 2.982326953170932882e-01 -1.496311943936074196e-01 6.722730883253126288e-01 5.392156595413826192e-01 -6.358429172317937583e-01 -2.082968917774657702e-01 -1.491227088383434207e+00 6.349949468212618964e-01 -9.128111454680949421e-01 -4.615736628428042665e-01 -7.447378765764431918e-01 -6.634656590335201720e-01 -1.147455242413619736e+00 1.929502316766454673e+00 -1.225414245279323744e+00 -1.544728934131869735e+00 9.208063814152470661e-01 -6.510077971216150505e-01 -8.033972702840487257e-01 1.738647199481735406e-02 -6.436006996598003793e-01 -1.602037996028880862e+00 -7.395419701313967753e-01 2.670437235352930427e-01 5.232599407279578951e-01 8.235639452979947039e-01 -3.691848580125436374e-01 6.552431311170296979e-01 -2.432593379814487408e-02 -9.816605363797975548e-02 7.861700433950413736e-01 -4.100518648821704915e-01 2.259277870059486659e+00 -3.459742299111179809e-01 -1.540755344681781214e+00 2.321635448519112910e-01 -1.424020906015472709e+00 4.160038712348438916e-01 1.494458962304301863e+00 6.768822225332219444e-01 -1.328142321686653082e-01 -1.675952053523693586e+00 -8.133363548324999970e-01 -5.758036644985907726e-01 6.914942377324313494e-01 -1.383339275788785683e+00 -1.188813287650959394e+00 -5.257859610461419753e-02 5.238841125339062099e-01 9.739700014009532170e-02 1.955902391061279388e+00 -3.908602198696126129e-01 -2.030645677496000445e+00 1.020157704571343693e+00 2.863378399509502459e-01 1.211112749464853700e+00 -6.280736338904411298e-01 -1.060003065197074212e+00 9.773610886387845698e-02 3.700423230117399487e-01
