# 
#                 ----------------------------------------------------
#                 Data from a 3D direct N-body simulation. 
# 
#                 rows are i-particle; 
#                 coumns are :mass, tag, x ,y, z, vx, vy, vz, ax, ay, az
# 
#                 NTHU, Computational Physics Lab
# 
#                 ----------------------------------------------------
#                 Time = 2.5999999999999885
1.000000000000000000e+00 2.000000000000000000e+00 3.000000000000000000e+00 4.000000000000000000e+00 5.000000000000000000e+00 6.000000000000000000e+00 7.000000000000000000e+00 8.000000000000000000e+00 9.000000000000000000e+00 1.000000000000000000e+01 1.100000000000000000e+01 1.200000000000000000e+01 1.300000000000000000e+01 1.400000000000000000e+01 1.500000000000000000e+01 1.600000000000000000e+01 1.700000000000000000e+01 1.800000000000000000e+01 1.900000000000000000e+01 2.000000000000000000e+01 2.100000000000000000e+01 2.200000000000000000e+01 2.300000000000000000e+01 2.400000000000000000e+01 2.500000000000000000e+01 2.600000000000000000e+01 2.700000000000000000e+01 2.800000000000000000e+01 2.900000000000000000e+01 3.000000000000000000e+01 3.100000000000000000e+01 3.200000000000000000e+01 3.300000000000000000e+01 3.400000000000000000e+01 3.500000000000000000e+01 3.600000000000000000e+01 3.700000000000000000e+01 3.800000000000000000e+01 3.900000000000000000e+01 4.000000000000000000e+01 4.100000000000000000e+01 4.200000000000000000e+01 4.300000000000000000e+01 4.400000000000000000e+01 4.500000000000000000e+01 4.600000000000000000e+01 4.700000000000000000e+01 4.800000000000000000e+01 4.900000000000000000e+01 5.000000000000000000e+01 5.100000000000000000e+01 5.200000000000000000e+01 5.300000000000000000e+01 5.400000000000000000e+01 5.500000000000000000e+01 5.600000000000000000e+01 5.700000000000000000e+01 5.800000000000000000e+01 5.900000000000000000e+01 6.000000000000000000e+01 6.100000000000000000e+01 6.200000000000000000e+01 6.300000000000000000e+01 6.400000000000000000e+01 6.500000000000000000e+01 6.600000000000000000e+01 6.700000000000000000e+01 6.800000000000000000e+01 6.900000000000000000e+01 7.000000000000000000e+01 7.100000000000000000e+01 7.200000000000000000e+01 7.300000000000000000e+01 7.400000000000000000e+01 7.500000000000000000e+01 7.600000000000000000e+01 7.700000000000000000e+01 7.800000000000000000e+01 7.900000000000000000e+01 8.000000000000000000e+01 8.100000000000000000e+01 8.200000000000000000e+01 8.300000000000000000e+01 8.400000000000000000e+01 8.500000000000000000e+01 8.600000000000000000e+01 8.700000000000000000e+01 8.800000000000000000e+01 8.900000000000000000e+01 9.000000000000000000e+01 9.100000000000000000e+01 9.200000000000000000e+01 9.300000000000000000e+01 9.400000000000000000e+01 9.500000000000000000e+01 9.600000000000000000e+01 9.700000000000000000e+01 9.800000000000000000e+01 9.900000000000000000e+01 1.000000000000000000e+02
2.000000000000000111e-01 2.000000000000000111e-01 2.000000000000000111e-01 2.000000000000000111e-01 2.000000000000000111e-01 2.000000000000000111e-01 2.000000000000000111e-01 2.000000000000000111e-01 2.000000000000000111e-01 2.000000000000000111e-01 2.000000000000000111e-01 2.000000000000000111e-01 2.000000000000000111e-01 2.000000000000000111e-01 2.000000000000000111e-01 2.000000000000000111e-01 2.000000000000000111e-01 2.000000000000000111e-01 2.000000000000000111e-01 2.000000000000000111e-01 2.000000000000000111e-01 2.000000000000000111e-01 2.000000000000000111e-01 2.000000000000000111e-01 2.000000000000000111e-01 2.000000000000000111e-01 2.000000000000000111e-01 2.000000000000000111e-01 2.000000000000000111e-01 2.000000000000000111e-01 2.000000000000000111e-01 2.000000000000000111e-01 2.000000000000000111e-01 2.000000000000000111e-01 2.000000000000000111e-01 2.000000000000000111e-01 2.000000000000000111e-01 2.000000000000000111e-01 2.000000000000000111e-01 2.000000000000000111e-01 2.000000000000000111e-01 2.000000000000000111e-01 2.000000000000000111e-01 2.000000000000000111e-01 2.000000000000000111e-01 2.000000000000000111e-01 2.000000000000000111e-01 2.000000000000000111e-01 2.000000000000000111e-01 2.000000000000000111e-01 2.000000000000000111e-01 2.000000000000000111e-01 2.000000000000000111e-01 2.000000000000000111e-01 2.000000000000000111e-01 2.000000000000000111e-01 2.000000000000000111e-01 2.000000000000000111e-01 2.000000000000000111e-01 2.000000000000000111e-01 2.000000000000000111e-01 2.000000000000000111e-01 2.000000000000000111e-01 2.000000000000000111e-01 2.000000000000000111e-01 2.000000000000000111e-01 2.000000000000000111e-01 2.000000000000000111e-01 2.000000000000000111e-01 2.000000000000000111e-01 2.000000000000000111e-01 2.000000000000000111e-01 2.000000000000000111e-01 2.000000000000000111e-01 2.000000000000000111e-01 2.000000000000000111e-01 2.000000000000000111e-01 2.000000000000000111e-01 2.000000000000000111e-01 2.000000000000000111e-01 2.000000000000000111e-01 2.000000000000000111e-01 2.000000000000000111e-01 2.000000000000000111e-01 2.000000000000000111e-01 2.000000000000000111e-01 2.000000000000000111e-01 2.000000000000000111e-01 2.000000000000000111e-01 2.000000000000000111e-01 2.000000000000000111e-01 2.000000000000000111e-01 2.000000000000000111e-01 2.000000000000000111e-01 2.000000000000000111e-01 2.000000000000000111e-01 2.000000000000000111e-01 2.000000000000000111e-01 2.000000000000000111e-01 2.000000000000000111e-01
1.237660699611976867e+01 1.572218252870338695e+01 6.665785779173700298e+00 2.880766995133636765e+00 5.339409711979643092e+00 2.341046424796364711e+00 2.196494413234429288e+00 4.585759018871779169e+00 1.592465568286694655e+01 -1.313285955443749042e+00 1.087106259617486526e+00 -1.389729649115970922e+01 8.631706734187298835e+00 -2.120942596416877546e+00 -1.197123668485372150e+01 -3.073482091376786407e+00 -1.132309811469415628e+01 2.714517881095189544e+00 -1.976965937407134666e-01 2.122622405355682584e+00 -4.717988731252257928e+00 -1.211158407067566856e+01 -1.143744847686810573e+01 3.644287645605670534e-01 7.994053913239886455e+00 -4.804551223779921720e+00 -2.185875603142507284e+00 6.320202129972083860e+00 1.044162568595926288e+01 -1.262344533564205840e+00 -2.828629148144993444e+00 6.851866313491310478e+00 7.366023718238472184e-02 2.820363559367610851e+00 -8.913753679319519563e+00 1.363647357278489203e+01 1.349142840076832783e+01 6.356829853063572067e+00 -1.880134146702870268e+00 -1.087596246617166917e+00 2.640990690666023877e+00 9.305910078248279760e+00 -3.053037518317722299e+00 2.858739930087329739e+00 -4.731217658647463686e+00 4.745826812534436279e+00 2.778415299696261442e+00 3.082799011463025263e+00 1.672020893474637049e+01 7.836990994859414528e+00 -4.787724236807173184e-01 -5.798208973603069083e+00 7.904463218877697983e+00 -3.071743542135065397e+00 6.661123392474171290e+00 5.924028093202757361e+00 8.335141687174498770e+00 2.236235286726879767e+00 -7.256281606083344826e+00 -4.837725145041988029e+00 -2.483614688936322423e+00 -1.559944960587690943e+01 -7.748298140857187377e+00 1.082578901424232498e+01 -2.755907591956330283e-01 -1.203662200520300596e+00 1.517732055247916279e+01 -1.679474888715518643e+00 4.491175294394954776e+00 -5.178000542850614174e+00 6.386060109815494101e+00 -3.272399559965978089e+00 -1.194118015723817233e-01 -2.964868328134759312e-01 -3.252595708667850971e+00 4.438536833888495625e-01 -4.190738061937308245e+00 -3.461100310867263108e+00 -8.111789201430903873e+00 -1.452303989872918777e+01 -4.472240057110391298e+00 -2.089316313336179842e+00 8.084741312933406476e+00 -1.028844112536810051e+01 9.959704096007037100e-01 4.874351872906008687e+00 -1.110590580008726747e+01 -3.555887499285414144e+00 -1.358499392177160914e+01 6.203735697253590642e-01 2.799727165189969114e+00 2.736358974112882869e+00 3.464097115424339624e+00 1.448451818387486334e+01 -4.855379708976345299e+00 4.271651136036260787e+00 4.839764935482987696e+00 -3.374892948550262783e+00 -9.538514092308907344e-01 4.089964858239665269e+00
2.807498597947909236e+00 1.310284251112052800e+01 -1.061928160507744412e+00 1.010614986447418318e+00 8.536848888549443126e-01 1.048244987063249134e+01 -5.992355617526502698e+00 6.064903540593573616e+00 -1.020386873567275643e+01 1.075400342253206354e+01 2.653186792405193284e+00 -2.440934006114762411e+00 8.435901520205316473e+00 -7.356632846645872803e+00 1.368669185617411443e+01 -8.789589923467845622e+00 -1.492546902528248731e+00 -3.583827862736515435e+00 3.005178916605829365e+00 -4.450505945213149239e+00 -2.522564592542364981e+00 1.244841889698066417e+00 3.246901358684031624e+00 5.115261511673169004e+00 -8.663541824244786582e+00 -6.109481074604548034e+00 3.940378167566693235e-01 3.267076256276544299e+00 1.330161268969833266e+01 -7.512407723806830973e+00 8.576667571935599810e+00 2.500096748949493630e+00 1.252965362030542806e+01 1.321222278726364507e+01 6.801257156373754498e+00 -2.901962401278869397e+00 1.038734581879405638e+01 -6.042378586336487167e+00 5.629940844724235838e+00 4.308590099318050370e+00 -7.713351211230206950e+00 -4.873098601604042734e+00 1.297443844284671677e+01 -5.401713956690548990e+00 2.232223314592439167e-01 4.045363081371256442e+00 -7.668894508311596248e+00 1.169371452532944833e+00 6.626507934490115659e+00 -9.232403615928005181e+00 1.202082718998067357e+01 -6.906769814931952300e-01 -7.576799081839888927e+00 -3.494202093313038660e+00 6.142657668221183087e-01 -7.017493172293210790e+00 2.223672580402914711e+00 6.011519254541459745e+00 4.782036496325219765e+00 -3.195996943958463010e+00 -9.646607694099911257e+00 4.386643029156161333e+00 3.659821958011580390e-01 -9.070695724349596034e+00 -8.195309515661193700e+00 5.414832493530067126e+00 9.377117396584022657e+00 7.715166263145706083e+00 -1.134454604088045926e+01 1.963924304223559014e+00 2.225718463854516660e+00 -6.626176212317456127e+00 2.660138193550794838e+00 -6.706860016128699975e+00 3.378051277396625807e+00 1.098067498412909293e+00 -1.669247423066470448e+00 -3.808705524213257476e+00 5.480907561783919135e+00 2.990604795776485858e+00 -2.787364497019739762e+00 -2.168028322965555699e+00 7.574620470079413082e+00 3.655764408838792612e+00 -2.240402193706021450e+00 -5.090826596705100293e+00 4.282414008810880190e+00 -4.183625504824624031e+00 1.324508377256421454e+00 -2.181173310018909017e+00 -1.945261948032899113e+01 -4.577187666309879610e+00 -8.145977085942794904e-01 -7.755429854173565563e-01 1.077921629104692869e+01 -7.333498689522382818e+00 9.133725537997994692e+00 1.616433431116556818e+01 7.976422874246777539e+00 -2.802523802989596025e+00
6.866837530107464005e+00 -6.856610752524937347e+00 -7.241674474826119701e-01 1.020316381487164747e+01 3.114177505595707718e+00 -1.439399005804925746e+00 -1.791183891864739763e+01 -5.207004360049168668e+00 3.210422421357042033e-01 1.030903045552073749e+01 -6.228691181422513878e+00 1.096935177787107030e+00 -2.717521817133280670e+00 -9.962850172427266671e+00 -3.575739745802565484e+00 5.454865752958780512e+00 -6.282594970788347055e+00 -8.283328256135131795e+00 4.667126209225763156e-01 -2.545138909645242364e+00 -5.704995230228775860e+00 -2.818940216538534660e+00 -6.365624240285642443e+00 9.049381047936105871e-01 2.822808384897179224e+00 -4.061169058091676831e+00 -8.174684172834012941e+00 -1.077828473613760529e+01 8.270353482207273288e+00 7.397990717348042367e+00 1.461257233937021338e+00 4.957605207988247109e+00 8.904074093604380513e-01 -9.455895480017424859e+00 -8.230632103297583768e+00 -5.244156594528257997e+00 1.310285339346057043e+01 1.340104924487758531e+01 6.645720988843809351e+00 6.470102701280170621e+00 2.092442255609482160e+00 -1.049836280812052491e+00 4.716807417095806976e+00 3.783327776395680964e+00 -4.461121129153312381e+00 -1.461430508754158808e+00 -1.046267277616539282e+01 4.455334491488300408e+00 -6.404382744347532075e+00 -3.238477330545745492e+00 -5.225200929281646367e+00 -4.654969903416447785e+00 -8.050668837965785585e+00 1.353762994499112082e+01 -8.597671500509528997e+00 -1.083810133503654072e+01 6.460679715190796202e+00 -4.567590158524929222e+00 -5.636735941230243796e+00 1.224370652758035721e-01 -4.515621139807020512e+00 -1.124007468611260663e+01 -5.188766119211576822e+00 1.873627011428739886e+00 3.671299554906997109e+00 5.777873715492378714e+00 -2.590204674816115382e+00 4.597319162957797190e+00 -1.706728986945929560e-01 -6.886614475447052630e-01 5.516579883328901701e+00 -2.876933776370472984e+00 1.585135827682162812e+01 -2.427409343978981671e+00 -1.081022002336657728e+01 1.628956457019943738e+00 -9.991197224624276174e+00 2.918929451589998614e+00 1.048532372843635230e+01 4.749165571596584812e+00 -9.321553671744343683e-01 -1.175881613282628280e+01 -5.706544800127306694e+00 -4.039790654641239875e+00 4.851775521129207291e+00 -9.705698043099152628e+00 -8.340997959843857501e+00 -3.688388787187484308e-01 3.675630874520154912e+00 6.833576834192313099e-01 1.372275739951980356e+01 -2.742750078536857927e+00 -1.424730103113979673e+01 7.157550747836648242e+00 2.008989164091177226e+00 8.497386510402755277e+00 -4.406664022894960731e+00 -7.437096804644252934e+00 6.856670170238774453e-01 2.596301681316484533e+00
6.368162718999384353e+00 8.089591352883967801e+00 3.429744163641120558e+00 1.482249050509282240e+00 2.747283088204800272e+00 1.204537498614557833e+00 1.130170531298846814e+00 2.359506695600952497e+00 8.193762770547344587e+00 -6.757288573158791722e-01 5.593486634036497485e-01 -7.150610733888549397e+00 4.441281525222948723e+00 -1.091286767425980964e+00 -6.159598557752886450e+00 -1.581385043973064786e+00 -5.826089060446882684e+00 1.396709434020881879e+00 -1.017092013198754447e-01 1.092348438300380087e+00 -2.427557173533414492e+00 -6.231787874619273637e+00 -5.884920371695280039e+00 1.875020982199038233e-01 4.113201493908345441e+00 -2.472063299251770818e+00 -1.124711461507654775e+00 3.251945637625920149e+00 5.372566541687812780e+00 -6.495130145354399698e-01 -1.455395208428662546e+00 3.525409023424268540e+00 3.789736495613824085e-02 1.451168881501505581e+00 -4.586421046298507775e+00 7.016408624712139108e+00 6.941794199403250154e+00 3.270798569594278504e+00 -9.673176149373924337e-01 -5.596208932428324845e-01 1.358869053955350958e+00 4.788180230566273288e+00 -1.570884612711321848e+00 1.470907346384713543e+00 -2.434401249081287411e+00 2.441866592666641189e+00 1.429595572698192374e+00 1.586208490979762242e+00 8.603103303155023696e+00 4.032382052858920929e+00 -2.463393125180661503e-01 -2.983328713947292599e+00 4.067091004194124615e+00 -1.580508618765796180e+00 3.427353839078421061e+00 3.048091132199952202e+00 4.288664366507471293e+00 1.150630723861325366e+00 -3.733600309356463143e+00 -2.489100458169335006e+00 -1.277895811282175220e+00 -8.026432281219166853e+00 -3.986722751641214035e+00 5.570210887835798985e+00 -1.417931851212666239e-01 -6.193595843264476652e-01 7.809235124670567352e+00 -8.641392756365989802e-01 2.310856982564409190e+00 -2.664235615590929473e+00 3.285928229290596025e+00 -1.683754525200837460e+00 -6.143978747824813819e-02 -1.525561287930869703e-01 -1.673566082789033960e+00 2.283797930357385486e-01 -2.156254926400364980e+00 -1.780832982061818504e+00 -4.173777850873136686e+00 -7.472574140044166313e+00 -2.301101969000884040e+00 -1.075025636447551891e+00 4.159848782174650594e+00 -5.293732143562823289e+00 5.124691294506288353e-01 2.508005228298170852e+00 -5.714344402695814118e+00 -1.829642350883659896e+00 -6.989931693545974767e+00 3.192035385891780486e-01 1.440555526732208769e+00 1.407728963123761723e+00 1.782389640077805204e+00 7.452758016726607870e+00 -2.498229897115388010e+00 2.197900965230809689e+00 2.490212675303474565e+00 -1.736492021307004752e+00 -4.907980879743581437e-01 2.104401250247148081e+00
1.444545229837837397e+00 6.741849854781270857e+00 -5.463980768392610043e-01 5.199955448317464812e-01 4.392531085659756585e-01 5.393549015377069544e+00 -3.083264779914764553e+00 3.120592689032425149e+00 -5.250229408043005641e+00 5.533285255712714346e+00 1.365148088475916621e+00 -1.255930834516626016e+00 4.340540406896447934e+00 -3.785214782784434906e+00 7.042257254659236132e+00 -4.522513574868161079e+00 -7.679471202974393895e-01 -1.844000583806784777e+00 1.546260771012001101e+00 -2.289967195389738919e+00 -1.297915267056420463e+00 6.405186170854327843e-01 1.670642037023814863e+00 2.631948976411884633e+00 -4.457668303070943416e+00 -3.143508901104162145e+00 2.027376567608580593e-01 1.681009680013367147e+00 6.844122841174844041e+00 -3.865374721050473639e+00 4.412964386470012990e+00 1.286311029486012725e+00 6.446898264386350164e+00 6.798122215802656854e+00 3.499450241690378771e+00 -1.493156248059413604e+00 5.344640127612332314e+00 -3.109002890260307517e+00 2.896745662076171346e+00 2.216989769443539871e+00 -3.968745700378729868e+00 -2.507367821467370472e+00 6.675761297814111650e+00 -2.779346090661262814e+00 1.148146381581189035e-01 2.081468239452689328e+00 -3.945879191689185994e+00 6.016747481283338805e-01 3.409564210097188131e+00 -4.750363062222901611e+00 6.185102304175665644e+00 -3.553488304234185269e-01 -3.898503032033382443e+00 -1.797880250012843684e+00 3.160617000723499603e-01 -3.610715495914750051e+00 1.144151280862205411e+00 3.093115394163236331e+00 2.460497038958030291e+00 -1.644434047232186336e+00 -4.963465076334500736e+00 2.257074482683328220e+00 1.883062368214156734e-01 -4.667164992872065099e+00 -4.216732623574198868e+00 2.786082878904222238e+00 4.824838906834624908e+00 3.969679311124350907e+00 -5.837121347720853670e+00 1.010490612742117600e+00 1.145248870795126495e+00 -3.409354128772867920e+00 1.368729225881679001e+00 -3.450871944807658132e+00 1.738105319271608495e+00 5.649975650366693136e-01 -8.588761165020994959e-01 -1.959695430551258166e+00 2.820109258262097018e+00 1.538750341985545278e+00 -1.434229506195666470e+00 -1.115516596831832130e+00 3.897388785974706948e+00 1.880995916494403897e+00 -1.152755521116650028e+00 -2.619405723210781023e+00 2.203434603568829697e+00 -2.152562384235184645e+00 6.815166114000094089e-01 -1.122281147341132490e+00 -1.000903248953141222e+01 -2.355063671653376822e+00 -4.191413151913699897e-01 -3.990373343960473829e-01 5.546246253757457723e+00 -3.773317852699415553e+00 4.699580138842789800e+00 8.317084027056910855e+00 4.104119519094900248e+00 -1.441983058221028458e+00
3.533210201976629161e+00 -3.527955121002893879e+00 -3.726006937202427927e-01 5.249843412818406385e+00 1.602356210544216619e+00 -7.406198413910907163e-01 -9.216233555899123076e+00 -2.679158555515916529e+00 1.651865989654109634e-01 5.304326519223923064e+00 -3.204853511883287265e+00 5.644042304138635613e-01 -1.398265810126108288e+00 -5.126203796748206365e+00 -1.839839399127989772e+00 2.806698625953709669e+00 -3.232594795146344069e+00 -4.262039966855838635e+00 2.401495385124021720e-01 -1.309613407134956553e+00 -2.935385175328702800e+00 -1.450452107938729363e+00 -3.275322915667447266e+00 4.656169289550309287e-01 1.452416127733534790e+00 -2.089584085459546436e+00 -4.206131164840017256e+00 -5.545768599988369019e+00 4.255373290612721071e+00 3.806483588642894045e+00 7.518631387058455351e-01 2.550960116291648205e+00 4.581396921560281776e-01 -4.865364974142623922e+00 -4.234920306899208065e+00 -2.698290169979491004e+00 6.741857082810271073e+00 6.895277826959882006e+00 3.419354512804980040e+00 3.329033132500286651e+00 1.076629125275333054e+00 -5.401741667944668368e-01 2.426941823824543931e+00 1.946624201955560407e+00 -2.295398174873151564e+00 -7.519548734159665626e-01 -5.383380432897448387e+00 2.292392340575828857e+00 -3.295266630307217781e+00 -1.666299088974251053e+00 -2.688531867602802716e+00 -2.395131995116414725e+00 -4.142335688000576610e+00 6.965552733246374473e+00 -4.423780743655351344e+00 -5.576541452959053125e+00 3.324198108569907273e+00 -2.350167692468930536e+00 -2.900284722029848439e+00 6.291909902452900993e-02 -2.323427917202907533e+00 -5.783389804745084462e+00 -2.669781421246324449e+00 9.640397052919335019e-01 1.888996144200481231e+00 2.972966499334712243e+00 -1.332752323307133002e+00 2.365461902036576358e+00 -8.781693751023492145e-02 -3.543534476208571316e-01 2.838336277271285013e+00 -1.480283623567837381e+00 8.156044711267748326e+00 -1.248979497396318195e+00 -5.562195975226502220e+00 8.381394376459089246e-01 -5.140781883897482807e+00 1.501850637537173849e+00 5.395039325718289369e+00 2.443587679692544867e+00 -4.795695804219598513e-01 -6.050272835146815353e+00 -2.936190569211826862e+00 -2.078625170213036721e+00 2.496368100750674390e+00 -4.993895758200710411e+00 -4.291692292315332224e+00 -1.897899719542911479e-01 1.891233118421253190e+00 3.516084265579452195e-01 7.060824096296906660e+00 -1.411160258635033138e+00 -7.330695295922941668e+00 3.682794228522832558e+00 1.033689312608450095e+00 4.372171049335984883e+00 -2.267368937992559896e+00 -3.826632245537495702e+00 3.528088540220610247e-01 1.335875306275205565e+00
1.764019834291379984e+00 2.240876957523799007e+00 9.500516001683689815e-01 4.105928380570325609e-01 7.610067592691187599e-01 3.336611640120187294e-01 3.130658016721841741e-01 6.535909000947305314e-01 2.269729389038964928e+00 -1.871814742177581870e-01 1.549417608975438843e-01 -1.980764807341025335e+00 1.230257392427613672e+00 -3.022899116590831992e-01 -1.706252116430283294e+00 -4.380432936358488183e-01 -1.613857523558759333e+00 3.868982859854994127e-01 -2.816817132334625828e-02 3.026806285929490858e-01 -6.724481586707071745e-01 -1.726237296890652972e+00 -1.630151401534500888e+00 5.193519738593986579e-02 1.139383520051647114e+00 -6.847604607558053225e-01 -3.115558794951296395e-01 9.008078484497732408e-01 1.488240475932758988e+00 -1.799171594651093053e-01 -4.031408414692578823e-01 9.765124051922834392e-01 1.049623715388816811e-02 4.019831209332312416e-01 -1.270470375400366336e+00 1.943589849103929179e+00 1.922929013894613792e+00 9.060335445520235620e-01 -2.679176901349423767e-01 -1.550270078443183319e-01 3.764122252336932206e-01 1.326350142904899165e+00 -4.351438797022266214e-01 4.074471715900006008e-01 -6.743622818016019593e-01 6.764050270648811480e-01 3.960122781167735306e-01 4.393938855279391764e-01 2.383120564571907796e+00 1.116993347288277816e+00 -6.823528319057750591e-02 -8.263823857636652948e-01 1.126604183333251852e+00 -4.378093746626964267e-01 9.493936816390257105e-01 8.443339176722320927e-01 1.187969337837183614e+00 3.187393811529315446e-01 -1.034234818771426756e+00 -6.894642609112737741e-01 -3.539830127263466908e-01 -2.223377094654019892e+00 -1.104333722162979203e+00 1.542979358979365223e+00 -3.927408851607189222e-02 -1.715842942228032741e-01 2.163213055118608619e+00 -2.393695808475893860e-01 6.401227778383730138e-01 -7.380034439812438452e-01 9.102684772459612716e-01 -4.664100615759630419e-01 -1.701849675017497870e-02 -4.226098518305188012e-02 -4.635884242411581480e-01 6.326395402525977762e-02 -5.972885463379166149e-01 -4.932944644860803862e-01 -1.156162444895541652e+00 -2.069949788965369741e+00 -6.374146058370804280e-01 -2.977911555210511763e-01 1.152298112311980427e+00 -1.466395040698103225e+00 1.419620998919301769e-01 6.947299162603702838e-01 -1.582907376682068490e+00 -5.068336892093197044e-01 -1.936260959351968403e+00 8.842199109469674190e-02 3.990454716172509020e-01 3.898438380128230185e-01 4.937328575515019247e-01 2.064462821650940860e+00 -6.920154692277213915e-01 6.088314298511792177e-01 6.898030012937697020e-01 -4.810193272656511088e-01 -1.359593543341314215e-01 5.829234822541411454e-01
4.001462684685693216e-01 1.867541064626238478e+00 -1.513564991618465971e-01 1.440427138176467170e-01 1.216781081409825799e-01 1.494041561440951016e+00 -8.540855127533547586e-01 8.644254083086473361e-01 -1.454350619998184158e+00 1.532755801983376687e+00 3.781533883045494204e-01 -3.478964334626480359e-01 1.202354895831498682e+00 -1.048522823102436163e+00 1.950754822316147274e+00 -1.252757241434105717e+00 -2.127180536851760173e-01 -5.108022116519183031e-01 4.283233901112848963e-01 -6.343537613303130707e-01 -3.595180004893505643e-01 1.774311694114047433e-01 4.627813211365742196e-01 7.290572135905074580e-01 -1.234799856031010057e+00 -8.707633828726309977e-01 5.615590573811647668e-02 4.656468695762451260e-01 1.895870977238227839e+00 -1.070731891497199051e+00 1.222414488167677948e+00 3.562821121272853886e-01 1.785824256690321299e+00 1.883125276360829714e+00 9.693614358125540731e-01 -4.136149211226494704e-01 1.480505825868754455e+00 -8.612149708097748269e-01 8.023965500276607488e-01 6.141594986771842235e-01 -1.099356057233214834e+00 -6.945569887766813721e-01 1.849224095047329097e+00 -7.698910770112622481e-01 3.178458021109883264e-02 5.765787402462262401e-01 -1.093025755489251738e+00 1.666653635607754369e-01 9.444761804553943874e-01 -1.315876646009861428e+00 1.713310862210078556e+00 -9.842072685975974955e-02 -1.079907111950615617e+00 -4.980241586389307362e-01 8.755208496343215574e-02 -1.000184965786776514e+00 3.169369449356380652e-01 8.568094536752695056e-01 6.815654799191152025e-01 -4.555137087355220493e-01 -1.374897756583971509e+00 6.252260256219235313e-01 5.216031885527389056e-02 -1.292833132614760405e+00 -1.168051831997079404e+00 7.717507896665871669e-01 1.336514704012523813e+00 1.099614530033175219e+00 -1.616911891061681317e+00 2.799063482578240114e-01 3.172629699284028604e-01 -9.443987243189593261e-01 3.791475448760769917e-01 -9.559010753693222284e-01 4.814604693528698465e-01 1.565109373135779303e-01 -2.379112631998691330e-01 -5.428445464167889201e-01 7.811903043681720504e-01 4.262372958581048255e-01 -3.973102285573397729e-01 -3.090030454050645137e-01 1.079601744339186986e+00 5.210411794091440729e-01 -3.193185705436912269e-01 -7.255969802530772839e-01 6.103622247258254641e-01 -5.962496004981958642e-01 1.887912968656288437e-01 -3.108773714122525789e-01 -2.772579329189442721e+00 -6.523440972533843807e-01 -1.161069302684269722e-01 -1.105335717093409581e-01 1.536340291513075940e+00 -1.045230399860296977e+00 1.301804638784856305e+00 2.303889583431749433e+00 1.136862752691302214e+00 -3.994353192718074208e-01
9.787213378255271712e-01 -9.772690340753340532e-01 -1.032093502802466783e-01 1.454232310441025522e+00 4.438681119267419706e-01 -2.051575321711338051e-01 -2.552960528737567625e+00 -7.421369651708557003e-01 4.575770832556387557e-02 1.469329992719168976e+00 -8.877597200751466966e-01 1.563413390484844345e-01 -3.873346693166482835e-01 -1.419988023259183274e+00 -5.096497393386129060e-01 7.774699614289917182e-01 -8.954471813268376490e-01 -1.180611466290392153e+00 6.652819910138849102e-02 -3.627990454439291024e-01 -8.131105047960939247e-01 -4.017921883478220990e-01 -9.072864988474879100e-01 1.289773264764506044e-01 4.023233869158909792e-01 -5.788186462491242690e-01 -1.165120513953902259e+00 -1.536208790713877725e+00 1.178769284617081192e+00 1.054408960467294598e+00 2.082702998907953740e-01 7.066866049794231497e-01 1.269057314151710025e-01 -1.347736861640426387e+00 -1.173096323082447379e+00 -7.474441626779910752e-01 1.867543863099918822e+00 1.910037150748536972e+00 9.471414846240548968e-01 9.221414199133353140e-01 2.982329316662531982e-01 -1.496313388066343175e-01 6.722740235314957902e-01 5.392171068307868298e-01 -6.358430530438498041e-01 -2.082969721913946748e-01 -1.491228404900228011e+00 6.349965218054544058e-01 -9.128116236561308883e-01 -4.615741350858653669e-01 -7.447386079102628065e-01 -6.634662042983888730e-01 -1.147455821088034567e+00 1.929503600127377538e+00 -1.225415163344641512e+00 -1.544730753979488114e+00 9.208086455340018794e-01 -6.510085650914519961e-01 -8.033978051511826424e-01 1.739047956576875859e-02 -6.436014637318713261e-01 -1.602038844482448265e+00 -7.395428776884765965e-01 2.670440319025406128e-01 5.232606622875185520e-01 8.235613543597820607e-01 -3.691847276570124348e-01 6.552440200078215593e-01 -2.432594202917212275e-02 -9.816537756783037805e-02 7.861768932365793550e-01 -4.100517707665635725e-01 2.259279211404629617e+00 -3.459745555396275263e-01 -1.540757143077498004e+00 2.321642998903510891e-01 -1.424022632417826895e+00 4.160058642892747738e-01 1.494460066357247596e+00 6.768833367944224744e-01 -1.328171028957731703e-01 -1.675954287201518289e+00 -8.133375592453655489e-01 -5.758029869024594571e-01 6.914961589376845685e-01 -1.383340340797803991e+00 -1.188815272056563010e+00 -5.257810844068674938e-02 5.238844105517522776e-01 9.739713673351628465e-02 1.955902819050628239e+00 -3.908642706020771240e-01 -2.030647351592204330e+00 1.020158352237943600e+00 2.863380923642654396e-01 1.211114153831076568e+00 -6.280742348835344213e-01 -1.060003615774388175e+00 9.773562775858084251e-02 3.700429084050200768e-01
