# 
#                 ----------------------------------------------------
#                 Data from a 3D direct N-body simulation. 
# 
#                 rows are i-particle; 
#                 coumns are :mass, tag, x ,y, z, vx, vy, vz, ax, ay, az
# 
#                 NTHU, Computational Physics Lab
# 
#                 ----------------------------------------------------
#                 Time = 6.399999999999908
1.000000000000000000e+00 2.000000000000000000e+00 3.000000000000000000e+00 4.000000000000000000e+00 5.000000000000000000e+00 6.000000000000000000e+00 7.000000000000000000e+00 8.000000000000000000e+00 9.000000000000000000e+00 1.000000000000000000e+01 1.100000000000000000e+01 1.200000000000000000e+01 1.300000000000000000e+01 1.400000000000000000e+01 1.500000000000000000e+01 1.600000000000000000e+01 1.700000000000000000e+01 1.800000000000000000e+01 1.900000000000000000e+01 2.000000000000000000e+01 2.100000000000000000e+01 2.200000000000000000e+01 2.300000000000000000e+01 2.400000000000000000e+01 2.500000000000000000e+01 2.600000000000000000e+01 2.700000000000000000e+01 2.800000000000000000e+01 2.900000000000000000e+01 3.000000000000000000e+01 3.100000000000000000e+01 3.200000000000000000e+01 3.300000000000000000e+01 3.400000000000000000e+01 3.500000000000000000e+01 3.600000000000000000e+01 3.700000000000000000e+01 3.800000000000000000e+01 3.900000000000000000e+01 4.000000000000000000e+01 4.100000000000000000e+01 4.200000000000000000e+01 4.300000000000000000e+01 4.400000000000000000e+01 4.500000000000000000e+01 4.600000000000000000e+01 4.700000000000000000e+01 4.800000000000000000e+01 4.900000000000000000e+01 5.000000000000000000e+01 5.100000000000000000e+01 5.200000000000000000e+01 5.300000000000000000e+01 5.400000000000000000e+01 5.500000000000000000e+01 5.600000000000000000e+01 5.700000000000000000e+01 5.800000000000000000e+01 5.900000000000000000e+01 6.000000000000000000e+01 6.100000000000000000e+01 6.200000000000000000e+01 6.300000000000000000e+01 6.400000000000000000e+01 6.500000000000000000e+01 6.600000000000000000e+01 6.700000000000000000e+01 6.800000000000000000e+01 6.900000000000000000e+01 7.000000000000000000e+01 7.100000000000000000e+01 7.200000000000000000e+01 7.300000000000000000e+01 7.400000000000000000e+01 7.500000000000000000e+01 7.600000000000000000e+01 7.700000000000000000e+01 7.800000000000000000e+01 7.900000000000000000e+01 8.000000000000000000e+01 8.100000000000000000e+01 8.200000000000000000e+01 8.300000000000000000e+01 8.400000000000000000e+01 8.500000000000000000e+01 8.600000000000000000e+01 8.700000000000000000e+01 8.800000000000000000e+01 8.900000000000000000e+01 9.000000000000000000e+01 9.100000000000000000e+01 9.200000000000000000e+01 9.300000000000000000e+01 9.400000000000000000e+01 9.500000000000000000e+01 9.600000000000000000e+01 9.700000000000000000e+01 9.800000000000000000e+01 9.900000000000000000e+01 1.000000000000000000e+02
2.000000000000000111e-01 2.000000000000000111e-01 2.000000000000000111e-01 2.000000000000000111e-01 2.000000000000000111e-01 2.000000000000000111e-01 2.000000000000000111e-01 2.000000000000000111e-01 2.000000000000000111e-01 2.000000000000000111e-01 2.000000000000000111e-01 2.000000000000000111e-01 2.000000000000000111e-01 2.000000000000000111e-01 2.000000000000000111e-01 2.000000000000000111e-01 2.000000000000000111e-01 2.000000000000000111e-01 2.000000000000000111e-01 2.000000000000000111e-01 2.000000000000000111e-01 2.000000000000000111e-01 2.000000000000000111e-01 2.000000000000000111e-01 2.000000000000000111e-01 2.000000000000000111e-01 2.000000000000000111e-01 2.000000000000000111e-01 2.000000000000000111e-01 2.000000000000000111e-01 2.000000000000000111e-01 2.000000000000000111e-01 2.000000000000000111e-01 2.000000000000000111e-01 2.000000000000000111e-01 2.000000000000000111e-01 2.000000000000000111e-01 2.000000000000000111e-01 2.000000000000000111e-01 2.000000000000000111e-01 2.000000000000000111e-01 2.000000000000000111e-01 2.000000000000000111e-01 2.000000000000000111e-01 2.000000000000000111e-01 2.000000000000000111e-01 2.000000000000000111e-01 2.000000000000000111e-01 2.000000000000000111e-01 2.000000000000000111e-01 2.000000000000000111e-01 2.000000000000000111e-01 2.000000000000000111e-01 2.000000000000000111e-01 2.000000000000000111e-01 2.000000000000000111e-01 2.000000000000000111e-01 2.000000000000000111e-01 2.000000000000000111e-01 2.000000000000000111e-01 2.000000000000000111e-01 2.000000000000000111e-01 2.000000000000000111e-01 2.000000000000000111e-01 2.000000000000000111e-01 2.000000000000000111e-01 2.000000000000000111e-01 2.000000000000000111e-01 2.000000000000000111e-01 2.000000000000000111e-01 2.000000000000000111e-01 2.000000000000000111e-01 2.000000000000000111e-01 2.000000000000000111e-01 2.000000000000000111e-01 2.000000000000000111e-01 2.000000000000000111e-01 2.000000000000000111e-01 2.000000000000000111e-01 2.000000000000000111e-01 2.000000000000000111e-01 2.000000000000000111e-01 2.000000000000000111e-01 2.000000000000000111e-01 2.000000000000000111e-01 2.000000000000000111e-01 2.000000000000000111e-01 2.000000000000000111e-01 2.000000000000000111e-01 2.000000000000000111e-01 2.000000000000000111e-01 2.000000000000000111e-01 2.000000000000000111e-01 2.000000000000000111e-01 2.000000000000000111e-01 2.000000000000000111e-01 2.000000000000000111e-01 2.000000000000000111e-01 2.000000000000000111e-01 2.000000000000000111e-01
4.931184293273507535e+01 6.264175850590120120e+01 2.655817981336936739e+01 1.147779270242829597e+01 2.127354891583742358e+01 9.327320256612116722e+00 8.751477193038887492e+00 1.827080599006507811e+01 6.344839605388832382e+01 -5.232505447937853660e+00 4.331309718662549990e+00 -5.537073373634725471e+01 3.439102917019422279e+01 -8.450363263637981959e+00 -4.769684837225706531e+01 -1.224541249768937057e+01 -4.511428091976480204e+01 1.081541863013427118e+01 -7.875633339893240992e-01 8.458936905263271910e+00 -1.879777958046691566e+01 -4.825580347497336220e+01 -4.556983092267325475e+01 1.451907106026375516e+00 3.185056564920359534e+01 -1.914235373781175653e+01 -8.709213183639132438e+00 2.518142500884603763e+01 4.160247276260491134e+01 -5.029494558376288893e+00 -1.126980159552427097e+01 2.729881825268656925e+01 2.934524046318979784e-01 1.123712236711573098e+01 -3.551494724745637654e+01 5.433153966048411121e+01 5.375379159783337712e+01 2.532742469519658357e+01 -7.490292021193526217e+00 -4.333453558734979616e+00 1.052238707009926166e+01 3.707723682860089554e+01 -1.216413619236963761e+01 1.138995389956514437e+01 -1.885084319178902845e+01 1.890855929162244564e+01 1.107008808301717906e+01 1.228281550786886811e+01 6.661812779350154301e+01 3.122473081226728908e+01 -1.907519467029945570e+00 -2.310132923169791042e+01 3.149348577214422562e+01 -1.223865814092413729e+01 2.653968569083514240e+01 2.360286027586494129e+01 3.320919448314212730e+01 8.909932390519433199e+00 -2.891113679190812746e+01 -1.927422410777808892e+01 -9.895374246790268558e+00 -6.215267041031015083e+01 -3.087112552413793054e+01 4.313289529097377795e+01 -1.097962278230971034e+00 -4.796073784248618743e+00 6.047080834143633865e+01 -6.691450857017522402e+00 1.789411677753727403e+01 -2.063047601753563143e+01 2.544474132259222898e+01 -1.303814584613408556e+01 -4.757562103673065312e-01 -1.181325095625427979e+00 -1.295925394595650815e+01 1.768462982277507312e+00 -1.669692534620146418e+01 -1.378984729864948378e+01 -3.231963444478355285e+01 -5.786385303805164426e+01 -1.781855713752906212e+01 -8.324465922765506676e+00 3.221175329464920623e+01 -4.099199042127232673e+01 3.968321002073816217e+00 1.942071842456159203e+01 -4.424900044751178285e+01 -1.416787066277605156e+01 -5.412653523896492658e+01 2.471753775623342531e+00 1.115494632132911690e+01 1.090035822920078701e+01 1.380192744308267017e+01 5.771041504630461816e+01 -1.934499908467844165e+01 1.701943559108304527e+01 1.928294815960493125e+01 -1.344652083057330572e+01 -3.800512346293997368e+00 1.629539194999530949e+01
1.118582464550156352e+01 5.220551553099747366e+01 -4.231034654361250702e+00 4.026586302932888550e+00 3.401363175241237435e+00 4.176490974237134424e+01 -2.387525742208151058e+01 2.416430534890181647e+01 -4.065514936995478479e+01 4.284698025250085607e+01 1.057101541965970704e+01 -9.725280720225496722e+00 3.361095311680140441e+01 -2.931077861291383257e+01 5.453171569799116014e+01 -3.502004222598482386e+01 -5.946566479171606190e+00 -1.427902154577728844e+01 1.197346326303570585e+01 -1.773242096990458094e+01 -1.005035651368733873e+01 4.959866543819337004e+00 1.293662207791017416e+01 2.038045495933579687e+01 -3.451793186495635268e+01 -2.434172070841072966e+01 1.569884926493745336e+00 1.301688075695708768e+01 5.299746480768020973e+01 -2.993151235053835890e+01 3.417175957767272365e+01 9.960420930754514401e+00 4.992151019508202836e+01 5.264124732472313184e+01 2.709795156627760804e+01 -1.156225517528038260e+01 4.138622882248903068e+01 -2.407455981339360562e+01 2.243086712796610982e+01 1.716739663072193522e+01 -3.073192790133475327e+01 -1.941579591000586902e+01 5.169372251496400850e+01 -2.152183837218715112e+01 8.889946980132469312e-01 1.611783881615640368e+01 -3.055487523353269808e+01 4.659058019700668574e+00 2.640196938636181301e+01 -3.678440733829312137e+01 4.789431488418276217e+01 -2.751594700793555504e+00 -3.018803575020065821e+01 -1.392188004069071638e+01 2.447426425999749799e+00 -2.795954227659691327e+01 8.859731214331487692e+00 2.395151836408309620e+01 1.905282300818422314e+01 -1.273365205797202115e+01 -3.843452756612933285e+01 1.747765703398871651e+01 1.458142577381534188e+00 -3.614017381977865995e+01 -3.265222053640643907e+01 2.157398127827655898e+01 3.736113912442363727e+01 3.073915678975499333e+01 -4.519970341150959570e+01 7.824709323657035753e+00 8.868310586567160314e+00 -2.640027250436807194e+01 1.059875380419063617e+01 -2.672177160546659991e+01 1.345899246178682596e+01 4.375067971665831834e+00 -6.650694183437209084e+00 -1.517488286972382561e+01 2.183751539787759555e+01 1.191528567836560981e+01 -1.110602310164307482e+01 -8.637991669519065496e+00 3.017941954953253969e+01 1.456546212537846507e+01 -8.926351557538691139e+00 -2.028337847475702915e+01 1.706227780992396603e+01 -1.666827357389231068e+01 5.277346852620181217e+00 -8.690374775867878654e+00 -7.750496338492189352e+01 -1.823634282365127035e+01 -3.245627258036739793e+00 -3.089936023507178220e+00 4.294732262850751425e+01 -2.921866606151563062e+01 3.639115239429106907e+01 6.440333173678993717e+01 3.178022119449601490e+01 -1.116598006832972168e+01
2.735940148990435006e+01 -2.731872111494156741e+01 -2.885219956123760809e+00 4.065211897005179509e+01 1.240785971546300637e+01 -5.734991659366583505e+00 -7.136589640477799890e+01 -2.074603092733742571e+01 1.279121833001114483e+00 4.107402881999878019e+01 -2.481675522299790160e+01 4.370454407277823528e+00 -1.082748956081259095e+01 -3.969473297619443741e+01 -1.424680015989207504e+01 2.173365014096010128e+01 -2.503158050381456690e+01 -3.300309134904590991e+01 1.859616356279971683e+00 -1.014108904510344011e+01 -2.273011057857473816e+01 -1.123159976480604350e+01 -2.536245779862570870e+01 3.605497770073542885e+00 1.124676137987086477e+01 -1.618065386476650858e+01 -3.257014765943173984e+01 -4.294362687517250521e+01 3.295148444997264647e+01 2.947545368292303181e+01 5.822047920056783177e+00 1.975355060444675459e+01 3.547596524789608186e+00 -3.767493869960910047e+01 -3.279308005789679470e+01 -2.089420426107002271e+01 5.220557439970394142e+01 5.339356842764759392e+01 2.647761059752391688e+01 2.577827840963285766e+01 8.336873795834883083e+00 -4.182835829409694561e+00 1.879300122665542716e+01 1.507364172901390553e+01 -1.777442051794185573e+01 -5.822762859913240163e+00 -4.168618247774116981e+01 1.775109425941793972e+01 -2.551689403645717391e+01 -1.290297732081717541e+01 -2.081863198285261873e+01 -1.854669539801845346e+01 -3.207617327107776362e+01 5.393774142401787941e+01 -3.425553230031965768e+01 -4.318190795135704008e+01 2.574086230366762962e+01 -1.819850629754062510e+01 -2.245834799586338804e+01 4.870736036427640303e-01 -1.799144687588978186e+01 -4.478367316167325640e+01 -2.067343163156420616e+01 7.465034624441098110e+00 1.462742412947449999e+01 2.302126928198970646e+01 -1.032017773480050060e+01 1.831693282109545251e+01 -6.800105312542950031e-01 -2.743961155962222787e+00 2.197842876052109418e+01 -1.146258569017284579e+01 6.315631896434997117e+01 -9.671466481733661524e+00 -4.307082443548346617e+01 6.490109682346831832e+00 -3.980760519761416560e+01 1.162951660441159518e+01 4.177647062968485159e+01 1.892189219156148638e+01 -3.713448296087923595e+00 -4.685023433120495184e+01 -2.273636154211953908e+01 -1.609586645410755779e+01 1.933056923584423004e+01 -3.867021511830807157e+01 -3.323266735793952620e+01 -1.469656577114255569e+00 1.464476103075271318e+01 2.722676509997480565e+00 5.467550568480901063e+01 -1.092718363689072625e+01 -5.676521064198347233e+01 2.851770964641125872e+01 8.004368615088269578e+00 3.385587532628620977e+01 -1.755735966836788720e+01 -2.963152334131966725e+01 2.731993731681048754e+00 1.034433540865635059e+01
1.307143440444867011e+01 1.660492195069060628e+01 7.039936071306423848e+00 3.042501193198977827e+00 5.639105263573374494e+00 2.472448429871259901e+00 2.319820362317186468e+00 4.843148976266781425e+00 1.681873158880907937e+01 -1.387018190072294432e+00 1.148126712784163894e+00 -1.467751341338760618e+01 9.116255843398452186e+00 -2.239986976536119556e+00 -1.264335455170416367e+01 -3.245946044936023345e+00 -1.195874307958810157e+01 2.866922443600116832e+00 -2.087466585908214489e-01 2.242558717936882218e+00 -4.982858784047706990e+00 -1.279148446770764025e+01 -1.207949037624351263e+01 3.848546920587557763e-01 8.442856924959951215e+00 -5.074147423423779557e+00 -2.308624183196820834e+00 6.675013349263982931e+00 1.102787902216775429e+01 -1.333197350641971868e+00 -2.987326312527269767e+00 7.236141739272750506e+00 7.778263729412719651e-02 2.978704033518164707e+00 -9.414206815579328591e+00 1.440204649966813832e+01 1.424892297739087610e+01 6.713724779278434696e+00 -1.985395106982953406e+00 -1.148725445590442540e+00 2.789234001598596802e+00 9.828306721252891620e+00 -3.224430259367153440e+00 3.019204936264149541e+00 -4.996981284281558189e+00 5.012202491540270088e+00 2.934442860714353341e+00 3.255905504212390777e+00 1.765895870458268391e+01 8.276954172447577918e+00 -5.056326720569918054e-01 -6.123575409199150776e+00 8.348183303414925760e+00 -3.244183033153424045e+00 7.035046754905488697e+00 6.256556725324101897e+00 8.802940995417486647e+00 2.361841702415628852e+00 -7.663691711671395623e+00 -5.109054947608975716e+00 -2.623030024436339591e+00 -1.647526228757611833e+01 -8.183185271011396367e+00 1.143352845797590867e+01 -2.910337320077165391e-01 -1.271384219107984714e+00 1.602944213936639883e+01 -1.773742595110648246e+00 4.743322546846707510e+00 -5.468645589796532924e+00 6.744958668305041982e+00 -3.456111736388576272e+00 -1.261098578487566957e-01 -3.131483070863994023e-01 -3.435201239146603580e+00 4.687830403044778715e-01 -4.425948282641088305e+00 -3.655349066143185333e+00 -8.567192876193834294e+00 -1.533837934393117663e+01 -4.723274933598839098e+00 -2.206632059062712425e+00 8.538577817305354145e+00 -1.086602997906256363e+01 1.051926122095014016e+00 5.147976730908839116e+00 -1.172938891816315454e+01 -3.755612340370692248e+00 -1.434772120365626158e+01 6.552070939272546246e-01 2.956928219819439985e+00 2.889107037114192256e+00 3.658573487813975511e+00 1.529771333430770852e+01 -5.127884783412642200e+00 4.511458992710958071e+00 5.111462361653194897e+00 -3.564364581865586246e+00 -1.007444729856146193e+00 4.319507059948633376e+00
2.965099810027830518e+00 1.383850398204513077e+01 -1.121552693309397775e+00 1.067357760176562476e+00 9.016302703163340260e-01 1.107090269727458320e+01 -6.328788569316632362e+00 6.405408017837511458e+00 -1.077676005777917290e+01 1.135775464971679583e+01 2.802129929148442944e+00 -2.577935500403514268e+00 8.909486182824212008e+00 -7.769598094257018417e+00 1.445512324777535085e+01 -9.282986771742708143e+00 -1.576273204998372535e+00 -3.785048656693469571e+00 3.173888692585481230e+00 -4.700515125639558534e+00 -2.664079682604755916e+00 1.314757630802495525e+00 3.429210952002905266e+00 5.402362607326256949e+00 -9.149904813255069769e+00 -6.452405929298612897e+00 4.161290288848518704e-01 3.450466019545167740e+00 1.404843049207458172e+01 -7.934153559378341214e+00 9.058135974965624726e+00 2.640173459747545248e+00 1.323302519916055076e+01 1.395399538482998025e+01 7.183019699708604655e+00 -3.064892488222137334e+00 1.097056124979153147e+01 -6.381618565009605781e+00 5.945845757767485473e+00 4.550804964422288101e+00 -8.146293647424059259e+00 -5.146683146746268811e+00 1.370280836686349879e+01 -5.704929350121195952e+00 2.355908256831628078e-01 4.272466083711393026e+00 -8.099373010024484287e+00 1.235002207892575310e+00 6.998573321110334255e+00 -9.750690830221309113e+00 1.269567996964848078e+01 -7.293439832063538519e-01 -8.002147292303130044e+00 -3.690371113032683059e+00 6.487597186669261662e-01 -7.411414921917298670e+00 2.348511029445158993e+00 6.348988920105028910e+00 5.050442571317630858e+00 -3.375384006433265416e+00 -1.018807048320858044e+01 4.632932765140054698e+00 3.865149085076984847e-01 -9.579928201876796834e+00 -8.655324862669221631e+00 5.718731367242121166e+00 9.903593280869367632e+00 8.148209416673678263e+00 -1.198138152938125067e+01 2.074132667415577558e+00 2.350853271282848489e+00 -6.998063893328565932e+00 2.809489421443511770e+00 -7.083291052555090950e+00 3.567652722057478520e+00 1.159739626146806701e+00 -1.762937730327557295e+00 -4.022502788076796065e+00 5.788631531126262608e+00 3.158449635809425615e+00 -2.944012738712042498e+00 -2.289727044509415776e+00 7.999873505041124488e+00 3.860949712196636519e+00 -2.366164973204682553e+00 -5.376674203705502642e+00 4.522809112832220535e+00 -4.418303556669330057e+00 1.398924979882468778e+00 -2.303614161249685655e+00 -2.054483241865866816e+01 -4.833963884581872428e+00 -8.603479892539303009e-01 -8.190641037645616240e-01 1.138433519466403787e+01 -7.745190769180537060e+00 9.646433051968486438e+00 1.707186137101461654e+01 8.424194736994971677e+00 -2.959835717631940533e+00
7.252349399038140909e+00 -7.241576447914797932e+00 -7.647951477768125672e-01 1.077592152326991659e+01 3.289055589798107526e+00 -1.520218380719213114e+00 -1.891748024575322518e+01 -5.499275843045884571e+00 3.390657989189138632e-01 1.088777722996725572e+01 -6.578337498180548693e+00 1.158500454035660265e+00 -2.870138443777256576e+00 -1.052215489468356857e+01 -3.776508131800047074e+00 5.761082168014793226e+00 -6.635291887612280171e+00 -8.748361190787271369e+00 4.929579399115954774e-01 -2.688256415110492625e+00 -6.025201037933205050e+00 -2.977263699228241745e+00 -6.723010266856859651e+00 9.557301365257619974e-01 2.981242928955151861e+00 -4.289091424266269215e+00 -8.633585794060076424e+00 -1.138335804954982855e+01 8.734695406319705313e+00 7.813232790890647372e+00 1.543289747736648954e+00 5.236382159454926466e+00 9.403807505224538454e-01 -9.986762532299660933e+00 -8.692683265012682625e+00 -5.538576781240518443e+00 1.383852205149694292e+01 1.415341584872696501e+01 7.018479611190165279e+00 6.833163126391477604e+00 2.209913671697096849e+00 -1.108772891374576020e+00 4.981580763222551056e+00 3.995645571114863071e+00 -4.711601435097526824e+00 -1.543483165675492375e+00 -1.105004506332703684e+01 4.705375165767843981e+00 -6.763949598589790391e+00 -3.420279615630982484e+00 -5.518536739938009639e+00 -4.916302201334893596e+00 -8.502666354015193662e+00 1.429766318884798615e+01 -9.080356057412704018e+00 -1.144651374510682196e+01 6.823265272322229791e+00 -4.823998310028150271e+00 -5.953195037567959425e+00 1.289928517894833870e-01 -4.769111559395709854e+00 -1.187113528174808330e+01 -5.480042075920999345e+00 1.978806251642949432e+00 3.877384847730850126e+00 6.102506155344809002e+00 -2.735654615966575331e+00 4.855386944412193095e+00 -1.802554965370851692e-01 -7.273835812330249340e-01 5.825791263457436031e+00 -3.038480588954102224e+00 1.674130234401698658e+01 -2.563681990190545879e+00 -1.141706859984374312e+01 1.720361879942663208e+00 -1.055206354891361009e+01 3.082667913630484424e+00 1.107398480356643944e+01 5.015741559567744368e+00 -9.842673585529750913e-01 -1.241889351364894267e+01 -6.026870267855135133e+00 -4.266678223119544811e+00 5.124048677043934852e+00 -1.025058637702718833e+01 -8.809185339664015402e+00 -3.895880094464259646e-01 3.881993129628281469e+00 7.217172029046505788e-01 1.449325373321885735e+01 -2.896434312344553064e+00 -1.504715102523802805e+01 7.559394339544151187e+00 2.121773429317681980e+00 8.974401304948164793e+00 -4.654049520350163505e+00 -7.854644601966352724e+00 7.242054484275921578e-01 2.742036887215987040e+00
1.764018476235513555e+00 2.240876279102139268e+00 9.500500622140345408e-01 4.105926014745620578e-01 7.610054657095880470e-01 3.336606141385186630e-01 3.130657223099803099e-01 6.535897429538313208e-01 2.269728334952849647e+00 -1.871813749774594582e-01 1.549415242770657009e-01 -1.980763484835145638e+00 1.230256001865963178e+00 -3.022893753459926502e-01 -1.706251361460559002e+00 -4.380419982320942207e-01 -1.613855839140681425e+00 3.868981101254659327e-01 -2.816758394152629394e-02 3.026894366488983024e-01 -6.724476454890574439e-01 -1.726235404345879632e+00 -1.630149440369625280e+00 5.193477125812612227e-02 1.139382803168046632e+00 -6.847583870213446167e-01 -3.115560194013538564e-01 9.008070698968149159e-01 1.488239986473886223e+00 -1.799168388780893191e-01 -4.031393328051576241e-01 9.765070884025112141e-01 1.049607910193043649e-02 4.019828601727081785e-01 -1.270469764623660236e+00 1.943588540145185339e+00 1.922928470352019525e+00 9.060330803208143102e-01 -2.679141037550463733e-01 -1.550277164667312468e-01 3.764116693678165593e-01 1.326348649407448566e+00 -4.351434756920690705e-01 4.074465589978511493e-01 -6.743635217963483974e-01 6.764038462373100913e-01 3.960125107383369314e-01 4.393939770167568648e-01 2.383119553289405168e+00 1.116992389016868259e+00 -6.823501909247733921e-02 -8.263800378003718361e-01 1.126602857490887732e+00 -4.378089289632727255e-01 9.493925485661385277e-01 8.443327036515492212e-01 1.187966811436210746e+00 3.187398713939949557e-01 -1.034234483754317813e+00 -6.894606851346051224e-01 -3.539825574901672156e-01 -2.223376006203499955e+00 -1.104331649112103797e+00 1.542977886993250225e+00 -3.927372384399559907e-02 -1.715858852979192939e-01 2.163212098820626483e+00 -2.393691799572401080e-01 6.401224124190220133e-01 -7.380022967111194987e-01 9.102722467348847157e-01 -4.664096846316632128e-01 -1.701841667150360768e-02 -4.226114535302833569e-02 -4.635881088506994541e-01 6.326403583278925047e-02 -5.972873965158291831e-01 -4.932934027029498569e-01 -1.156161610024542430e+00 -2.069948316903761576e+00 -6.374136706343694891e-01 -2.977911671816177441e-01 1.152296714894111229e+00 -1.466393817422673385e+00 1.419624732550840429e-01 6.947291131235178163e-01 -1.582906080883614397e+00 -5.068344154959262271e-01 -1.936260172342411323e+00 8.842198710671207718e-02 3.990454351092742047e-01 3.898333274415187177e-01 4.937324849616915312e-01 2.064461566849387086e+00 -6.920140330702599929e-01 6.088309116856248648e-01 6.898023679148471698e-01 -4.810190018168283843e-01 -1.359597580567226960e-01 5.829222207531556954e-01
4.001458114692334478e-01 1.867540357630014691e+00 -1.513564695505307534e-01 1.440426780084176628e-01 1.216782374372445685e-01 1.494039994518497672e+00 -8.540850855808160835e-01 8.644249576568819871e-01 -1.454349991156274724e+00 1.532754824022274587e+00 3.781530068966632019e-01 -3.478957769741606865e-01 1.202353853483907331e+00 -1.048521564015966412e+00 1.950753962972371580e+00 -1.252755649081565892e+00 -2.127171251936023633e-01 -5.108020895184787191e-01 4.283230359907807538e-01 -6.343551024334532773e-01 -3.595165313219007008e-01 1.774313794690593471e-01 4.627812823160596389e-01 7.290558201930816828e-01 -1.234798771484579394e+00 -8.707619725333521910e-01 5.615551150508293204e-02 4.656462191359582725e-01 1.895870217063984509e+00 -1.070731025638870237e+00 1.222413210566214659e+00 3.562785750720023903e-01 1.785822325244548869e+00 1.883124214513439920e+00 9.693599623192846737e-01 -4.136147515512330064e-01 1.480505451376560311e+00 -8.612145232684608187e-01 8.023940458016370902e-01 6.141628526937464860e-01 -1.099354188515518915e+00 -6.945565346956176223e-01 1.849222439469013546e+00 -7.698900328393283310e-01 3.178265732863294613e-02 5.765782358193344281e-01 -1.093024261926886176e+00 1.666650238424293440e-01 9.444760423531712856e-01 -1.315875360932977856e+00 1.713309531400599051e+00 -9.841939661345054657e-02 -1.079906092854833410e+00 -4.980238122720766492e-01 8.755212024650864400e-02 -1.000183696500032138e+00 3.169367082616441067e-01 8.568085698826286567e-01 6.815642668947418104e-01 -4.555129222153325719e-01 -1.374895520162698226e+00 6.252257989977191288e-01 5.216011985038250531e-02 -1.292832139395468927e+00 -1.168050091517648381e+00 7.717491265611881035e-01 1.336514150739684048e+00 1.099612647259056608e+00 -1.616910046695760883e+00 2.799055858330595226e-01 3.172648554812542154e-01 -9.443967386157831045e-01 3.791473698266584758e-01 -9.558992404822364009e-01 4.814595919230463261e-01 1.565111213413338254e-01 -2.379108259749801446e-01 -5.428438392187343586e-01 7.811899786670386536e-01 4.262364001134961167e-01 -3.973118370153256862e-01 -3.090026308355894313e-01 1.079601040620505437e+00 5.210401894627435526e-01 -3.193181592495769050e-01 -7.255969638685306755e-01 6.103615080043263141e-01 -5.962469065261370993e-01 1.887918277288941626e-01 -3.108770037985859602e-01 -2.772578768332246479e+00 -6.523413853454345102e-01 -1.161070552227699282e-01 -1.105332757164983470e-01 1.536338755819725232e+00 -1.045229440527235099e+00 1.301802901339845553e+00 2.303888450845363867e+00 1.136861557732837591e+00 -3.994347466098205901e-01
9.787206424898785562e-01 -9.772686645760857438e-01 -1.032089533473705412e-01 1.454230589594885936e+00 4.438683160857576637e-01 -2.051575016097875737e-01 -2.552959305389809863e+00 -7.421357931336320934e-01 4.575767453543628377e-02 1.469328790658241513e+00 -8.877586328543040084e-01 1.563410203398141185e-01 -3.873349974195077206e-01 -1.419986773706113370e+00 -5.096496373184146167e-01 7.774691095726770085e-01 -8.954463717768208486e-01 -1.180610600943787780e+00 6.652865788010552117e-02 -3.628014918585359960e-01 -8.131090100901908757e-01 -4.017926584609633478e-01 -9.072860033582784700e-01 1.289770931698873135e-01 4.023226243625152021e-01 -5.788173500688301720e-01 -1.165119288963391009e+00 -1.536207333039634415e+00 1.178768854946939726e+00 1.054407173904746919e+00 2.082701043517893036e-01 7.066913766221240012e-01 1.269054656861682839e-01 -1.347735934338967656e+00 -1.173095191778221302e+00 -7.474437178686352823e-01 1.867543232475847415e+00 1.910035989417219859e+00 9.471368616034865351e-01 9.221386919250257330e-01 2.982327127808999667e-01 -1.496312050646811387e-01 6.722731574289140255e-01 5.392157664843303388e-01 -6.358429272576540114e-01 -2.082968977192835858e-01 -1.491227185662932220e+00 6.349950632004841555e-01 -9.128111808017987938e-01 -4.615736977375778927e-01 -7.447379306156222123e-01 -6.634656993304209882e-01 -1.147455285171976813e+00 1.929502411595129585e+00 -1.225414313116031551e+00 -1.544729068603871713e+00 9.208065487259788906e-01 -6.510078538673272908e-01 -8.033973098058319051e-01 1.738676822886921908e-02 -6.436007561182255365e-01 -1.602038058721689362e+00 -7.395420371922780678e-01 2.670437463207305795e-01 5.232599940450056719e-01 8.235637536890293431e-01 -3.691848483804836545e-01 6.552431967962071280e-01 -2.432593440623369990e-02 -9.816600368222951067e-02 7.861705501546980557e-01 -4.100518579246295037e-01 2.259277969172500899e+00 -3.459742539715864873e-01 -1.540755477567644194e+00 2.321636006430090327e-01 -1.424021033581356344e+00 4.160040185065956853e-01 1.494459043883806126e+00 6.768823048693741740e-01 -1.328144444008986791e-01 -1.675952218574068509e+00 -8.133364438288600562e-01 -5.758036144284998104e-01 6.914943796938891607e-01 -1.383339354482356676e+00 -1.188813434284470061e+00 -5.257856007004779730e-02 5.238841345522662341e-01 9.739701023269124736e-02 1.955902422685590336e+00 -3.908605197769973172e-01 -2.030645801196822919e+00 1.020157752428070053e+00 2.863378586019471039e-01 1.211112853235211784e+00 -6.280736782984223110e-01 -1.060003105879659069e+00 9.773607331212269544e-02 3.700423662672789327e-01
