# 
#                 ----------------------------------------------------
#                 Data from a 3D direct N-body simulation. 
# 
#                 rows are i-particle; 
#                 coumns are :mass, tag, x ,y, z, vx, vy, vz, ax, ay, az
# 
#                 NTHU, Computational Physics Lab
# 
#                 ----------------------------------------------------
#                 Time = 5.299999999999931
1.000000000000000000e+00 2.000000000000000000e+00 3.000000000000000000e+00 4.000000000000000000e+00 5.000000000000000000e+00 6.000000000000000000e+00 7.000000000000000000e+00 8.000000000000000000e+00 9.000000000000000000e+00 1.000000000000000000e+01 1.100000000000000000e+01 1.200000000000000000e+01 1.300000000000000000e+01 1.400000000000000000e+01 1.500000000000000000e+01 1.600000000000000000e+01 1.700000000000000000e+01 1.800000000000000000e+01 1.900000000000000000e+01 2.000000000000000000e+01 2.100000000000000000e+01 2.200000000000000000e+01 2.300000000000000000e+01 2.400000000000000000e+01 2.500000000000000000e+01 2.600000000000000000e+01 2.700000000000000000e+01 2.800000000000000000e+01 2.900000000000000000e+01 3.000000000000000000e+01 3.100000000000000000e+01 3.200000000000000000e+01 3.300000000000000000e+01 3.400000000000000000e+01 3.500000000000000000e+01 3.600000000000000000e+01 3.700000000000000000e+01 3.800000000000000000e+01 3.900000000000000000e+01 4.000000000000000000e+01 4.100000000000000000e+01 4.200000000000000000e+01 4.300000000000000000e+01 4.400000000000000000e+01 4.500000000000000000e+01 4.600000000000000000e+01 4.700000000000000000e+01 4.800000000000000000e+01 4.900000000000000000e+01 5.000000000000000000e+01 5.100000000000000000e+01 5.200000000000000000e+01 5.300000000000000000e+01 5.400000000000000000e+01 5.500000000000000000e+01 5.600000000000000000e+01 5.700000000000000000e+01 5.800000000000000000e+01 5.900000000000000000e+01 6.000000000000000000e+01 6.100000000000000000e+01 6.200000000000000000e+01 6.300000000000000000e+01 6.400000000000000000e+01 6.500000000000000000e+01 6.600000000000000000e+01 6.700000000000000000e+01 6.800000000000000000e+01 6.900000000000000000e+01 7.000000000000000000e+01 7.100000000000000000e+01 7.200000000000000000e+01 7.300000000000000000e+01 7.400000000000000000e+01 7.500000000000000000e+01 7.600000000000000000e+01 7.700000000000000000e+01 7.800000000000000000e+01 7.900000000000000000e+01 8.000000000000000000e+01 8.100000000000000000e+01 8.200000000000000000e+01 8.300000000000000000e+01 8.400000000000000000e+01 8.500000000000000000e+01 8.600000000000000000e+01 8.700000000000000000e+01 8.800000000000000000e+01 8.900000000000000000e+01 9.000000000000000000e+01 9.100000000000000000e+01 9.200000000000000000e+01 9.300000000000000000e+01 9.400000000000000000e+01 9.500000000000000000e+01 9.600000000000000000e+01 9.700000000000000000e+01 9.800000000000000000e+01 9.900000000000000000e+01 1.000000000000000000e+02
2.000000000000000111e-01 2.000000000000000111e-01 2.000000000000000111e-01 2.000000000000000111e-01 2.000000000000000111e-01 2.000000000000000111e-01 2.000000000000000111e-01 2.000000000000000111e-01 2.000000000000000111e-01 2.000000000000000111e-01 2.000000000000000111e-01 2.000000000000000111e-01 2.000000000000000111e-01 2.000000000000000111e-01 2.000000000000000111e-01 2.000000000000000111e-01 2.000000000000000111e-01 2.000000000000000111e-01 2.000000000000000111e-01 2.000000000000000111e-01 2.000000000000000111e-01 2.000000000000000111e-01 2.000000000000000111e-01 2.000000000000000111e-01 2.000000000000000111e-01 2.000000000000000111e-01 2.000000000000000111e-01 2.000000000000000111e-01 2.000000000000000111e-01 2.000000000000000111e-01 2.000000000000000111e-01 2.000000000000000111e-01 2.000000000000000111e-01 2.000000000000000111e-01 2.000000000000000111e-01 2.000000000000000111e-01 2.000000000000000111e-01 2.000000000000000111e-01 2.000000000000000111e-01 2.000000000000000111e-01 2.000000000000000111e-01 2.000000000000000111e-01 2.000000000000000111e-01 2.000000000000000111e-01 2.000000000000000111e-01 2.000000000000000111e-01 2.000000000000000111e-01 2.000000000000000111e-01 2.000000000000000111e-01 2.000000000000000111e-01 2.000000000000000111e-01 2.000000000000000111e-01 2.000000000000000111e-01 2.000000000000000111e-01 2.000000000000000111e-01 2.000000000000000111e-01 2.000000000000000111e-01 2.000000000000000111e-01 2.000000000000000111e-01 2.000000000000000111e-01 2.000000000000000111e-01 2.000000000000000111e-01 2.000000000000000111e-01 2.000000000000000111e-01 2.000000000000000111e-01 2.000000000000000111e-01 2.000000000000000111e-01 2.000000000000000111e-01 2.000000000000000111e-01 2.000000000000000111e-01 2.000000000000000111e-01 2.000000000000000111e-01 2.000000000000000111e-01 2.000000000000000111e-01 2.000000000000000111e-01 2.000000000000000111e-01 2.000000000000000111e-01 2.000000000000000111e-01 2.000000000000000111e-01 2.000000000000000111e-01 2.000000000000000111e-01 2.000000000000000111e-01 2.000000000000000111e-01 2.000000000000000111e-01 2.000000000000000111e-01 2.000000000000000111e-01 2.000000000000000111e-01 2.000000000000000111e-01 2.000000000000000111e-01 2.000000000000000111e-01 2.000000000000000111e-01 2.000000000000000111e-01 2.000000000000000111e-01 2.000000000000000111e-01 2.000000000000000111e-01 2.000000000000000111e-01 2.000000000000000111e-01 2.000000000000000111e-01 2.000000000000000111e-01 2.000000000000000111e-01
3.600049628573660954e+01 4.573207451887580532e+01 1.938903044496390038e+01 8.379449917246049040e+00 1.553094145149469973e+01 6.809491663313441023e+00 6.389079557642999951e+00 1.333876392750655171e+01 4.632097696419175037e+01 -3.820030172164611493e+00 3.162109960232666328e+00 -4.042383090920120736e+01 2.510745264383093556e+01 -6.169262669341078364e+00 -3.482144045005808408e+01 -8.939887276050859199e+00 -3.293604633942246096e+01 7.895877301360525458e+00 -5.749834063761669611e-01 6.175249296186478887e+00 -1.372346575100693045e+01 -3.522954300767895575e+01 -3.326863194878292518e+01 1.059987487577063181e+00 2.325274963810176132e+01 -1.397507042638708619e+01 -6.358217971823339809e+00 1.838389861327864239e+01 3.037219103716336122e+01 -3.671827164858898040e+00 -8.227641970057540277e+00 1.992984920545882943e+01 2.142416337662089720e-01 8.203747564446786100e+00 -2.592795396680903508e+01 3.966515959669485625e+01 3.924334805518011393e+01 1.849047745834338130e+01 -5.468445488519317443e+00 -3.163647326724273512e+00 7.681958736401603538e+00 2.706854038985893141e+01 -8.880524715741694664e+00 8.315333646787445687e+00 -1.376215369170693670e+01 1.380436089509414721e+01 8.081788501840991401e+00 8.967152807997907260e+00 4.863506056292447965e+01 2.279586163188218606e+01 -1.392605718163362871e+00 -1.686535623863841948e+01 2.299207888647356768e+01 -8.934931212967311964e+00 1.937551676881867735e+01 1.723146918139356032e+01 2.424467934588811602e+01 6.504744132917485544e+00 -2.110678777661851413e+01 -1.407138743198450115e+01 -7.224200673819902718e+00 -4.537502439357682249e+01 -2.253774240392170114e+01 3.148951563026279388e+01 -8.015857812576120400e-01 -3.501360580657027377e+00 4.414716532184301911e+01 -4.885152362106774504e+00 1.306373604083975515e+01 -1.506145727497342968e+01 1.857600144176839407e+01 -9.518600800796086503e+00 -3.473315099858365063e-01 -8.624299484370946400e-01 -9.461003393341870904e+00 1.291076378430396465e+00 -1.218974112692938760e+01 -1.006740584998646959e+01 -2.359520006719052176e+01 -4.224395451288698666e+01 -1.300858999491800816e+01 -6.077334313771506125e+00 2.351645722847012010e+01 -2.992652572165454572e+01 2.897089558652532926e+00 1.417825514569483580e+01 -3.230433083533333161e+01 -1.034333189916339002e+01 -3.951547933066840557e+01 1.804521274560953792e+00 8.143747768300382717e+00 7.958189804784394639e+00 1.007620476531385556e+01 4.213192964477934765e+01 -1.412299433384195169e+01 1.242517340821506089e+01 1.407767000359661758e+01 -9.816736291358713729e+00 -2.774578791197845007e+00 1.189660214597454235e+01
8.166303077063536975e+00 3.811302307740748319e+01 -3.088897356230127844e+00 2.939638587455129404e+00 2.483185209660008219e+00 3.049081099486670965e+01 -1.743031147882903298e+01 1.764133363522425668e+01 -2.968059506020289362e+01 3.128076682058453528e+01 7.717455072322064069e+00 -7.100028624409153721e+00 2.453794241222873396e+01 -2.139857627379257821e+01 3.981128628554815663e+01 -2.556667396794631131e+01 -4.341359827934029525e+00 -1.042450328935128390e+01 8.741321143121830062e+00 -1.294563914909113223e+01 -7.337376385663171519e+00 3.620979131456952160e+00 9.444472707073183315e+00 1.487893488278160881e+01 -2.520008984291446552e+01 -1.777088520009871075e+01 1.146117084920971196e+00 9.503084107504847111e+00 3.869119275878966135e+01 -2.185173571834017281e+01 2.494737001620489991e+01 7.271778714495330753e+00 3.644560501089945603e+01 3.843114256665081996e+01 1.978309269525491487e+01 -8.441110365393413417e+00 3.021431725125362178e+01 -1.757581418497645842e+01 1.637588522860516349e+01 1.253307964688554499e+01 -2.243611420042816462e+01 -1.417465115868703940e+01 3.773941291139741594e+01 -1.571219957212434082e+01 6.490733254465520519e-01 1.176695596408881883e+01 -2.230684462271731405e+01 3.401387935389707184e+00 1.927494674077480852e+01 -2.685475203712427117e+01 3.496561920344284857e+01 -2.008860073589299411e+00 -2.203901692968200976e+01 -1.016377622782230894e+01 1.786759767701529000e+00 -2.041209701735091997e+01 6.468115793886063614e+00 1.748599974961411618e+01 1.390968257886737902e+01 -9.296314980290294017e+00 -2.805946185685982641e+01 1.275969260402782979e+01 1.064533053430037901e+00 -2.638441625650930789e+01 -2.383803351817917360e+01 1.575028502009920572e+01 2.727577758472024527e+01 2.244139211041843751e+01 -3.299841433429433124e+01 5.712506280029615802e+00 6.474317198223102920e+00 -1.927376227748061055e+01 7.737699601896538937e+00 -1.950847051486289629e+01 9.825857533412122535e+00 3.194043608636173204e+00 -4.855398736157618522e+00 -1.107855033586332638e+01 1.594264065547436537e+01 8.698864114086031663e+00 -8.107982727026261216e+00 -6.306238518250276037e+00 2.203271733380852737e+01 1.063364677100029532e+01 -6.516757579347763674e+00 -1.480802301405963206e+01 1.245645650858653930e+01 -1.216886907923342243e+01 3.852748422795830852e+00 -6.344479791143643688e+00 -5.658305788740419473e+01 -1.331364912828592928e+01 -2.369489236447913427e+00 -2.255838145484149404e+00 3.135403888400706407e+01 -2.133132004090348488e+01 2.656766681773300220e+01 4.701813675792526226e+01 2.320140824362766097e+01 -8.151818808971221131e+00
1.997394314979259278e+01 -1.994423456968354458e+01 -2.106386716123655578e+00 2.967841482621459193e+01 9.058438894943883213e+00 -4.186871729494360928e+00 -5.210120853202164426e+01 -1.514581967189732659e+01 9.338328477762236624e-01 2.998641780288448544e+01 -1.811767796370567041e+01 3.190690229784427956e+00 -7.904674941319254522e+00 -2.897945460832771403e+01 -1.040097924697503018e+01 1.586682857983791273e+01 -1.827450449415277234e+01 -2.409416346534997189e+01 1.357612453714931222e+00 -7.403501855348010530e+00 -1.659432040971540445e+01 -8.199694247179060369e+00 -1.851605454432887399e+01 2.632225764659757772e+00 8.210799356861988585e+00 -1.181283781373791975e+01 -2.377810047362385859e+01 -3.135133847837983367e+01 2.405647466651966582e+01 2.151881397916749350e+01 4.250432613526520242e+00 1.442107844233499847e+01 2.589955509823917978e+00 -2.750488016785560319e+01 -2.394085107388006151e+01 -1.525397325749217892e+01 3.811306380788675341e+01 3.898038278455376826e+01 1.933030089381411187e+01 1.881969291894039031e+01 6.086399551387341234e+00 -3.053712529909052176e+00 1.371998765996523595e+01 1.100465715902560682e+01 -1.297634391215541250e+01 -4.250951001874637925e+00 -3.043332537315916753e+01 1.295935361154654508e+01 -1.862880024884125518e+01 -9.419921837121961516e+00 -1.519880802680438947e+01 -1.354015973199809508e+01 -2.341745073699272339e+01 3.937766089260462365e+01 -2.500851630897980371e+01 -3.152530394278348069e+01 1.879235849662291002e+01 -1.328596791845445146e+01 -1.639588883418315390e+01 3.557005155050081413e-01 -1.313480262830862699e+01 -3.269465738871728178e+01 -1.509280829278977265e+01 5.449909218315819537e+00 1.067887310309714444e+01 1.680676854713452784e+01 -7.534314488749796368e+00 1.337242932828905140e+01 -4.964466754902434609e-01 -2.003229639717659438e+00 1.604569164600746589e+01 -8.368338415098248717e+00 4.610774957536696661e+01 -7.060730720567482521e+00 -3.144420606383294370e+01 4.738170602979739243e+00 -2.906186804240426724e+01 8.490264357488770841e+00 3.049923508219826118e+01 1.381409028550765328e+01 -2.711106979265600181e+00 -3.420340258854697879e+01 -1.659887281223548783e+01 -1.175088158626851609e+01 1.411246981671595790e+01 -2.823149042740016057e+01 -2.426179563880893042e+01 -1.072919788989955991e+00 1.069151849358376793e+01 1.987712779834873267e+00 3.991624754976390932e+01 -7.977576562476989430e+00 -4.144188524651878680e+01 2.081957132186462189e+01 5.843652250696461437e+00 2.471675718598666904e+01 -1.281788977945689822e+01 -2.163271616563768873e+01 1.994498056277098641e+00 7.551970472203777263e+00
1.113101402351750480e+01 1.413995801516765916e+01 5.994880938237910684e+00 2.590849321634606905e+00 4.801999196930813341e+00 2.105421731210438629e+00 1.975448064441007512e+00 4.124200210387532373e+00 1.432203037606308271e+01 -1.181118673426438281e+00 9.776910261354470055e-01 -1.249867352449060576e+01 7.762974182907020904e+00 -1.907468641116879526e+00 -1.076647802237001450e+01 -2.764099792440760872e+00 -1.018350158574542696e+01 2.441334515071476918e+00 -1.777622915700909079e-01 1.909600708558690796e+00 -4.243166352443481948e+00 -1.089262544339244876e+01 -1.028632590941824532e+01 3.277264257669878500e-01 7.189535811348209293e+00 -4.320913110548907810e+00 -1.965912567735289551e+00 5.684125539658675841e+00 9.390815016476985022e+00 -1.135288814403579538e+00 -2.543872983038013125e+00 6.161983718371295105e+00 6.623694363981388888e-02 2.536522876369708523e+00 -8.016690048825459769e+00 1.226409905049942317e+01 1.213370163716133199e+01 5.717088371416251036e+00 -1.690689442080970606e+00 -9.781949872747517372e-01 2.375181141933390361e+00 8.369323144140285109e+00 -2.745772419127263220e+00 2.571013695622030859e+00 -4.255181462431556483e+00 4.268158211054573492e+00 2.498829108678752853e+00 2.772572133339986422e+00 1.503752715346523772e+01 7.048262504257537309e+00 -4.305741399565012340e-01 -5.214557268931264922e+00 7.108920104456012190e+00 -2.762593192563329136e+00 5.990714903865219654e+00 5.327790700287209802e+00 7.496177396656919178e+00 2.011227864485841899e+00 -6.526033765462914360e+00 -4.350648043665940712e+00 -2.233649192065776834e+00 -1.402954863501023297e+01 -6.968420369865762964e+00 9.736252720422667650e+00 -2.478326204538194022e-01 -1.082639812180881567e+00 1.364990879047538641e+01 -1.510436480310110019e+00 4.039187877828998019e+00 -4.656843015200160529e+00 5.743659355535887023e+00 -2.943061067455082114e+00 -1.073895961448117220e-01 -2.666610539288651327e-01 -2.925254306156539030e+00 3.991926043262108981e-01 -3.768932098151925647e+00 -3.112726278548113346e+00 -7.295415070081394227e+00 -1.306143613347272492e+01 -4.022119856605416821e+00 -1.879061775653309896e+00 7.271051372195052487e+00 -9.252996728489540246e+00 8.957674172052839667e-01 4.383774672721346022e+00 -9.988192174734637163e+00 -3.198094513862890231e+00 -1.221783498100635690e+01 5.579429079423727789e-01 2.517978239664994788e+00 2.460289934443413706e+00 3.115467738698006528e+00 1.302680555804032636e+01 -4.366669286680528117e+00 3.841744968080811340e+00 4.352679730329070296e+00 -3.035243666190115430e+00 -8.578890129621401517e-01 3.678292564104996831e+00
2.524939398206263785e+00 1.178420955894065436e+01 -9.550605755593525314e-01 9.089108128624125982e-01 7.677842145698808851e-01 9.427458637454101620e+00 -5.389294957225821747e+00 5.454540545476293190e+00 -9.176975041080204676e+00 9.671724302193473122e+00 2.386161605533312358e+00 -2.195250118143030171e+00 7.586896900186984816e+00 -6.616224320926096247e+00 1.230929385239188534e+01 -7.904955490833853737e+00 -1.342284328265287652e+00 -3.223166353090663350e+00 2.702733338113971762e+00 -4.002724569480264449e+00 -2.268611436406345661e+00 1.119583122214415472e+00 2.920151539824430209e+00 4.600401146554498943e+00 -7.791626119043908005e+00 -5.494567700242710018e+00 3.543579496612300761e-01 2.938255151160654055e+00 1.196297322135792562e+01 -6.756349394787936724e+00 7.713481389650160835e+00 2.248266878392910950e+00 1.126862056022215164e+01 1.188255870424101523e+01 6.116723679233238009e+00 -2.609916254389526902e+00 9.342005237539325435e+00 -5.434282570606354668e+00 5.063212202109435012e+00 3.875225967463985732e+00 -6.937003961523186213e+00 -4.382670939498323648e+00 1.166866361387166684e+01 -4.858050270116424763e+00 2.006298217993933430e-01 3.638230003111530664e+00 -6.897046259137375124e+00 1.051670667389070557e+00 5.959649668718108195e+00 -8.303227879189599037e+00 1.081103942918035088e+01 -6.210825910172297348e-01 -6.814250547335116259e+00 -3.142544904977330411e+00 5.524523878786382625e-01 -6.311212802424693180e+00 1.999880640410863775e+00 5.406499456092913825e+00 4.300721826755652621e+00 -2.874319758933872482e+00 -8.675685317043299705e+00 3.945184376718670283e+00 3.291387683088923266e-01 -8.157812806801560512e+00 -7.370469688855771473e+00 4.869807258117631932e+00 8.433427691804435966e+00 6.938635425563855819e+00 -1.020278040050620660e+01 1.766236490957839189e+00 2.001862009623462058e+00 -5.959227397400633564e+00 2.392427307277749104e+00 -6.031801810913400175e+00 3.038047134067846766e+00 9.875774004059953981e-01 -1.501235803380505551e+00 -3.425374535215741201e+00 4.929322540904894190e+00 2.689589558039514383e+00 -2.506969785617110258e+00 -1.949824133167722406e+00 6.812312330784803471e+00 3.287805462185103611e+00 -2.014914980745569295e+00 -4.578517542762495118e+00 3.851411423906466958e+00 -3.762431846259358448e+00 1.191253991691587855e+00 -1.961649441622301371e+00 -1.749499574992325179e+01 -4.116388246575492182e+00 -7.326302337600918424e-01 -6.974774880373419972e-01 9.694362498724618860e+00 -6.595438344284543675e+00 8.214449787477795084e+00 1.453758402748779410e+01 7.173646973271486260e+00 -2.520457472295011048e+00
6.175756663077718756e+00 -6.166580901352937794e+00 -6.512652824133993157e-01 9.176267802396804285e+00 2.800800450685310139e+00 -1.294545127664021855e+00 -1.610922495841329294e+01 -4.682926421343440282e+00 2.887323555098853523e-01 9.271515509726517834e+00 -5.601802956350124596e+00 9.865253182681426036e-01 -2.444069960404680941e+00 -8.960169391094144231e+00 -3.215893526462393570e+00 4.905866111685605269e+00 -5.650300844636286790e+00 -7.449689493382859240e+00 4.197764355240632961e-01 -2.289174877127580388e+00 -5.130781064017853055e+00 -2.535291794678160127e+00 -5.724995642340219959e+00 8.138553242343544714e-01 2.538688010109949378e+00 -3.652392284716067916e+00 -7.351954524720039963e+00 -9.693529921947234840e+00 7.438049647821213917e+00 6.653384824514308349e+00 1.314192624731408854e+00 4.459021845964374897e+00 8.007847271004410183e-01 -8.504252965556972299e+00 -7.402278506513227718e+00 -4.716388672891911327e+00 1.178422446927162426e+01 1.205237621156309658e+01 5.976628869087211804e+00 5.818810450615462315e+00 1.881857678439566195e+00 -9.441785601828094343e-01 4.242080253652610544e+00 3.402508171653413349e+00 -4.012174209831957938e+00 -1.314356575054609344e+00 -9.409695107858992102e+00 4.006880534948469297e+00 -5.759857281096857129e+00 -2.912548529739950709e+00 -4.699324987797403708e+00 -4.186489910847282836e+00 -7.240465517804321571e+00 1.217521048614529811e+01 -7.732400277254200205e+00 -9.747311698813843961e+00 5.810377980599771952e+00 -4.107889640885011850e+00 -5.069457975964667185e+00 1.098672507215345956e-01 -4.061150697927997655e+00 -1.010889338413270089e+01 -4.666545799687338736e+00 1.685058118688607109e+00 3.301798826198316217e+00 5.196586127187652338e+00 -2.329551287821440386e+00 4.134619393341635529e+00 -1.534969683699190235e-01 -6.194010034951752397e-01 4.961003391457100342e+00 -2.587423548901235826e+00 1.425609652572248898e+01 -2.183110298148617012e+00 -9.722237504525962137e+00 1.464981889849191310e+00 -8.985640344782806821e+00 2.625063415702846292e+00 9.430079812324779098e+00 4.271170980843738363e+00 -8.381713579412397586e-01 -1.057534598628257427e+01 -5.132200132767466449e+00 -3.633294273620798265e+00 4.363404784607130438e+00 -8.728913045647082924e+00 -7.501490484716994978e+00 -3.317516123493653990e-01 3.305720570022967930e+00 6.145804863326725931e-01 1.234176105160750225e+01 -2.466487582709726567e+00 -1.281344057876601816e+01 6.437220786666255634e+00 1.806801775031704471e+00 7.642177111731698780e+00 -3.963168450831390466e+00 -6.688641164070414646e+00 6.166957865097081326e-01 2.334990261538519629e+00
1.764018592495649296e+00 2.240876337180334854e+00 9.500501938763501464e-01 4.105926217278698664e-01 7.610055764490265551e-01 3.336606612121468807e-01 3.130657291040320755e-01 6.535898420166855738e-01 2.269728425190908006e+00 -1.871813834733722925e-01 1.549415445336276842e-01 -1.980763598052336816e+00 1.230256120910224293e+00 -3.022894212588768115e-01 -1.706251426091930590e+00 -4.380421091302700853e-01 -1.613855983340929390e+00 3.868981251807087629e-01 -2.816763422678082024e-02 3.026886811239966613e-01 -6.724476894211571798e-01 -1.726235566363955476e+00 -1.630149608262531302e+00 5.193480773773998665e-02 1.139382864538788231e+00 -6.847585645548881494e-01 -3.115560074234911547e-01 9.008071365474532577e-01 1.488240028375445112e+00 -1.799168663225823306e-01 -4.031394619627379217e-01 9.765075439840841254e-01 1.049609263255810686e-02 4.019828824959371105e-01 -1.270469816910941629e+00 1.943588652202658418e+00 1.922928516883529060e+00 9.060331200626892123e-01 -2.679144108809283220e-01 -1.550276557688316514e-01 3.764117169550704189e-01 1.326348777263188117e+00 -4.351435102787643006e-01 4.074466114412366169e-01 -6.743634156137240376e-01 6.764039473263754321e-01 3.960124908228165874e-01 4.393939691822599247e-01 2.383119639863175543e+00 1.116992471052866476e+00 -6.823504170148268766e-02 -8.263802388323435721e-01 1.126602970994458275e+00 -4.378089671186813914e-01 9.493926455665454567e-01 8.443328075833430590e-01 1.187967027733167313e+00 3.187398294230635032e-01 -1.034234512433793496e+00 -6.894609912937995633e-01 -3.539825964622012600e-01 -2.223376099383442384e+00 -1.104331826586469223e+00 1.542978013007995530e+00 -3.927375506316281573e-02 -1.715857490208440861e-01 2.163212180687233310e+00 -2.393692142769851261e-01 6.401224437019316094e-01 -7.380023949268995631e-01 9.102719236035662354e-01 -4.664097168965015694e-01 -1.701842352685343715e-02 -4.226113164184567422e-02 -4.635881358506764860e-01 6.326402882971443598e-02 -5.972874949507741560e-01 -4.932934936008841476e-01 -1.156161681496150395e+00 -2.069948442925879650e+00 -6.374137506832182609e-01 -2.977911661827263856e-01 1.152296834524901614e+00 -1.466393922144742623e+00 1.419624412916624390e-01 6.947291818781133887e-01 -1.582906191815583785e+00 -5.068343532902644943e-01 -1.936260239715150933e+00 8.842198744793020038e-02 3.990454382346367290e-01 3.898342287179333288e-01 4.937325168584157375e-01 2.064461674270549718e+00 -6.920141560174906115e-01 6.088309560448845748e-01 6.898024221372671683e-01 -4.810190296778175112e-01 -1.359597234910843722e-01 5.829223287489231353e-01
4.001458505920815756e-01 1.867540418154453263e+00 -1.513564720855854473e-01 1.440426810739893759e-01 1.216782263668348407e-01 1.494040128660090616e+00 -8.540851221501988277e-01 8.644249962363219630e-01 -1.454350044990154300e+00 1.532754907743636874e+00 3.781530395485058760e-01 -3.478958331748237542e-01 1.202353942717762303e+00 -1.048521671804374833e+00 1.950754036538990599e+00 -1.252755785400758270e+00 -2.127172046804602368e-01 -5.108020999737425960e-01 4.283230663058381626e-01 -6.343549873230578395e-01 -3.595166570993542643e-01 1.774313614860239252e-01 4.627812856382112483e-01 7.290559394826381379e-01 -1.234798864330572954e+00 -8.707620932691807480e-01 5.615554525534546815e-02 4.656462748192856105e-01 1.895870282140908580e+00 -1.070731099763227334e+00 1.222413319941900278e+00 3.562788781221471468e-01 1.785822490592572587e+00 1.883124305416187250e+00 9.693600884633205572e-01 -4.136147660679401206e-01 1.480505483436003855e+00 -8.612145615816361177e-01 8.023942602526195067e-01 6.141625654630135100e-01 -1.099354348494601119e+00 -6.945565735686237696e-01 1.849222581200314686e+00 -7.698901222292068303e-01 3.178282196800175791e-02 5.765782790024485127e-01 -1.093024389788956219e+00 1.666650529253791979e-01 9.444760541758080441e-01 -1.315875470946046955e+00 1.713309645328987108e+00 -9.841951051378820814e-02 -1.079906180098037849e+00 -4.980238419238777192e-01 8.755211722579818445e-02 -1.000183805162723205e+00 3.169367285233391507e-01 8.568086455420909076e-01 6.815643707401864981e-01 -4.555129895650500971e-01 -1.374895711619747107e+00 6.252258183985917039e-01 5.216013688720329972e-02 -1.292832224423395626e+00 -1.168050240517432448e+00 7.717492689654276150e-01 1.336514198104250983e+00 1.099612808442129497e+00 -1.616910204588755118e+00 2.799056511036610018e-01 3.172646938150278095e-01 -9.443969086106417388e-01 3.791473848122731138e-01 -9.558993975635428075e-01 4.814596670386589450e-01 1.565111055853674049e-01 -2.379108634053269111e-01 -5.428438997614297712e-01 7.811900065497466850e-01 4.262364767991262959e-01 -3.973116992677352410e-01 -3.090026663265791340e-01 1.079601100864467034e+00 5.210402742101541973e-01 -3.193181944595476218e-01 -7.255969652693740057e-01 6.103615693629415029e-01 -5.962471371844142443e-01 1.887917822800850576e-01 -3.108770352692340477e-01 -2.772578816345975916e+00 -6.523416178093259798e-01 -1.161070445256683625e-01 -1.105333010558175039e-01 1.536338887287835187e+00 -1.045229522654006704e+00 1.301803050080509561e+00 2.303888547803789155e+00 1.136861660029434562e+00 -3.994347956343018424e-01
9.787207020163478655e-01 -9.772686962081286177e-01 -1.032089873284062764e-01 1.454230736913507016e+00 4.438682986047510770e-01 -2.051575042262475390e-01 -2.552959410118155859e+00 -7.421358934705934995e-01 4.575767742817848233e-02 1.469328893564437521e+00 -8.877587259296075839e-01 1.563410476238237534e-01 -3.873349693305726538e-01 -1.419986880678342223e+00 -5.096496460521577898e-01 7.774691824983954724e-01 -8.954464410811082686e-01 -1.180610675024506895e+00 6.652861860415880402e-02 -3.628012819464484506e-01 -8.131091380512112110e-01 -4.017926182145879488e-01 -9.072860457753763042e-01 1.289771131424736483e-01 4.023226896434705102e-01 -5.788174610371210616e-01 -1.165119393832598327e+00 -1.536207457828727696e+00 1.178768891730117563e+00 1.054407326850462567e+00 2.082701210929277791e-01 7.066909676236986515e-01 1.269054884346471623e-01 -1.347736013723417559e+00 -1.173095288627639121e+00 -7.474437559478971371e-01 1.867543286462188812e+00 1.910036088836488677e+00 9.471372574796349531e-01 9.221389254910509203e-01 2.982327315190212991e-01 -1.496312165142824890e-01 6.722732315746067222e-01 5.392158812299818749e-01 -6.358429380183047153e-01 -2.082969040946622830e-01 -1.491227290040160414e+00 6.349951880706654617e-01 -9.128112187136847577e-01 -4.615737351783671394e-01 -7.447379885977190028e-01 -6.634657425652294993e-01 -1.147455331050371896e+00 1.929502513343024361e+00 -1.225414385902453551e+00 -1.544729212887123948e+00 9.208067282401786180e-01 -6.510079147536118604e-01 -8.033973522113587729e-01 1.738708603957647009e-02 -6.436008166960358601e-01 -1.602038125989010187e+00 -7.395421091460987473e-01 2.670437707687592366e-01 5.232600512522033176e-01 8.235635481552456838e-01 -3.691848380455851064e-01 6.552432672683288217e-01 -2.432593505873389961e-02 -9.816595008151762780e-02 7.861710936745441858e-01 -4.100518504604936942e-01 2.259278075517467066e+00 -3.459742797878344045e-01 -1.540755620149330207e+00 2.321636605047733559e-01 -1.424021170455017193e+00 4.160041765230734767e-01 1.494459131415796893e+00 6.768823932124624632e-01 -1.328146720803100589e-01 -1.675952395666796990e+00 -8.133365393185302272e-01 -5.758035607056370964e-01 6.914945320130275741e-01 -1.383339438918142594e+00 -1.188813591615900833e+00 -5.257852140642874789e-02 5.238841581780186996e-01 9.739702106183534269e-02 1.955902456617530705e+00 -3.908608413586588393e-01 -2.030645933923428625e+00 1.020157803776671646e+00 2.863378786138360832e-01 1.211112964577039763e+00 -6.280737259466292466e-01 -1.060003149530714950e+00 9.773603516711262817e-02 3.700424126788716683e-01
