# 
#                 ----------------------------------------------------
#                 Data from a 3D direct N-body simulation. 
# 
#                 rows are i-particle; 
#                 coumns are :mass, tag, x ,y, z, vx, vy, vz, ax, ay, az
# 
#                 NTHU, Computational Physics Lab
# 
#                 ----------------------------------------------------
#                 Time = 0.7000000000000004
1.000000000000000000e+00 2.000000000000000000e+00 3.000000000000000000e+00 4.000000000000000000e+00 5.000000000000000000e+00 6.000000000000000000e+00 7.000000000000000000e+00 8.000000000000000000e+00 9.000000000000000000e+00 1.000000000000000000e+01 1.100000000000000000e+01 1.200000000000000000e+01 1.300000000000000000e+01 1.400000000000000000e+01 1.500000000000000000e+01 1.600000000000000000e+01 1.700000000000000000e+01 1.800000000000000000e+01 1.900000000000000000e+01 2.000000000000000000e+01 2.100000000000000000e+01 2.200000000000000000e+01 2.300000000000000000e+01 2.400000000000000000e+01 2.500000000000000000e+01 2.600000000000000000e+01 2.700000000000000000e+01 2.800000000000000000e+01 2.900000000000000000e+01 3.000000000000000000e+01 3.100000000000000000e+01 3.200000000000000000e+01 3.300000000000000000e+01 3.400000000000000000e+01 3.500000000000000000e+01 3.600000000000000000e+01 3.700000000000000000e+01 3.800000000000000000e+01 3.900000000000000000e+01 4.000000000000000000e+01 4.100000000000000000e+01 4.200000000000000000e+01 4.300000000000000000e+01 4.400000000000000000e+01 4.500000000000000000e+01 4.600000000000000000e+01 4.700000000000000000e+01 4.800000000000000000e+01 4.900000000000000000e+01 5.000000000000000000e+01 5.100000000000000000e+01 5.200000000000000000e+01 5.300000000000000000e+01 5.400000000000000000e+01 5.500000000000000000e+01 5.600000000000000000e+01 5.700000000000000000e+01 5.800000000000000000e+01 5.900000000000000000e+01 6.000000000000000000e+01 6.100000000000000000e+01 6.200000000000000000e+01 6.300000000000000000e+01 6.400000000000000000e+01 6.500000000000000000e+01 6.600000000000000000e+01 6.700000000000000000e+01 6.800000000000000000e+01 6.900000000000000000e+01 7.000000000000000000e+01 7.100000000000000000e+01 7.200000000000000000e+01 7.300000000000000000e+01 7.400000000000000000e+01 7.500000000000000000e+01 7.600000000000000000e+01 7.700000000000000000e+01 7.800000000000000000e+01 7.900000000000000000e+01 8.000000000000000000e+01 8.100000000000000000e+01 8.200000000000000000e+01 8.300000000000000000e+01 8.400000000000000000e+01 8.500000000000000000e+01 8.600000000000000000e+01 8.700000000000000000e+01 8.800000000000000000e+01 8.900000000000000000e+01 9.000000000000000000e+01 9.100000000000000000e+01 9.200000000000000000e+01 9.300000000000000000e+01 9.400000000000000000e+01 9.500000000000000000e+01 9.600000000000000000e+01 9.700000000000000000e+01 9.800000000000000000e+01 9.900000000000000000e+01 1.000000000000000000e+02
2.000000000000000111e-01 2.000000000000000111e-01 2.000000000000000111e-01 2.000000000000000111e-01 2.000000000000000111e-01 2.000000000000000111e-01 2.000000000000000111e-01 2.000000000000000111e-01 2.000000000000000111e-01 2.000000000000000111e-01 2.000000000000000111e-01 2.000000000000000111e-01 2.000000000000000111e-01 2.000000000000000111e-01 2.000000000000000111e-01 2.000000000000000111e-01 2.000000000000000111e-01 2.000000000000000111e-01 2.000000000000000111e-01 2.000000000000000111e-01 2.000000000000000111e-01 2.000000000000000111e-01 2.000000000000000111e-01 2.000000000000000111e-01 2.000000000000000111e-01 2.000000000000000111e-01 2.000000000000000111e-01 2.000000000000000111e-01 2.000000000000000111e-01 2.000000000000000111e-01 2.000000000000000111e-01 2.000000000000000111e-01 2.000000000000000111e-01 2.000000000000000111e-01 2.000000000000000111e-01 2.000000000000000111e-01 2.000000000000000111e-01 2.000000000000000111e-01 2.000000000000000111e-01 2.000000000000000111e-01 2.000000000000000111e-01 2.000000000000000111e-01 2.000000000000000111e-01 2.000000000000000111e-01 2.000000000000000111e-01 2.000000000000000111e-01 2.000000000000000111e-01 2.000000000000000111e-01 2.000000000000000111e-01 2.000000000000000111e-01 2.000000000000000111e-01 2.000000000000000111e-01 2.000000000000000111e-01 2.000000000000000111e-01 2.000000000000000111e-01 2.000000000000000111e-01 2.000000000000000111e-01 2.000000000000000111e-01 2.000000000000000111e-01 2.000000000000000111e-01 2.000000000000000111e-01 2.000000000000000111e-01 2.000000000000000111e-01 2.000000000000000111e-01 2.000000000000000111e-01 2.000000000000000111e-01 2.000000000000000111e-01 2.000000000000000111e-01 2.000000000000000111e-01 2.000000000000000111e-01 2.000000000000000111e-01 2.000000000000000111e-01 2.000000000000000111e-01 2.000000000000000111e-01 2.000000000000000111e-01 2.000000000000000111e-01 2.000000000000000111e-01 2.000000000000000111e-01 2.000000000000000111e-01 2.000000000000000111e-01 2.000000000000000111e-01 2.000000000000000111e-01 2.000000000000000111e-01 2.000000000000000111e-01 2.000000000000000111e-01 2.000000000000000111e-01 2.000000000000000111e-01 2.000000000000000111e-01 2.000000000000000111e-01 2.000000000000000111e-01 2.000000000000000111e-01 2.000000000000000111e-01 2.000000000000000111e-01 2.000000000000000111e-01 2.000000000000000111e-01 2.000000000000000111e-01 2.000000000000000111e-01 2.000000000000000111e-01 2.000000000000000111e-01 2.000000000000000111e-01
3.461156297988337016e+00 4.396743198900393779e+00 1.864118026889188817e+00 8.056143364814557506e-01 1.493191585251660181e+00 6.546846583535426145e-01 6.142543316432327316e-01 1.282430144294388175e+00 4.453370036150664291e+00 -3.672638823993591983e-01 3.040141422677041239e-01 -3.886419171268849393e+00 2.413889160461149430e+00 -5.931320821020865663e-01 -3.347785977955995307e+00 -8.595211968092835164e-01 -3.166545037850915012e+00 7.591217080334741185e-01 -5.529381397571375006e-02 5.934816590110518764e-01 -1.319400035798890647e+00 -3.387049146487185691e+00 -3.198526901852640769e+00 1.019186460802241345e-01 2.235559736403765818e+00 -1.343627659219378101e+00 -6.112819140382547145e-01 1.767465113915422270e+00 2.920024277053662409e+00 -3.530209083943517956e-01 -7.910504336573829232e-01 1.916204487481420138e+00 2.060126222026387524e-02 7.887227299012303794e-01 -2.492753918454202466e+00 3.813479434106040511e+00 3.772907359439715780e+00 1.777704030448439498e+00 -5.258291486177250063e-01 -3.041389081122667926e-01 7.385646463280032270e-01 2.602432581158474534e+00 -8.537922504534658508e-01 7.994593197170695165e-01 -1.323076769951476273e+00 1.327193679303325435e+00 7.769854167808980527e-01 8.621086623996181419e-01 4.675847263849588487e+00 2.191639968208658473e+00 -1.338929347090556943e-01 -1.621509233505017855e+00 2.210513465593968885e+00 -8.590239630493935463e-01 1.862808918798143143e+00 1.656680047540665557e+00 2.330969006582201519e+00 6.253605317025794363e-01 -2.029235524156305814e+00 -1.352924286254337805e+00 -6.945528794993126587e-01 -4.362426065006564713e+00 -2.166851352291052635e+00 3.027468961081513754e+00 -7.707415339947949751e-02 -3.365855191527251655e-01 4.244375258160108189e+00 -4.696731457267485643e-01 1.255969359160667986e+00 -1.448051342710747535e+00 1.785823687584045860e+00 -9.151368636858767669e-01 -3.339474926386588882e-02 -8.291095179607257948e-02 -9.095978765134880017e-01 1.241233529602949609e-01 -1.171961785985729865e+00 -9.679162385455019058e-01 -2.268486137400586244e+00 -4.061411292610697998e+00 -1.250681516660101744e+00 -5.842806169358875090e-01 2.260929463865480660e+00 -2.877195503445090452e+00 2.785199207313506786e-01 1.363131015267866841e+00 -3.105801794639049707e+00 -9.944004163418880271e-01 -3.799076281333012339e+00 1.734885481712833966e-01 7.829488123657583065e-01 7.653626634283756669e-01 9.687453388791117392e-01 4.050635809455332748e+00 -1.357833646826317242e+00 1.194581050591197346e+00 1.353456513622623758e+00 -9.437986329261776053e-01 -2.667408839503482287e-01 1.143781845634687766e+00
7.851275733306269933e-01 3.664240797147634066e+00 -2.969703536527693588e-01 2.826206200331421448e-01 2.387327139136248000e-01 2.931454837057559271e+00 -1.675777725126003981e+00 1.696066178467630303e+00 -2.853536964462086267e+00 3.007387579859190474e+00 7.419730392272541053e-01 -6.826197721983459088e-01 2.359127381109596744e+00 -2.057310927739608886e+00 3.827517214256690004e+00 -2.458044079163426598e+00 -4.174052842922825191e-01 -1.002224985412153657e+00 8.404078663146925532e-01 -1.244574189542318132e+00 -7.054584611053286158e-01 3.481193655144981247e-01 9.080018492893822124e-01 1.430509463348091259e+00 -2.422787918468458646e+00 -1.708544838364588037e+00 1.101984529689316733e-01 9.136517412068512201e-01 3.719827898279134182e+00 -2.100868518418840480e+00 2.398495897756612649e+00 6.992019430983219541e-01 3.503963494404898515e+00 3.694833786413409538e+00 1.902001982525638457e+00 -8.115407956106969189e-01 2.904843327486678284e+00 -1.689766996072384009e+00 1.574454775231663550e+00 1.204860849083801533e+00 -2.157075733693122999e+00 -1.362775997321444166e+00 3.628344719904929239e+00 -1.510611829062306510e+00 6.244946159518292156e-02 1.131299043191026588e+00 -2.144638465899208590e+00 3.270210794692604006e-01 1.853115712247249469e+00 -2.581873667489104296e+00 3.361661531880804521e+00 -1.931662273156398990e-01 -2.118877659417765180e+00 -9.771639048558825591e-01 1.717799807632327536e-01 -1.962470085962913169e+00 6.218567971674251460e-01 1.681142805189900669e+00 1.337320195769149622e+00 -8.937760424811469484e-01 -2.697718891716635259e+00 1.226734933368850866e+00 1.023501121641229722e-01 -2.536647992817002706e+00 -2.291854505697473066e+00 1.514288464061765094e+00 2.622333600905196960e+00 2.157583496160929926e+00 -3.172545065680463239e+00 5.492245958999641964e-01 6.224015755502776415e-01 -1.853046964631060334e+00 7.439143266541418109e-01 -1.875608365522952736e+00 9.446890411112585095e-01 3.070740053653363000e-01 -4.668134904337991609e-01 -1.065120001277304773e+00 1.532749110108546864e+00 8.363392240440099545e-01 -7.794702407869968930e-01 -6.062981000878616689e-01 2.118264307286536585e+00 1.022353440457754781e+00 -6.265375311537189074e-01 -1.423658304219311388e+00 1.197593485156865478e+00 -1.169992793177199175e+00 3.703940640036961773e-01 -6.099735074190942852e-01 -5.439964540871184084e+00 -1.280053101406743110e+00 -2.278019734705491739e-01 -2.168857282937375897e-01 3.014445650991205650e+00 -2.050837525155150942e+00 2.554284059286527686e+00 4.520397582122620328e+00 2.230635403386259874e+00 -7.837378682995692625e-01
1.920331526681340106e+00 -1.917467354780420186e+00 -2.025197861839662106e-01 2.853354030391823670e+00 8.708822467787997734e-01 -4.025307127452653067e-01 -5.009091319325647440e+00 -1.456162628398474546e+00 8.978043398831328514e-02 2.882953066558394450e+00 -1.741877938740888254e+00 3.067638828914193150e-01 -7.599552116888546038e-01 -2.786143794551960262e+00 -9.999628673218163843e-01 1.525473316979810257e+00 -1.756948612155153411e+00 -2.316457715209942592e+00 1.305109961974771360e-01 -7.117209247175778630e-01 -1.595430793599420527e+00 -7.883151882119933118e-01 -1.780163804060614474e+00 2.530704722578307475e-01 7.894129531389008081e-01 -1.135729497552952383e+00 -2.286079893062682888e+00 -3.014184126083375492e+00 2.312823632601918700e+00 2.068883581109060010e+00 4.086455456609789372e-01 1.386340955507133099e+00 2.490073613291325927e-01 -2.644368885519474688e+00 -2.301724605077157371e+00 -1.466542858755119916e+00 3.664242847493149657e+00 3.747640711476510234e+00 1.858546869478420405e+00 1.809410368880871811e+00 5.851577891293220368e-01 -2.935901930952425354e-01 1.319074265213670660e+00 1.058031302743388302e+00 -1.247561554943053208e+00 -4.086924303278082204e-01 -2.925919618923214838e+00 1.245960630713636386e+00 -1.791001997176834060e+00 -9.056512342171216812e-01 -1.461244898234941081e+00 -1.301776602973925945e+00 -2.251389840322288727e+00 3.785836084193983986e+00 -2.404364127157173847e+00 -3.030914895159972033e+00 1.806767031603882190e+00 -1.277343399600020080e+00 -1.576328980475149466e+00 3.428787810359426591e-02 -1.262810128811647337e+00 -3.143315714533990946e+00 -1.451057963676618545e+00 5.239666098131754435e-01 1.026693688701909357e+00 1.615760904101122497e+00 -7.243534568690448427e-01 1.285658621947933566e+00 -4.772905775974281561e-02 -1.925771739736982513e-01 1.542802688674951073e+00 -8.045381667783624291e-01 4.432874741602078394e+00 -6.788329639333435805e-01 -3.023117584537587277e+00 4.555494599991317672e-01 -2.794075636654853145e+00 8.163074501120457516e-01 2.932251437365135160e+00 1.328125429589370743e+00 -2.607132527889037821e-01 -3.288399296927642990e+00 -1.595859203566439399e+00 -1.129725990282298920e+00 1.356830190756470822e+00 -2.714227354698486749e+00 -2.332597779530835691e+00 -1.031405308053067044e-01 1.027899852682216730e+00 1.911037532112437876e-01 3.837596983361318159e+00 -7.670629456217723519e-01 -3.984301483297046254e+00 2.001628717388274747e+00 5.618201859372611295e-01 2.376325118536153358e+00 -1.232338127741837486e+00 -2.079803065971582487e+00 1.917421275608523490e-01 7.260671137580448908e-01
3.016519551961631240e+00 3.831922395089251587e+00 1.624639915368534471e+00 7.021217032172916150e-01 1.301365024127600023e+00 5.705790674111402838e-01 5.353451877710082574e-01 1.117679314822718206e+00 3.881272676482141915e+00 -3.200836557215457345e-01 2.649583625613822213e-01 -3.387152261573586731e+00 2.103786866624401508e+00 -5.169337704340480899e-01 -2.917716489048962636e+00 -7.490975572452600595e-01 -2.759752966487764247e+00 6.616019807549041731e-01 -4.818730494325065145e-02 5.172906702914039645e-01 -1.149903600479387444e+00 -2.951929371264096158e+00 -2.787624792607525048e+00 8.882350314115519674e-02 1.948369912007347660e+00 -1.171010053674097717e+00 -5.327558551217222993e-01 1.540407582914738560e+00 2.544907661680915201e+00 -3.076691174347406799e-01 -6.894215202898741346e-01 1.670014029333197314e+00 1.795387638843955538e-02 6.873998991577272566e-01 -2.172524867573956797e+00 3.323582627732035721e+00 3.288226878954780830e+00 1.549332961046800961e+00 -4.582595365291868839e-01 -2.650724357784677299e-01 6.436835822964006582e-01 2.268108930493824449e+00 -7.441096104771288688e-01 6.967552476501907011e-01 -1.153117915995977016e+00 1.156692274831029987e+00 6.771731831236237342e-01 7.513604775225114496e-01 4.075170148359509525e+00 1.910090824914493002e+00 -1.166912084216282369e-01 -1.413192706043986613e+00 1.926537704109449800e+00 -7.486690078128881431e-01 1.623501270276027642e+00 1.443851788367388700e+00 2.031512428170681339e+00 5.450278782553253931e-01 -1.768552801281588982e+00 -1.179103932899474128e+00 -6.053262495212696770e-01 -3.802011407773033813e+00 -1.888480312041710629e+00 2.638544164132481384e+00 -6.717094494989228615e-02 -2.933558412832985574e-01 3.699126459774679354e+00 -4.093354538394041175e-01 1.094622229638070987e+00 -1.262024441028859023e+00 1.556433299945207960e+00 -7.975738861595783602e-01 -2.910432040869173967e-02 -7.226090349818001246e-02 -7.927468036415481478e-01 1.081786106535344433e-01 -1.021402047174260863e+00 -8.435692136392004548e-01 -1.977065835561661489e+00 -3.539663599156779750e+00 -1.090010441594792656e+00 -5.092224879266780135e-01 1.970476728096575147e+00 -2.507576628368749283e+00 2.427426466911679348e-01 1.188015145469808909e+00 -2.706815156521720667e+00 -8.666612703241454163e-01 -3.311032693765306956e+00 1.512017393912095942e-01 6.823689832918402587e-01 6.669833725161139482e-01 8.442957067525860282e-01 3.530273590522649663e+00 -1.183394708549483143e+00 1.041119156922198918e+00 1.179584416178634854e+00 -8.225539858078906308e-01 -2.324769439414798855e-01 9.968415419680326517e-01
6.842654750596325330e-01 3.193518978155288401e+00 -2.588206089039514213e-01 2.463142440317272197e-01 2.080652248424011974e-01 2.554863723701840783e+00 -1.460500581376163121e+00 1.478182594126936866e+00 -2.486960691685902614e+00 2.621045284351434024e+00 6.466551111298440846e-01 -5.949249609930141736e-01 2.056061897368902436e+00 -1.793016336555596002e+00 3.335819623460782424e+00 -2.142268388627615039e+00 -3.637790704486155713e-01 -8.734758886080814522e-01 7.324449002877780890e-01 -1.084700436241067711e+00 -6.148251362503097672e-01 3.034002430566016262e-01 7.913573699919689286e-01 1.246734646455046391e+00 -2.111544198779465198e+00 -1.489052780644786189e+00 9.603984458675175750e-02 7.962780023317345135e-01 3.241964915925591217e+00 -1.830980632087489957e+00 2.090371702069588000e+00 6.093607611275261293e-01 3.053824380359744239e+00 3.220179904513514213e+00 1.657657565938182032e+00 -7.072872134417461654e-01 2.531677546792911127e+00 -1.472692639196210962e+00 1.372182114656414154e+00 1.050100251541552510e+00 -1.879961648632398896e+00 -1.187707709863994099e+00 3.162228834440426795e+00 -1.316548829503555673e+00 5.441617650547312529e-02 9.859665968357299581e-01 -1.869124227529904037e+00 2.850091861107406088e-01 1.615058909765071826e+00 -2.250192247532369461e+00 2.929806294114570608e+00 -1.683440819378898001e-01 -1.846675405730056951e+00 -8.516329504701800612e-01 1.497128810303624269e-01 -1.710358937565392479e+00 5.419701301441477437e-01 1.465173864680620497e+00 1.165517730746377767e+00 -7.789548274897056812e-01 -2.351150311528171777e+00 1.069144119220641231e+00 8.920082780209549755e-02 -2.210778031751398753e+00 -1.997427117307595479e+00 1.319749668059138514e+00 2.285458735891829907e+00 1.880404104437357615e+00 -2.764981309862566849e+00 4.786654735676731387e-01 5.424568171179420251e-01 -1.614988537443719174e+00 6.483481840192855117e-01 -1.634652495036736264e+00 8.233268857641043992e-01 2.676275267536737390e-01 -4.068429515742968405e-01 -9.282879377782762287e-01 1.335846365253913870e+00 7.288958644730105796e-01 -6.793465598015921980e-01 -5.284091371819407135e-01 1.846142631114268795e+00 8.910136796926405589e-01 -5.460485768611350599e-01 -1.240771394368718639e+00 1.043743483669357763e+00 -1.019677271912273753e+00 3.228152898844445229e-01 -5.316126577704050060e-01 -4.741129500123085094e+00 -1.115598966244148560e+00 -1.985386520626790385e-01 -1.890223533650685350e-01 2.627193501030530953e+00 -1.787376220575457975e+00 2.226144312012397375e+00 3.939689246781206577e+00 1.944075465327855357e+00 -6.830536400131879127e-01
1.673636853356527121e+00 -1.671142464752294110e+00 -1.765013259899074760e-01 2.486795076721714182e+00 7.590076216206324000e-01 -3.508204069137053627e-01 -4.365603613179684039e+00 -1.269093590831475771e+00 7.824681675227704303e-02 2.512594680879340459e+00 -1.518105655149244892e+00 2.673543997322073706e-01 -6.623312627317564649e-01 -2.428221508698568343e+00 -8.715044825731240730e-01 1.329502260650728740e+00 -1.531241882864618153e+00 -2.018874687859459449e+00 1.137478119282240019e-01 -6.203050546131534393e-01 -1.390469182999351849e+00 -6.870488476158344016e-01 -1.551476567671840279e+00 2.205590668981427249e-01 6.879986145445569079e-01 -9.898234260030238651e-01 -1.992397243583795774e+00 -2.626966013696824476e+00 2.015709915444937383e+00 1.803099352363420227e+00 3.561487797520519472e-01 1.208274782724436447e+00 2.170177298393555776e-01 -2.304661193922966866e+00 -2.006032726538134359e+00 -1.278144465392809792e+00 3.193521197360042585e+00 3.266202552754335020e+00 1.619767041026633603e+00 1.576953425749505255e+00 5.099856715044159827e-01 -2.558740832226117923e-01 1.149617683083668851e+00 9.221062887333595359e-01 -1.087295865625204971e+00 -3.561903256289144504e-01 -2.550041542123419269e+00 1.085893061591422182e+00 -1.560922757757052359e+00 -7.893064669529227251e-01 -1.273525778654497120e+00 -1.134544169070665243e+00 -1.962167464629761549e+00 3.299491095421917652e+00 -2.095488501285767580e+00 -2.641546217477686032e+00 1.574653219169993568e+00 -1.113248547856143356e+00 -1.373826892743469585e+00 2.986221544631871214e-02 -1.100582279836743282e+00 -2.739512828453512405e+00 -1.264646561019152848e+00 4.566548918933827639e-01 8.947981884610892722e-01 1.408209598681490426e+00 -6.313018280574870245e-01 1.120494940939580797e+00 -4.159761688211636305e-02 -1.678417575458296118e-01 1.344574620420594391e+00 -7.011856105918210513e-01 3.863409195248250771e+00 -5.916266245392912682e-01 -2.634750680510777876e+00 3.970244454108787791e-01 -2.435132428524974912e+00 7.114320450567330756e-01 2.555561072368349063e+00 1.157505174597656783e+00 -2.272063623919252928e-01 -2.865951339501856321e+00 -1.390844704327653947e+00 -9.846020279310431222e-01 1.182518216902301411e+00 -2.365545129280255399e+00 -2.032935857544506675e+00 -8.989338891828778377e-02 8.958516240507778949e-01 1.665533560945038349e-01 3.344607140139667312e+00 -6.685030454820797274e-01 -3.472459069663815345e+00 1.744490938107690958e+00 4.896459935140002884e-01 2.071048907160378594e+00 -1.074025645027439246e+00 -1.812623317343089235e+00 1.671129595330794748e-01 6.327915919367232966e-01
1.764029437796264421e+00 2.240881755008878873e+00 9.500624755970552560e-01 4.105945110610400017e-01 7.610159064912299653e-01 3.336650523912678690e-01 3.130663628842112467e-01 6.535990820966978143e-01 2.269736843029916518e+00 -1.871821759786079231e-01 1.549434341703305740e-01 -1.980774159429682824e+00 1.230267225540480069e+00 -3.022937041452505857e-01 -1.706257455216182883e+00 -4.380524536636361543e-01 -1.613869434781738832e+00 3.868995296808620532e-01 -2.817232457529332545e-02 3.026186517330466952e-01 -6.724517879179126023e-01 -1.726250679750998884e+00 -1.630165269403578643e+00 5.193821056651278661e-02 1.139388589677797325e+00 -6.847751235381090984e-01 -3.115548903717302864e-01 9.008133539487045427e-01 1.488243937156337848e+00 -1.799194266342584170e-01 -4.031515087306283274e-01 9.765499117033491494e-01 1.049735479140600711e-02 4.019849648889666782e-01 -1.270474694592998333e+00 1.943599105392361581e+00 1.922932857573494747e+00 9.060368273664947125e-01 -2.679430276951925149e-01 -1.550220039800435379e-01 3.764161558571717525e-01 1.326360704080354891e+00 -4.351467366390013858e-01 4.074515034123544210e-01 -6.743535208325950325e-01 6.764133771202746059e-01 3.960106335153323331e-01 4.393932392338056325e-01 2.383127715873495589e+00 1.117000123653217436e+00 -6.823715072287772632e-02 -8.263989823920376843e-01 1.126613558795642289e+00 -4.378125264296220398e-01 9.494016940944868255e-01 8.443425020628961830e-01 1.187987199532632321e+00 3.187359152429778408e-01 -1.034237188104673466e+00 -6.894895361354279606e-01 -3.539862319203191943e-01 -2.223384791647796010e+00 -1.104348380422961684e+00 1.542989767813838231e+00 -3.927666722100417451e-02 -1.715730592234780694e-01 2.163219817622354046e+00 -2.393724156660441138e-01 6.401253618978568483e-01 -7.380115568369637336e-01 9.102419150443994411e-01 -4.664127284113332994e-01 -1.701906303085896216e-02 -4.225985253823673349e-02 -4.635906545171847859e-01 6.326337539613037519e-02 -5.972966769067812320e-01 -4.933019727792629094e-01 -1.156168348694777137e+00 -2.069960198087017478e+00 -6.374212225824305023e-01 -2.977910733468070448e-01 1.152307993954430954e+00 -1.466403691230332873e+00 1.419594598371823058e-01 6.947355956962231183e-01 -1.582916539725633731e+00 -5.068285601469717516e-01 -1.936266525241559400e+00 8.842201934915580597e-02 3.990457297858687191e-01 3.899178536172784870e-01 4.937354923129620987e-01 2.064471694944298719e+00 -6.920256247246256986e-01 6.088350940221379792e-01 6.898074802270378614e-01 -4.810216286765693350e-01 -1.359565006188187264e-01 5.829324026260798153e-01
4.001495000854756179e-01 1.867546064157281638e+00 -1.513567085656835343e-01 1.440429670455240507e-01 1.216771942565284120e-01 1.494052641845435181e+00 -8.540885335042667226e-01 8.644285952218704328e-01 -1.454355066861976242e+00 1.532762717623356030e+00 3.781560854266324823e-01 -3.479010757858466696e-01 1.202362266668878910e+00 -1.048531726630925309e+00 1.950760899181785746e+00 -1.252768501472154128e+00 -2.127246193409537689e-01 -5.108030754981918165e-01 4.283258945205040691e-01 -6.343443408502714709e-01 -3.595283884082834391e-01 1.774296841485364096e-01 4.627815961372616638e-01 7.290670659539063569e-01 -1.234807525401384387e+00 -8.707733563292420209e-01 5.615869337201439410e-02 4.656514690177549487e-01 1.895876352831485923e+00 -1.070738014512047975e+00 1.222423522172423116e+00 3.563070700203971319e-01 1.785837914703231277e+00 1.883132785202699777e+00 9.693718552658860954e-01 -4.136161202488061184e-01 1.480508474113319650e+00 -8.612181355977450714e-01 8.024142438167123359e-01 6.141358032279879975e-01 -1.099369271396029024e+00 -6.945601998228723151e-01 1.849235802324810551e+00 -7.698984608212492420e-01 3.179817124069638651e-02 5.765823073123401699e-01 -1.093036316896309978e+00 1.666677657677722579e-01 9.444771570736633093e-01 -1.315885733388492351e+00 1.713320272966748714e+00 -9.843012806928429226e-02 -1.079914318379067373e+00 -4.980266079693262404e-01 8.755183555746283430e-02 -1.000193941012472054e+00 3.169386185914478959e-01 8.568157034550323292e-01 6.815740576229954995e-01 -4.555192663269045372e-01 -1.374913571051233241e+00 6.252276281933609736e-01 5.216172580900985817e-02 -1.292840156077514902e+00 -1.168064139607875473e+00 7.717625434455864797e-01 1.336518616483437727e+00 1.099627843245223779e+00 -1.616924933367337669e+00 2.799117395239199557e-01 3.172496899350185640e-01 -9.444127654822195295e-01 3.791487827385013887e-01 -9.559140505888357175e-01 4.814666739425390585e-01 1.565096365866805173e-01 -2.379143549467202245e-01 -5.428495472192232940e-01 7.811926075587143359e-01 4.262436291741787397e-01 -3.972988662804283200e-01 -3.090059768939537599e-01 1.079606720731786318e+00 5.210481796417415490e-01 -3.193214790339996556e-01 -7.255970967276051953e-01 6.103672925783066860e-01 -5.962686434832737969e-01 1.887875437713612548e-01 -3.108799709664514244e-01 -2.772583295328425290e+00 -6.523632112270469907e-01 -1.161060466675711972e-01 -1.105356647872396403e-01 1.536351150986938752e+00 -1.045237183748439547e+00 1.301816924705323286e+00 2.303897592524533522e+00 1.136871203171277545e+00 -3.994393688783974827e-01
9.787262548658269834e-01 -9.772716469917333004e-01 -1.032121570714681774e-01 1.454244479311169291e+00 4.438666691665469899e-01 -2.051577482644394157e-01 -2.552969179648166609e+00 -7.421452528640495316e-01 4.575794727119734256e-02 1.469338493063067963e+00 -8.877674082632078800e-01 1.563435928074101422e-01 -3.873323494161235447e-01 -1.419996859387714139e+00 -5.096504607775182993e-01 7.774759853961717981e-01 -8.954529059664195767e-01 -1.180617585673419567e+00 6.652495538955684184e-02 -3.627818453977315061e-01 -8.131210739399769016e-01 -4.017888642103108476e-01 -9.072900030245105718e-01 1.289789762617718771e-01 4.023287791893097598e-01 -5.788278108129907285e-01 -1.165129176483667761e+00 -1.536219098517260129e+00 1.178772323048068005e+00 1.054421593690975989e+00 2.082716822780598109e-01 7.066529727842123521e-01 1.269076105033151991e-01 -1.347743419039549639e+00 -1.173104322917881470e+00 -7.474473081458045121e-01 1.867548322579582143e+00 1.910045363104404315e+00 9.471741511452036466e-01 9.221607038601830064e-01 2.982344797057185359e-01 -1.496322845201677187e-01 6.722801480603070035e-01 5.392265847074277918e-01 -6.358439443461988416e-01 -2.082974988605202915e-01 -1.491237026597704629e+00 6.350068358424709736e-01 -9.128147552871475057e-01 -4.615772277355792430e-01 -7.447433973487120884e-01 -6.634697741022744788e-01 -1.147459610952423992e+00 1.929512004841010597e+00 -1.225421175797766882e+00 -1.544742671574877102e+00 9.208234705988934676e-01 -6.510135946356677694e-01 -8.034013080147812680e-01 1.741670260403676423e-02 -6.436064674913334338e-01 -1.602044400998051898e+00 -7.395488209913592126e-01 2.670460514430862964e-01 5.232653877653188346e-01 8.235444185174410903e-01 -3.691838739905304867e-01 6.552498417066393577e-01 -2.432599593516885164e-02 -9.816095012373765583e-02 7.862216393685649285e-01 -4.100511553512438678e-01 2.259287995868024534e+00 -3.459766881622070578e-01 -1.540768920582790580e+00 2.321692442932472844e-01 -1.424033938563094459e+00 4.160189160168162870e-01 1.494467296773417386e+00 6.768906334040789563e-01 -1.328358807419230958e-01 -1.675968915045108254e+00 -8.133454465732540273e-01 -5.757985499417913600e-01 6.915087404678640359e-01 -1.383347315753673090e+00 -1.188828266746623452e+00 -5.257491479123726358e-02 5.238863629080489082e-01 9.739803139744898641e-02 1.955905621971271158e+00 -3.908906944368104042e-01 -2.030658315146683712e+00 1.020162593783588534e+00 2.863397454351937488e-01 1.211123350911609498e+00 -6.280781707730039853e-01 -1.060007221501356955e+00 9.773247770687269742e-02 3.700467421476937857e-01
