# 
#                 ----------------------------------------------------
#                 Data from a 3D direct N-body simulation. 
# 
#                 rows are i-particle; 
#                 coumns are :mass, tag, x ,y, z, vx, vy, vz, ax, ay, az
# 
#                 NTHU, Computational Physics Lab
# 
#                 ----------------------------------------------------
#                 Time = 1.6000000000000012
1.000000000000000000e+00 2.000000000000000000e+00 3.000000000000000000e+00 4.000000000000000000e+00 5.000000000000000000e+00 6.000000000000000000e+00 7.000000000000000000e+00 8.000000000000000000e+00 9.000000000000000000e+00 1.000000000000000000e+01 1.100000000000000000e+01 1.200000000000000000e+01 1.300000000000000000e+01 1.400000000000000000e+01 1.500000000000000000e+01 1.600000000000000000e+01 1.700000000000000000e+01 1.800000000000000000e+01 1.900000000000000000e+01 2.000000000000000000e+01 2.100000000000000000e+01 2.200000000000000000e+01 2.300000000000000000e+01 2.400000000000000000e+01 2.500000000000000000e+01 2.600000000000000000e+01 2.700000000000000000e+01 2.800000000000000000e+01 2.900000000000000000e+01 3.000000000000000000e+01 3.100000000000000000e+01 3.200000000000000000e+01 3.300000000000000000e+01 3.400000000000000000e+01 3.500000000000000000e+01 3.600000000000000000e+01 3.700000000000000000e+01 3.800000000000000000e+01 3.900000000000000000e+01 4.000000000000000000e+01 4.100000000000000000e+01 4.200000000000000000e+01 4.300000000000000000e+01 4.400000000000000000e+01 4.500000000000000000e+01 4.600000000000000000e+01 4.700000000000000000e+01 4.800000000000000000e+01 4.900000000000000000e+01 5.000000000000000000e+01 5.100000000000000000e+01 5.200000000000000000e+01 5.300000000000000000e+01 5.400000000000000000e+01 5.500000000000000000e+01 5.600000000000000000e+01 5.700000000000000000e+01 5.800000000000000000e+01 5.900000000000000000e+01 6.000000000000000000e+01 6.100000000000000000e+01 6.200000000000000000e+01 6.300000000000000000e+01 6.400000000000000000e+01 6.500000000000000000e+01 6.600000000000000000e+01 6.700000000000000000e+01 6.800000000000000000e+01 6.900000000000000000e+01 7.000000000000000000e+01 7.100000000000000000e+01 7.200000000000000000e+01 7.300000000000000000e+01 7.400000000000000000e+01 7.500000000000000000e+01 7.600000000000000000e+01 7.700000000000000000e+01 7.800000000000000000e+01 7.900000000000000000e+01 8.000000000000000000e+01 8.100000000000000000e+01 8.200000000000000000e+01 8.300000000000000000e+01 8.400000000000000000e+01 8.500000000000000000e+01 8.600000000000000000e+01 8.700000000000000000e+01 8.800000000000000000e+01 8.900000000000000000e+01 9.000000000000000000e+01 9.100000000000000000e+01 9.200000000000000000e+01 9.300000000000000000e+01 9.400000000000000000e+01 9.500000000000000000e+01 9.600000000000000000e+01 9.700000000000000000e+01 9.800000000000000000e+01 9.900000000000000000e+01 1.000000000000000000e+02
2.000000000000000111e-01 2.000000000000000111e-01 2.000000000000000111e-01 2.000000000000000111e-01 2.000000000000000111e-01 2.000000000000000111e-01 2.000000000000000111e-01 2.000000000000000111e-01 2.000000000000000111e-01 2.000000000000000111e-01 2.000000000000000111e-01 2.000000000000000111e-01 2.000000000000000111e-01 2.000000000000000111e-01 2.000000000000000111e-01 2.000000000000000111e-01 2.000000000000000111e-01 2.000000000000000111e-01 2.000000000000000111e-01 2.000000000000000111e-01 2.000000000000000111e-01 2.000000000000000111e-01 2.000000000000000111e-01 2.000000000000000111e-01 2.000000000000000111e-01 2.000000000000000111e-01 2.000000000000000111e-01 2.000000000000000111e-01 2.000000000000000111e-01 2.000000000000000111e-01 2.000000000000000111e-01 2.000000000000000111e-01 2.000000000000000111e-01 2.000000000000000111e-01 2.000000000000000111e-01 2.000000000000000111e-01 2.000000000000000111e-01 2.000000000000000111e-01 2.000000000000000111e-01 2.000000000000000111e-01 2.000000000000000111e-01 2.000000000000000111e-01 2.000000000000000111e-01 2.000000000000000111e-01 2.000000000000000111e-01 2.000000000000000111e-01 2.000000000000000111e-01 2.000000000000000111e-01 2.000000000000000111e-01 2.000000000000000111e-01 2.000000000000000111e-01 2.000000000000000111e-01 2.000000000000000111e-01 2.000000000000000111e-01 2.000000000000000111e-01 2.000000000000000111e-01 2.000000000000000111e-01 2.000000000000000111e-01 2.000000000000000111e-01 2.000000000000000111e-01 2.000000000000000111e-01 2.000000000000000111e-01 2.000000000000000111e-01 2.000000000000000111e-01 2.000000000000000111e-01 2.000000000000000111e-01 2.000000000000000111e-01 2.000000000000000111e-01 2.000000000000000111e-01 2.000000000000000111e-01 2.000000000000000111e-01 2.000000000000000111e-01 2.000000000000000111e-01 2.000000000000000111e-01 2.000000000000000111e-01 2.000000000000000111e-01 2.000000000000000111e-01 2.000000000000000111e-01 2.000000000000000111e-01 2.000000000000000111e-01 2.000000000000000111e-01 2.000000000000000111e-01 2.000000000000000111e-01 2.000000000000000111e-01 2.000000000000000111e-01 2.000000000000000111e-01 2.000000000000000111e-01 2.000000000000000111e-01 2.000000000000000111e-01 2.000000000000000111e-01 2.000000000000000111e-01 2.000000000000000111e-01 2.000000000000000111e-01 2.000000000000000111e-01 2.000000000000000111e-01 2.000000000000000111e-01 2.000000000000000111e-01 2.000000000000000111e-01 2.000000000000000111e-01 2.000000000000000111e-01
6.890454464552120406e+00 8.753029789603672839e+00 3.711067721703871669e+00 1.603814410738541252e+00 2.972630260857394902e+00 1.303339617625514979e+00 1.222856798566640091e+00 2.553048003610757455e+00 8.865757816627699128e+00 -7.311478549876342381e-01 6.052285237558373554e-01 -7.737068424151677171e+00 4.805554181930579816e+00 -1.180800891559071752e+00 -6.664764335573101661e+00 -1.711118952034545115e+00 -6.303938151264618206e+00 1.511257625067351951e+00 -1.100715949831166107e-01 1.181612531747413097e+00 -2.626655739191036343e+00 -6.742915221160682648e+00 -6.367604196254675664e+00 2.028943498432381753e-01 4.450544322035267619e+00 -2.674868567614931969e+00 -1.216942053539712854e+00 3.518660571521071034e+00 5.813179479651911841e+00 -7.027901625667449803e-01 -1.574804660700869441e+00 3.814714549852356473e+00 4.101102225902780035e-02 1.570186290230177084e+00 -4.962567942280761812e+00 7.591860133138501610e+00 7.511098816490495267e+00 3.539048148138459915e+00 -1.046776090365051592e+00 -6.054887163423274821e-01 1.470327859956392258e+00 5.180905216375085942e+00 -1.699724925864793068e+00 1.591556291416712510e+00 -2.633997303750255536e+00 2.642162968411318591e+00 1.546825819762471133e+00 1.716287445044673454e+00 9.308666115146836617e+00 4.363105806362857386e+00 -2.665508053194947657e-01 -3.228071919771227094e+00 4.400674570222309789e+00 -1.710139699405491376e+00 3.708466619723117752e+00 3.298104161453126348e+00 4.640462492360311053e+00 1.244974155878830091e+00 -4.039798772790896386e+00 -2.693357528886653363e+00 -1.382710474619866181e+00 -8.684706088612678343e+00 -4.313742662872325440e+00 6.027068098853994194e+00 -1.534346909100920142e-01 -6.700944468065848092e-01 8.449692145694459811e+00 -9.350204832886869211e-01 2.500379773476733014e+00 -2.882766877583772036e+00 3.555265369934782260e+00 -1.821850140585586031e+00 -6.648127840684341094e-02 -1.650611647331800547e-01 -1.810823900769552131e+00 2.471058510831970201e-01 -2.333127637545100885e+00 -1.926914772367001927e+00 -4.516092739164890624e+00 -8.085440946138323426e+00 -2.489845577186200032e+00 -1.163186252330382642e+00 4.501041865032538780e+00 -5.727906745615954698e+00 5.544822557893316350e-01 2.713711762582142306e+00 -6.183015343624605364e+00 -1.979661848528416535e+00 -7.563192864539608706e+00 3.453810274777049938e-01 1.558694381532369722e+00 1.523554018434985169e+00 1.928573978276441281e+00 8.063991827708852256e+00 -2.703157832302448771e+00 2.378165988857985802e+00 2.694453886883694249e+00 -1.878910655648232453e+00 -5.310329180830946072e-01 2.277025600185391685e+00
1.563026593297883515e+00 7.294763329361638959e+00 -5.912083391426444789e-01 5.626408056513665379e-01 4.752708086304288093e-01 5.835921947829783463e+00 -3.336133679005933939e+00 3.376523645406240615e+00 -5.680814762783451322e+00 5.987096262448501349e+00 1.477115473990348926e+00 -1.358951518986237117e+00 4.696538768675368125e+00 -4.095679725999724852e+00 7.619812183702984854e+00 -4.893455286230254941e+00 -8.309589938639379003e-01 -1.995228409064282671e+00 1.673079911129475628e+00 -2.477715364269807097e+00 -1.404408618117787722e+00 6.930388155130366989e-01 1.807649989958177716e+00 2.847841419366728299e+00 -4.823273665039737423e+00 -3.401354145629437831e+00 2.193781913248216142e-01 1.818890140503264696e+00 7.405425488435620096e+00 -4.182399120831807871e+00 4.774910683816289136e+00 1.391927478904421145e+00 6.975667868666073801e+00 7.355663420974142497e+00 3.786487925846853564e+00 -1.615613647529479113e+00 5.782958678649193551e+00 -3.363983270552372229e+00 3.134393955902330831e+00 2.398679411918697824e+00 -4.294283911382903440e+00 -2.713009364897954967e+00 7.223289522054489709e+00 -3.007313612349207688e+00 1.243003660439620378e-01 2.252184312434492242e+00 -4.269528491618639343e+00 6.510294537961512917e-01 3.689181842106396658e+00 -5.139979132470562817e+00 6.692380581771969261e+00 -3.845387791989773318e-01 -4.218249808605084361e+00 -1.945333991554869524e+00 3.419801022099375754e-01 -3.906870411885925876e+00 1.237989819111507295e+00 3.346808763112229190e+00 2.662322438745517328e+00 -1.779319907588492011e+00 -5.370591941154953197e+00 2.442181604387378524e+00 2.037561580124758465e-01 -5.049947495458303237e+00 -4.562603154480529888e+00 3.014625340387429464e+00 5.220535951870149738e+00 4.295294591748177737e+00 -6.315881005761987410e+00 1.093387017348845358e+00 1.239100703329064190e+00 -3.689021840899530336e+00 1.480982774946190350e+00 -3.733938974190975202e+00 1.880676367429462870e+00 6.113253654118746550e-01 -9.293270251815556326e-01 -2.120432507617763918e+00 3.051393520528068670e+00 1.664973279987146837e+00 -1.551789785101939767e+00 -1.207013331344175100e+00 4.217032696331277641e+00 2.035289279071238688e+00 -1.247306039718795168e+00 -2.834219366886626457e+00 2.384160660245743912e+00 -2.329188456926200246e+00 7.373873086419585610e-01 -1.214330921547759345e+00 -1.082987676701666757e+01 -2.548296582321647019e+00 -4.535098336682863440e-01 -4.317724957855720302e-01 6.001140488684286289e+00 -4.082796227682849555e+00 5.085048064336914031e+00 8.999195301236335709e+00 4.440734969326157078e+00 -1.560258518377914516e+00
3.822988135431617529e+00 -3.817290222098959074e+00 -4.031715079005680491e-01 5.680436899762169034e+00 1.733755310390830973e+00 -8.013579365814980093e-01 -9.972085870592492185e+00 -2.898914520378942594e+00 1.787345040580525790e-01 5.739369171894900923e+00 -3.467717745958579290e+00 6.107016803281504203e-01 -1.512923276367226233e+00 -5.546640635998433488e+00 -1.990725236648348773e+00 3.036902277259523775e+00 -3.497723927424343682e+00 -4.611594194649181411e+00 2.598270906559716487e-01 -1.416924539437761421e+00 -3.176165604774492390e+00 -1.569384109212337064e+00 -3.543944672658348782e+00 5.038098855107825402e-01 1.571554102387054730e+00 -2.260994553715188093e+00 -4.551113508772946403e+00 -6.000620821616889700e+00 4.604364919417830215e+00 4.118711964503261491e+00 8.135292840899974731e-01 2.759987445695915476e+00 4.957206357984434431e-01 -5.264399121250052715e+00 -4.582260183094342132e+00 -2.919588594415409855e+00 7.294768367709735912e+00 7.460790224424636463e+00 3.699938138184957204e+00 3.602140821602683562e+00 1.164929639731621336e+00 -5.844778100382456154e-01 2.626002777411107658e+00 2.106312394613160333e+00 -2.483644505854760709e+00 -8.136241362557875556e-01 -5.824906788373678701e+00 2.480440702107703288e+00 -3.565522014006897944e+00 -1.802965396156537281e+00 -2.909038500431197161e+00 -2.591571110937455291e+00 -4.482061167170213523e+00 7.536829248354687927e+00 -4.786598507742378494e+00 -6.033925594492862032e+00 3.596886346677308222e+00 -2.542926890152988229e+00 -3.138150220361608511e+00 6.821394446205969464e-02 -2.513994095300949194e+00 -6.257704459994084090e+00 -2.888756304086430138e+00 1.043109378925925368e+00 2.043933874845983212e+00 3.216687416127829824e+00 -1.442044691310736981e+00 2.559479434767284012e+00 -9.501893371623203188e-02 -3.833905640969492157e-01 3.071333313935322273e+00 -1.601676020846704240e+00 8.824953418490188994e+00 -1.351417184372617264e+00 -6.018402951153422720e+00 9.068993084841320274e-01 -5.562426975141465668e+00 1.625082113545543328e+00 5.837514639393147853e+00 2.644019765673586875e+00 -5.189948670868465008e-01 -6.546520852982297356e+00 -3.177023232529816887e+00 -2.249066852991276733e+00 2.701155853955419239e+00 -5.403472651599499521e+00 -4.643713669308205283e+00 -2.053378711008101154e-01 2.046340016310521648e+00 3.804478504056360566e-01 7.639884791634564465e+00 -1.527022700602433947e+00 -7.931929719577826887e+00 3.984835814809098764e+00 1.118468944189256797e+00 4.730772796830915006e+00 -2.453332313117765118e+00 -4.140466468475247908e+00 3.817258882108257034e-01 1.445447937141743466e+00
4.604141980233322329e+00 5.848713943526600012e+00 2.479691539195857608e+00 1.071656054886572340e+00 1.986275467422522700e+00 8.708759683847098199e-01 8.171046767710052894e-01 1.705915024867009855e+00 5.924032679479921626e+00 -4.885473170046243929e-01 4.044067449151387272e-01 -5.169845045752026635e+00 3.211023206682941833e+00 -7.889964985811496190e-01 -4.453345938508023849e+00 -1.143340887603871314e+00 -4.212230415061577027e+00 1.009811030911525798e+00 -7.354063880637576323e-02 7.896736632194151229e-01 -1.755108673075080450e+00 -4.505549317293028544e+00 -4.254767664029311725e+00 1.355666170309094976e-01 2.973817496404385974e+00 -1.787301457429468998e+00 -8.131556751833890484e-01 2.351137270657704281e+00 3.884325739772390484e+00 -4.695956415538818929e-01 -1.052253362219678579e+00 2.548893080873768202e+00 2.740102253978655630e-02 1.049185586900715395e+00 -3.315950264115719026e+00 5.072817903835220577e+00 5.018864823505599482e+00 2.364764715861431554e+00 -6.993975371628929905e-01 -4.045943570520315613e-01 9.824564585182730125e-01 3.461829092987433132e+00 -1.135740463937455758e+00 1.063459766809984330e+00 -1.760039792852605700e+00 1.765460779170635597e+00 1.033583449496328965e+00 1.146814666361571255e+00 6.219982065062584553e+00 2.915388067358944735e+00 -1.781038534377103189e-01 -2.156944764679285420e+00 2.940485937850557008e+00 -1.142698947264595200e+00 2.477959402809100098e+00 2.203756406001625034e+00 3.100693346220293023e+00 8.318916691869254754e-01 -2.699365267454463257e+00 -1.799633816170801204e+00 -9.239124953671128404e-01 -5.803054461649906237e+00 -2.882387648859102924e+00 4.027230548515228215e+00 -1.025188537343774547e-01 -4.477763491565122655e-01 5.646021432650516481e+00 -6.247694277966951981e-01 1.670733961355305386e+00 -1.926231407523853800e+00 2.375662258793390880e+00 -1.217344212534233305e+00 -4.442123739502321089e-02 -1.102952502879460533e-01 -1.209977448496339480e+00 1.651158934981979409e-01 -1.558965614285415135e+00 -1.287537810428309726e+00 -3.017614849948472067e+00 -5.402623370695629035e+00 -1.663686740198149439e+00 -7.772344886849374967e-01 3.007549739181017756e+00 -3.827336288153884603e+00 3.705072782150501398e-01 1.813274777141499428e+00 -4.131436163014635454e+00 -1.322809145121828234e+00 -5.053670210024743703e+00 2.307815448366769828e-01 1.041510030800346653e+00 1.017878137736994981e+00 1.288656534379803764e+00 5.388294359372022058e+00 -1.806213471406399318e+00 1.589069190279838395e+00 1.800409252176599084e+00 -1.255472477290381361e+00 -3.548390024839634949e-01 1.521476927837592585e+00
1.044398657006142983e+00 4.874308319291068337e+00 -3.950415579565163537e-01 3.759528071650138359e-01 3.175750865219050256e-01 3.899506410360964459e+00 -2.229178982662132213e+00 2.256166980585755155e+00 -3.795878369232353666e+00 4.000528802402277151e+00 9.869944461532346169e-01 -9.080339638293968285e-01 3.138184816860452919e+00 -2.736691121127748705e+00 5.091501860014875369e+00 -3.269755272928268841e+00 -5.552284482371427909e-01 -1.333198290808935038e+00 1.117937145048355951e+00 -1.655614324659520742e+00 -9.383962881393167477e-01 4.630875875690492194e-01 1.207860690019222361e+00 1.902890834845518686e+00 -3.222867724726723448e+00 -2.272744578931598536e+00 1.465814884681967967e-01 1.215362377244725289e+00 4.948251357655563787e+00 -2.794642252885190192e+00 3.190549047436062935e+00 9.300265638297373627e-01 4.661072721349677650e+00 4.914996232246325647e+00 2.530087824534858143e+00 -1.079541214001451310e+00 3.864134052328879410e+00 -2.247787621385830548e+00 2.094347444818045023e+00 1.602832503681788534e+00 -2.869388398586330435e+00 -1.812810530270214215e+00 4.826536100147468034e+00 -2.009454318228714342e+00 8.302877753085381729e-02 1.504889163255913820e+00 -2.852852441490143054e+00 4.350091583166816878e-01 2.465087937664387052e+00 -3.434485560346290711e+00 4.471790555642397358e+00 -2.569272178062818046e-01 -2.818595241363427206e+00 -1.299855860691869980e+00 2.285096386052026252e-01 -2.610529684792195937e+00 8.272141783030964035e-01 2.236305351875092384e+00 1.778930751165455071e+00 -1.188919814826948640e+00 -3.588565830295128212e+00 1.631848306128557802e+00 1.361457854342384421e-01 -3.374331198771231222e+00 -3.048679632415357776e+00 2.014330981860089853e+00 3.488323834339319252e+00 2.870063527178717599e+00 -4.220208228305998510e+00 7.305837567134817467e-01 8.279871545072798877e-01 -2.464954081990300860e+00 9.895815644216197082e-01 -2.494969647397381252e+00 1.256644265551062567e+00 4.084867502683762197e-01 -6.209645621115036374e-01 -1.416850413143690757e+00 2.038918736975629198e+00 1.112512449584764695e+00 -1.036920348428013838e+00 -8.065132753260698673e-01 2.817786572954245283e+00 1.359954077778222192e+00 -8.334366766478983335e-01 -1.893808732026996733e+00 1.593071901517232547e+00 -1.556310989824795321e+00 4.927256680648575693e-01 -8.114035310963108039e-01 -7.236452786806468751e+00 -1.702717770847713030e+00 -3.030344681429928411e-01 -2.885035655540675315e-01 4.009904939469172369e+00 -2.728086813919527120e+00 3.397774342923967961e+00 6.013193689315946777e+00 2.967255970541904819e+00 -1.042547357552911169e+00
2.554488401055020397e+00 -2.550685840838696983e+00 -2.693910790844121772e-01 3.795609956288064524e+00 1.158488234556438679e+00 -5.354622888671818348e-01 -6.663272212404940831e+00 -1.937020809773527308e+00 1.194288681356606985e-01 3.834995725926586996e+00 -2.317093067717098887e+00 4.080626791034735468e-01 -1.010931359320009104e+00 -3.706214941283725750e+00 -1.330189591843302654e+00 2.029228097182697255e+00 -2.337147074657868195e+00 -3.081427924239307004e+00 1.736216449482897717e-01 -9.468159869166881126e-01 -2.122273675071966625e+00 -1.048660232679984983e+00 -2.368036086812745467e+00 3.366394470937928984e-01 1.050092232956107097e+00 -1.510764575993623238e+00 -3.041009835036759590e+00 -4.009558838459970964e+00 3.076603719832446959e+00 2.752073438330457922e+00 5.435927085981585583e-01 1.844276684845960856e+00 3.312337837637653881e-01 -3.517627494914545849e+00 -3.061823230368536652e+00 -1.950845711056085729e+00 4.874312799710292410e+00 4.985239902758110020e+00 2.472209950186812222e+00 2.406889895989259731e+00 7.783960478264466687e-01 -3.905427389167892560e-01 1.754667223467606618e+00 1.407406202458975963e+00 -1.659555037986691239e+00 -5.436578516250328841e-01 -3.892151215984634316e+00 1.657394847348930611e+00 -2.382454711707871375e+00 -1.204724662614341524e+00 -1.943792808612647249e+00 -1.731665454552781203e+00 -2.994879509985951316e+00 5.036048341549921759e+00 -3.198365014053194066e+00 -4.031809576526475425e+00 2.403388066645226750e+00 -1.699158653695495236e+00 -2.096886586975543754e+00 4.552614850025671345e-02 -1.679825982200564782e+00 -4.181350436940860504e+00 -1.930237983789846234e+00 6.969954831892990477e-01 1.365735036861440488e+00 2.149406741764974260e+00 -9.635676760522082773e-01 1.710217333752420688e+00 -6.349099040364872271e-02 -2.561884870452897367e-01 2.052155163856963060e+00 -1.070231910821096477e+00 5.896764672528958862e+00 -9.030047410073088754e-01 -4.021437722916108015e+00 6.059746720606724590e-01 -3.716758186648650764e+00 1.085843543971613423e+00 3.900578578388545825e+00 1.766703655650692539e+00 -3.467507077689678807e-01 -4.374317170243513075e+00 -2.122852267103632951e+00 -1.502822601229212962e+00 1.804870756841382429e+00 -3.610554760504233407e+00 -3.102875796326905355e+00 -1.372121642975702716e-01 1.367348524032321100e+00 2.542112055707062002e-01 5.104921013263989948e+00 -1.020293494076536689e+00 -5.300046911761763013e+00 2.662635476808773216e+00 7.473510645567029709e-01 3.161056029304500470e+00 -1.639294332420650147e+00 -2.766628290170063842e+00 2.550735229836601503e-01 9.658320368047506044e-01
1.764022083354033432e+00 2.240878081051404624e+00 9.500541471256698234e-01 4.105932298592817609e-01 7.610089015000218726e-01 3.336620746465310261e-01 3.130659331028268211e-01 6.535928163484591158e-01 2.269731134699876751e+00 -1.871816385651172421e-01 1.549421527626711481e-01 -1.980766997522416695e+00 1.230259695289126709e+00 -3.022907998343590252e-01 -1.706253366726830922e+00 -4.380454388962538026e-01 -1.613860313084223064e+00 3.868985772266097523e-01 -2.816914404729595200e-02 3.026660796137708442e-01 -6.724490085631061875e-01 -1.726240431078108317e+00 -1.630154649344798923e+00 5.193590308641032882e-02 1.139384707285421072e+00 -6.847638948773909773e-01 -3.115556478212718194e-01 9.008091377942558653e-01 1.488241286519884410e+00 -1.799176903965994112e-01 -4.031433398259767764e-01 9.765211993142539626e-01 1.049649889846126193e-02 4.019835527738773728e-01 -1.270471386905030808e+00 1.943592016849952753e+00 1.922929914049895439e+00 9.060343133595919474e-01 -2.679236267531611149e-01 -1.550258351795853473e-01 3.764131457759860022e-01 1.326352616254240502e+00 -4.351445487739217799e-01 4.074481860802540711e-01 -6.743602290870122085e-01 6.764069825971776861e-01 3.960118929135021393e-01 4.393937340830749161e-01 2.383122239345003557e+00 1.116994934261196670e+00 -6.823572055651924706e-02 -8.263862734271363308e-01 1.126606379017729420e+00 -4.378101127799127190e-01 9.493955580975419473e-01 8.443359281383514547e-01 1.187973521333013593e+00 3.187385693487882476e-01 -1.034235373611643416e+00 -6.894701814943245965e-01 -3.539837666336001498e-01 -2.223378897224995487e+00 -1.104337155177863350e+00 1.542981796684857576e+00 -3.927469243594481491e-02 -1.715816611132744418e-01 2.163214638835399217e+00 -2.393702447477853990e-01 6.401233830026845650e-01 -7.380053439519287384e-01 9.102622458840080588e-01 -4.664106859616151679e-01 -1.701862936796243522e-02 -4.226071991773416164e-02 -4.635889465540987686e-01 6.326381853400506183e-02 -5.972904505078311388e-01 -4.932962228729148024e-01 -1.156163827514952169e+00 -2.069952226770410686e+00 -6.374161549676111704e-01 -2.977911362342119950e-01 1.152300426536457367e+00 -1.466397066556400564e+00 1.419614815877814629e-01 6.947312463319887943e-01 -1.582909522607054420e+00 -5.068324872094931433e-01 -1.936262262759095520e+00 8.842199770461885155e-02 3.990455320778875103e-01 3.898612064355231333e-01 4.937334745911789446e-01 2.064464899706761170e+00 -6.920178476038744142e-01 6.088322879738539140e-01 6.898040502216541414e-01 -4.810198662375564926e-01 -1.359586858518022634e-01 5.829255713738901168e-01
4.001470252954430484e-01 1.867542235474396684e+00 -1.513565481997869999e-01 1.440427731207001016e-01 1.216778940613592597e-01 1.494044156387843270e+00 -8.540862201878337556e-01 8.644261546324640832e-01 -1.454351661415310470e+00 1.532757421569700185e+00 3.781540199444882733e-01 -3.478975206625189998e-01 1.202356622034410183e+00 -1.048524908245125342e+00 1.950756245464906335e+00 -1.252759878476894295e+00 -2.127195913303349672e-01 -5.108024139295702648e-01 4.283239765850813674e-01 -6.343515480600192546e-01 -3.595204334172796279e-01 1.774308215521487597e-01 4.627813854688541118e-01 7.290595210703157969e-01 -1.234801652131311656e+00 -8.707657185355691665e-01 5.615655860123896365e-02 4.656479467474839984e-01 1.895872236154582335e+00 -1.070733325438862460e+00 1.222416603916062217e+00 3.562879632951455044e-01 1.785827455308646172e+00 1.883127034869311878e+00 9.693638760081734196e-01 -4.136152019470276664e-01 1.480506446062531234e+00 -8.612157119759115131e-01 8.024006954519924406e-01 6.141539467753567294e-01 -1.099359151938449131e+00 -6.945577407740928244e-01 1.849226836812145613e+00 -7.698928062411446449e-01 3.178776395675863425e-02 5.765795756192637622e-01 -1.093028228923362155e+00 1.666659261529441771e-01 9.444764091664508143e-01 -1.315878774202959844e+00 1.713313066135493834e+00 -9.842292926932534602e-02 -1.079908799648532591e+00 -4.980247322516657138e-01 8.755202653948564173e-02 -1.000187067784274575e+00 3.169373368812357095e-01 8.568109173179649929e-01 6.815674887692299011e-01 -4.555150108047469337e-01 -1.374901460248675322e+00 6.252264009307434423e-01 5.216064840294675625e-02 -1.292834777460951878e+00 -1.168054714359094470e+00 7.717535431282636083e-01 1.336515620280002148e+00 1.099617647989811875e+00 -1.616914945475938614e+00 2.799076108737545976e-01 3.172598537242555805e-01 -9.444020127358352390e-01 3.791478347732413767e-01 -9.559041140869184439e-01 4.814619224355343730e-01 1.565106326048922303e-01 -2.379119872714659523e-01 -5.428457175769161314e-01 7.811908437559927920e-01 4.262387792002433340e-01 -3.973075661764684519e-01 -3.090037319529320148e-01 1.079602909760488005e+00 5.210428188357392187e-01 -3.193192516848449847e-01 -7.255970074449493712e-01 6.103634116330716175e-01 -5.962540610811845054e-01 1.887904177957450691e-01 -3.108779802112792701e-01 -2.772580258021655641e+00 -6.523485806621549532e-01 -1.161067233341078198e-01 -1.105340618978081779e-01 1.536342834737374652e+00 -1.045231988593791517e+00 1.301807516100180528e+00 2.303891459093403427e+00 1.136864731683680407e+00 -3.994362676503951382e-01
9.787224893573527318e-01 -9.772696459987341155e-01 -1.032100076231969449e-01 1.454235160299059970e+00 4.438677739201216110e-01 -2.051575827797525176e-01 -2.552962554707411069e+00 -7.421389061290023514e-01 4.575776428431081733e-02 1.469331983432220712e+00 -8.877615205943283350e-01 1.563418668580479343e-01 -3.873341259746261311e-01 -1.419990092614866084e+00 -5.096499082930276980e-01 7.774713721799156874e-01 -8.954485220016322744e-01 -1.180612899381395575e+00 6.652743936363109123e-02 -3.627950062096055861e-01 -8.131129800905942950e-01 -4.017914098272926116e-01 -9.072873194477824033e-01 1.289777128550355367e-01 4.023246497595650562e-01 -5.788207926928625735e-01 -1.165122542640800507e+00 -1.536211204733670455e+00 1.178769996189352964e+00 1.054411919121396091e+00 2.082706236802031041e-01 7.066787159317811096e-01 1.269061714853139677e-01 -1.347738397330546345e+00 -1.173098196599379195e+00 -7.474448993203210989e-01 1.867544907470399140e+00 1.910039074013504257e+00 9.471491378425931362e-01 9.221459369163120812e-01 2.982332941719880171e-01 -1.496315602893544539e-01 6.722754578605204534e-01 5.392193265216697062e-01 -6.358432615626680162e-01 -2.082970955260428914e-01 -1.491230424043737068e+00 6.349989373274712579e-01 -9.128123570602125758e-01 -4.615748593652392873e-01 -7.447397295622271152e-01 -6.634670404315069492e-01 -1.147456708622368149e+00 1.929505568439193741e+00 -1.225416571398729726e+00 -1.544733545055442248e+00 9.208121177416450642e-01 -6.510097429488941323e-01 -8.033986254871027244e-01 1.739662340510573016e-02 -6.436026355881531158e-01 -1.602040145771967516e+00 -7.395442695998482030e-01 2.670445048540004418e-01 5.232617689501665170e-01 8.235573844119764564e-01 -3.691845277300863093e-01 6.552453833560720753e-01 -2.432595465471740215e-02 -9.816434067927602702e-02 7.861873848940965637e-01 -4.100516265123262949e-01 2.259281268649989904e+00 -3.459750549724037727e-01 -1.540759901287457323e+00 2.321654578790213197e-01 -1.424025280220451828e+00 4.160089209872767091e-01 1.494461759659912570e+00 6.768850456879910160e-01 -1.328215031308671301e-01 -1.675957712978935588e+00 -8.133394064378224320e-01 -5.758019477192020119e-01 6.914991054742773979e-01 -1.383341974243103678e+00 -1.188818315458061603e+00 -5.257736051399917315e-02 5.238848676923992809e-01 9.739734624056074763e-02 1.955903475468160790e+00 -3.908704700108369678e-01 -2.030649919171597872e+00 1.020159345573008469e+00 2.863384794963500513e-01 1.211116307718929752e+00 -6.280751566352941184e-01 -1.060004460204871712e+00 9.773488994866236235e-02 3.700438062285719143e-01
