# 
#                 ----------------------------------------------------
#                 Data from a 3D direct N-body simulation. 
# 
#                 rows are i-particle; 
#                 coumns are :mass, tag, x ,y, z, vx, vy, vz, ax, ay, az
# 
#                 NTHU, Computational Physics Lab
# 
#                 ----------------------------------------------------
#                 Time = 3.099999999999978
1.000000000000000000e+00 2.000000000000000000e+00 3.000000000000000000e+00 4.000000000000000000e+00 5.000000000000000000e+00 6.000000000000000000e+00 7.000000000000000000e+00 8.000000000000000000e+00 9.000000000000000000e+00 1.000000000000000000e+01 1.100000000000000000e+01 1.200000000000000000e+01 1.300000000000000000e+01 1.400000000000000000e+01 1.500000000000000000e+01 1.600000000000000000e+01 1.700000000000000000e+01 1.800000000000000000e+01 1.900000000000000000e+01 2.000000000000000000e+01 2.100000000000000000e+01 2.200000000000000000e+01 2.300000000000000000e+01 2.400000000000000000e+01 2.500000000000000000e+01 2.600000000000000000e+01 2.700000000000000000e+01 2.800000000000000000e+01 2.900000000000000000e+01 3.000000000000000000e+01 3.100000000000000000e+01 3.200000000000000000e+01 3.300000000000000000e+01 3.400000000000000000e+01 3.500000000000000000e+01 3.600000000000000000e+01 3.700000000000000000e+01 3.800000000000000000e+01 3.900000000000000000e+01 4.000000000000000000e+01 4.100000000000000000e+01 4.200000000000000000e+01 4.300000000000000000e+01 4.400000000000000000e+01 4.500000000000000000e+01 4.600000000000000000e+01 4.700000000000000000e+01 4.800000000000000000e+01 4.900000000000000000e+01 5.000000000000000000e+01 5.100000000000000000e+01 5.200000000000000000e+01 5.300000000000000000e+01 5.400000000000000000e+01 5.500000000000000000e+01 5.600000000000000000e+01 5.700000000000000000e+01 5.800000000000000000e+01 5.900000000000000000e+01 6.000000000000000000e+01 6.100000000000000000e+01 6.200000000000000000e+01 6.300000000000000000e+01 6.400000000000000000e+01 6.500000000000000000e+01 6.600000000000000000e+01 6.700000000000000000e+01 6.800000000000000000e+01 6.900000000000000000e+01 7.000000000000000000e+01 7.100000000000000000e+01 7.200000000000000000e+01 7.300000000000000000e+01 7.400000000000000000e+01 7.500000000000000000e+01 7.600000000000000000e+01 7.700000000000000000e+01 7.800000000000000000e+01 7.900000000000000000e+01 8.000000000000000000e+01 8.100000000000000000e+01 8.200000000000000000e+01 8.300000000000000000e+01 8.400000000000000000e+01 8.500000000000000000e+01 8.600000000000000000e+01 8.700000000000000000e+01 8.800000000000000000e+01 8.900000000000000000e+01 9.000000000000000000e+01 9.100000000000000000e+01 9.200000000000000000e+01 9.300000000000000000e+01 9.400000000000000000e+01 9.500000000000000000e+01 9.600000000000000000e+01 9.700000000000000000e+01 9.800000000000000000e+01 9.900000000000000000e+01 1.000000000000000000e+02
2.000000000000000111e-01 2.000000000000000111e-01 2.000000000000000111e-01 2.000000000000000111e-01 2.000000000000000111e-01 2.000000000000000111e-01 2.000000000000000111e-01 2.000000000000000111e-01 2.000000000000000111e-01 2.000000000000000111e-01 2.000000000000000111e-01 2.000000000000000111e-01 2.000000000000000111e-01 2.000000000000000111e-01 2.000000000000000111e-01 2.000000000000000111e-01 2.000000000000000111e-01 2.000000000000000111e-01 2.000000000000000111e-01 2.000000000000000111e-01 2.000000000000000111e-01 2.000000000000000111e-01 2.000000000000000111e-01 2.000000000000000111e-01 2.000000000000000111e-01 2.000000000000000111e-01 2.000000000000000111e-01 2.000000000000000111e-01 2.000000000000000111e-01 2.000000000000000111e-01 2.000000000000000111e-01 2.000000000000000111e-01 2.000000000000000111e-01 2.000000000000000111e-01 2.000000000000000111e-01 2.000000000000000111e-01 2.000000000000000111e-01 2.000000000000000111e-01 2.000000000000000111e-01 2.000000000000000111e-01 2.000000000000000111e-01 2.000000000000000111e-01 2.000000000000000111e-01 2.000000000000000111e-01 2.000000000000000111e-01 2.000000000000000111e-01 2.000000000000000111e-01 2.000000000000000111e-01 2.000000000000000111e-01 2.000000000000000111e-01 2.000000000000000111e-01 2.000000000000000111e-01 2.000000000000000111e-01 2.000000000000000111e-01 2.000000000000000111e-01 2.000000000000000111e-01 2.000000000000000111e-01 2.000000000000000111e-01 2.000000000000000111e-01 2.000000000000000111e-01 2.000000000000000111e-01 2.000000000000000111e-01 2.000000000000000111e-01 2.000000000000000111e-01 2.000000000000000111e-01 2.000000000000000111e-01 2.000000000000000111e-01 2.000000000000000111e-01 2.000000000000000111e-01 2.000000000000000111e-01 2.000000000000000111e-01 2.000000000000000111e-01 2.000000000000000111e-01 2.000000000000000111e-01 2.000000000000000111e-01 2.000000000000000111e-01 2.000000000000000111e-01 2.000000000000000111e-01 2.000000000000000111e-01 2.000000000000000111e-01 2.000000000000000111e-01 2.000000000000000111e-01 2.000000000000000111e-01 2.000000000000000111e-01 2.000000000000000111e-01 2.000000000000000111e-01 2.000000000000000111e-01 2.000000000000000111e-01 2.000000000000000111e-01 2.000000000000000111e-01 2.000000000000000111e-01 2.000000000000000111e-01 2.000000000000000111e-01 2.000000000000000111e-01 2.000000000000000111e-01 2.000000000000000111e-01 2.000000000000000111e-01 2.000000000000000111e-01 2.000000000000000111e-01 2.000000000000000111e-01
1.578119081229335841e+01 2.004708781353968305e+01 8.499414285407519642e+00 3.673215621206152637e+00 6.808177079452150338e+00 2.985022810449412312e+00 2.800712902771445023e+00 5.847211209917262842e+00 2.030525322421926759e+01 -1.674548066726510243e+00 1.386148307491618548e+00 -1.772019743700105820e+01 1.100612964769861968e+01 -2.704372210157323764e+00 -1.526431746571322101e+01 -3.918930003498664938e+00 -1.443787480731588246e+01 3.461234880925650792e+00 -2.520722060358899230e-01 2.706631849565035441e+00 -6.015823329307947276e+00 -1.544325763858469180e+01 -1.458367755525310727e+01 4.646717062484428951e-01 1.019307758826390931e+01 -6.126177896471951101e+00 -2.787175821162657385e+00 8.058775916877896961e+00 1.331393900814496334e+01 -1.609590680427043452e+00 -3.606719332423255597e+00 8.736634787374450539e+00 9.392094667303829691e-02 3.596195885893195054e+00 -1.136577298922397716e+01 1.738762659448397230e+01 1.720269161815643244e+01 8.105483323199965895e+00 -2.397282605735224337e+00 -1.386785081014112686e+00 3.367476736542475368e+00 1.186579393652689340e+01 -3.892872802909157492e+00 3.645124489528458245e+00 -6.032713589056454495e+00 6.051310717589428734e+00 3.542714624683095170e+00 3.930827494166957425e+00 2.131965064005685662e+01 9.992806173744117615e+00 -6.104714859411841665e-01 -7.393171089705433907e+00 1.007883422181541277e+01 -3.916724015929621050e+00 8.493474503351910343e+00 7.553615378797786661e+00 1.062796999559370548e+01 2.851393079464177749e+00 -9.252361107529679884e+00 -6.168458347206940751e+00 -3.166810463588248581e+00 -1.989058786519484201e+01 -9.879701197431121074e+00 1.380376685352326227e+01 -3.513966067487919176e-01 -1.534790055945584930e+00 1.935233973078127789e+01 -2.141465717464726914e+00 5.726619126822501293e+00 -6.602368762040991435e+00 8.142807846829699159e+00 -4.172578073986463743e+00 -1.522590060719141991e-01 -3.780475230248986906e-01 -4.147327297841064464e+00 5.659515755220645428e-01 -5.343526574284592989e+00 -4.413178592279659362e+00 -1.034319841857827704e+01 -1.851807066786141931e+01 -5.702467851767263340e+00 -2.664053026194154850e+00 1.030870294479192140e+01 -1.311860655686844090e+01 1.269950243029173587e+00 6.215195713214863638e+00 -1.416094140194470086e+01 -4.534062897967992001e+00 -1.732199237535918712e+01 7.910280878403598281e-01 3.569885611900348810e+00 3.488953760593668907e+00 4.417008536453328915e+00 1.846895502405131495e+01 -6.190996567274661189e+00 5.446705538755294285e+00 6.171096637750300040e+00 -4.303266369693038662e+00 -1.216245379231599033e+00 5.215030897640360763e+00
3.579789488816079945e+00 1.670721005981750196e+01 -1.354046760829566542e+00 1.288618097494252934e+00 1.088521208808222340e+00 1.336597954741094796e+01 -7.640748689465357124e+00 7.733253053644725483e+00 -1.301077725672341501e+01 1.371224050935267869e+01 3.383030003830565402e+00 -3.112386466624956327e+00 1.075646606827678831e+01 -9.380305569961365109e+00 1.745166482198462887e+01 -1.120744133956764266e+01 -1.903110203927709909e+00 -4.569678429062750347e+00 3.831849719979342428e+00 -5.674783785369059252e+00 -3.216461951669779662e+00 1.587280097914746557e+00 4.140070041691466862e+00 6.522368128377414642e+00 -1.104672593972575889e+01 -7.790080924532591489e+00 5.024261267902241368e-01 4.165786944150068116e+00 1.696065796978314566e+01 -9.578936556352113385e+00 1.093595155491900961e+01 3.187787468843785277e+00 1.597633075242520029e+01 1.684667453702964934e+01 8.672152432161066571e+00 -3.700242387625439111e+00 1.324472910459827979e+01 -7.704531895366021566e+00 7.178613202827006212e+00 5.493854977209064572e+00 -9.835143537458616692e+00 -6.213602128374078326e+00 1.654347207606832626e+01 -6.887623369261507200e+00 2.846026910505554119e-01 5.158169535229364833e+00 -9.778462298723731294e+00 1.491041991385725574e+00 8.449349559796141662e+00 -1.177206970639336880e+01 1.532754217768599503e+01 -8.806539654154590391e-01 -9.661038969881868610e+00 -4.455395232382103110e+00 7.832406280661797782e-01 -8.947874019839703763e+00 2.835365335010249677e+00 7.665178118616751135e+00 6.097480680596599534e+00 -4.075153168072526810e+00 -1.230020241460250574e+01 5.593333519927131903e+00 4.666553507552829716e-01 -1.156588234582479302e+01 -1.044968227746793765e+01 6.904342754002231075e+00 1.195660117879056017e+01 9.837457703612965787e+00 -1.446522067041379955e+01 2.504157891432100325e+00 2.838000801859460243e+00 -8.448903084180878764e+00 3.391896246686457950e+00 -8.551783592401706713e+00 4.307286481091844976e+00 1.400130151159396874e+00 -2.128424381937479293e+00 -4.856408796015790230e+00 6.988610973537865867e+00 3.813259613837154394e+00 -3.554143055463009127e+00 -2.764411995154326007e+00 9.658265069391799074e+00 4.661392498028922304e+00 -2.856694768733987644e+00 -6.491229080569082655e+00 5.460426576752344552e+00 -5.334437852152047910e+00 1.688865603903499490e+00 -2.781173548995005351e+00 -2.480370813190472035e+01 -5.836262469173896683e+00 -1.038681734554085079e+00 -9.888783441505781813e-01 1.374438192879458143e+01 -9.350811399881147068e+00 1.164624115833811402e+01 2.061086250376472151e+01 1.017059045798364814e+01 -3.573444737473899568e+00
8.755782786746211244e+00 -8.742746936133402258e+00 -9.233689565186301573e-01 1.300986453143285004e+01 3.970839128257620310e+00 -1.835353617513016289e+00 -2.283907574231963267e+01 -6.639350738938468943e+00 4.093552545964819211e-01 1.314485994420753379e+01 -7.942087884270692122e+00 1.398679955068396596e+00 -3.465071561323943339e+00 -1.270345055290297509e+01 -4.559365661085185373e+00 6.955398796930305494e+00 -8.010823252547893958e+00 -1.056192465844079109e+01 5.951034227052824921e-01 -3.245295534571174478e+00 -7.274326606105118387e+00 -3.594390301878942484e+00 -8.116696502224991505e+00 1.153868731195950792e+00 3.599306859431472549e+00 -5.178313410020967567e+00 -1.042338979910141106e+01 -1.374319511069988842e+01 1.054538628093648356e+01 9.433033601980699956e+00 1.863222587520618534e+00 6.321421171147274976e+00 1.135340467440788315e+00 -1.205704505935363002e+01 -1.049472927829564917e+01 -6.686732192446394052e+00 1.670722490725288978e+01 1.708744278286419416e+01 8.473790853861064676e+00 8.249886899600170409e+00 2.668035931060814825e+00 -1.338627279333252540e+00 6.014312567528410369e+00 4.824041993409847073e+00 -5.688300596125031916e+00 -1.863445065746052398e+00 -1.334076652292566223e+01 5.680905202715433866e+00 -8.166117505084349304e+00 -4.129323634636509865e+00 -6.662559177794473264e+00 -5.935469168104558157e+00 -1.026526865067869920e+01 1.726159424184042379e+01 -1.096273875359843508e+01 -1.381946337770114219e+01 8.237879815255594096e+00 -5.824050063553464440e+00 -7.187303019641248625e+00 1.560703629485541699e-01 -5.757785269592793576e+00 -1.433202443096202927e+01 -6.616099675551088133e+00 2.389027363307396179e+00 4.681205198666544831e+00 7.367302174389249281e+00 -3.302728929436927086e+00 5.861955602769898022e+00 -2.176221100764215988e-01 -8.781088539762736955e-01 7.034020028062124119e+00 -3.668332060951103202e+00 2.021179051319711917e+01 -3.095145907098248994e+00 -1.378391262613279622e+01 2.077046701686366070e+00 -1.273959096900365751e+01 3.721855472661624198e+00 1.336965088256533463e+01 6.055569811360212995e+00 -1.188542250992682181e+00 -1.499344680185612688e+01 -7.276307261066635057e+00 -5.151078623559060432e+00 6.186396561746413170e+00 -1.237556344837636857e+01 -1.063544598440895150e+01 -4.703061357708375190e-01 4.686732980453931496e+00 8.713365366835313930e-01 1.749765729344984422e+01 -3.497188179282599840e+00 -1.816647957223526433e+01 9.126467646140602241e+00 2.561626078048639066e+00 1.083486128264394033e+01 -5.618857761984196841e+00 -9.482913370894717531e+00 8.742884049232180210e-01 3.310494688977805300e+00
7.250172506062495081e+00 9.210029766662655604e+00 3.904769816411894912e+00 1.687545446876535404e+00 3.127786343935073265e+00 1.371368027950568447e+00 1.286703424533172102e+00 2.686302034812296124e+00 9.328627364100301023e+00 -7.693195849190415103e-01 6.368195211875204986e-01 -8.140993010881901526e+00 5.056410088241446665e+00 -1.242431671884492550e+00 -7.012724543652650411e+00 -1.800406566710626599e+00 -6.633017660883394839e+00 1.590158560168825064e+00 -1.157932307192776067e-01 1.243689595328612008e+00 -2.763781203712966761e+00 -7.094906341786481718e+00 -6.699995884611899655e+00 2.134696560957818623e-01 4.682893185266724601e+00 -2.814443330999056414e+00 -1.280489414655721303e+00 3.702349487276697104e+00 6.116686732770983959e+00 -7.394715635600882520e-01 -1.656965484657418441e+00 4.013664717020231087e+00 4.314546839403114037e-02 1.652160416991006020e+00 -5.221656175494889141e+00 7.988203423884571386e+00 7.903258654286867468e+00 3.723815297403533453e+00 -1.101276116547857509e+00 -6.371344650189411096e-01 1.547075113328621354e+00 5.451355158963216319e+00 -1.788456513864131958e+00 1.674630873502491957e+00 -2.771582508736543549e+00 2.780068993093114393e+00 1.627601734037557035e+00 1.805905442505491232e+00 9.794663488574467891e+00 4.590878634714497863e+00 -2.804569288165855712e-01 -3.396519681945888269e+00 4.630392968864516234e+00 -1.799413263405472918e+00 3.902050571365879961e+00 3.470257974751472130e+00 4.882648793443741475e+00 1.310000461394243310e+00 -4.250717686651833027e+00 -2.833832246145538747e+00 -1.454887274040306044e+00 -9.138120724288032903e+00 -4.538889414157073254e+00 6.341700426330842078e+00 -1.614301944491197405e-01 -7.051518837954281471e-01 8.890841560630025953e+00 -9.838240276610200619e-01 2.630918336481677056e+00 -3.033237227689598914e+00 3.741062828697137022e+00 -1.916959519879833040e+00 -6.994902818292345059e-02 -1.736866367269806755e-01 -1.905360264699718975e+00 2.600117778845853489e-01 -2.454899089433449255e+00 -2.027480112601651729e+00 -4.751858993352128024e+00 -8.507548893525575195e+00 -2.619809182332224928e+00 -1.223921215324513589e+00 4.735997704478366543e+00 -6.026929546739392407e+00 5.834502151590865715e-01 2.855370109499074438e+00 -6.505797966918593467e+00 -2.083059265036848018e+00 -7.958062097836543280e+00 3.634145337544089638e-01 1.640078259043884046e+00 1.602649876323372524e+00 2.029256033164791528e+00 8.484989307360045530e+00 -2.844237494166301783e+00 2.502316630523617302e+00 2.835114115281754721e+00 -1.977001653766445433e+00 -5.587778038097155342e-01 2.395862870541187295e+00
1.644618320298143477e+00 7.675620319374179878e+00 -6.220763235838880911e-01 5.920168983105640326e-01 5.000921750201297034e-01 6.140569646008995797e+00 -3.510307495374398012e+00 3.552805350020705522e+00 -5.977404657807984911e+00 6.299663063029696808e+00 1.554224746094903908e+00 -1.429878988365712367e+00 4.941717754970503584e+00 -4.309476073733439883e+00 8.017634583504383627e+00 -5.148892043061225721e+00 -8.743060582041346507e-01 -2.099401677933834698e+00 1.760422432147567884e+00 -2.607144204319669534e+00 -1.477674126579077152e+00 7.292342219113671087e-01 1.902032693872785618e+00 2.996477449741933086e+00 -5.075068127202425394e+00 -3.578890457449687368e+00 2.308155718685064861e-01 1.913833052498876253e+00 7.792058256980038955e+00 -4.400740583862106980e+00 5.024171508179607670e+00 1.464451746911766827e+00 7.339810207727046176e+00 7.739684752273280566e+00 3.984130818457812584e+00 -1.699963692378232416e+00 6.084893004675634209e+00 -3.539610332797141101e+00 3.297943697265494301e+00 2.524069839984132368e+00 -4.518423550000036926e+00 -2.854646272361228032e+00 7.600373186757320987e+00 -3.164291529150346172e+00 1.307067440956976023e-01 2.369757561258956091e+00 -4.492391926372603095e+00 6.850073973687772488e-01 3.881802287096630888e+00 -5.408301262135892351e+00 7.041757607808378339e+00 -4.045590664484347010e-01 -4.438456490394132814e+00 -2.046892296155317315e+00 3.598377459335332373e-01 -4.110807857229648477e+00 1.302619730660305786e+00 3.521520036345962001e+00 2.801279662727689690e+00 -1.872190826273912423e+00 -5.650913740410170583e+00 2.569687473786928855e+00 2.143863771875704760e-01 -5.313581464043447333e+00 -4.800758372860132184e+00 3.171958114454755950e+00 5.493096205845234614e+00 4.519486395799744649e+00 -6.645577116588063937e+00 1.150443713842206783e+00 1.303880536208260166e+00 -3.881553300732108358e+00 1.558302981552468269e+00 -3.928822306736505787e+00 1.978835469903156952e+00 6.432530513194870680e-01 -9.778317062223770284e-01 -2.231117636020704786e+00 3.210704379248694895e+00 1.751868904116919534e+00 -1.632884774508534198e+00 -1.270018079824863921e+00 4.437189590738048750e+00 2.141516411376327422e+00 -1.312414766992314075e+00 -2.982204211766663615e+00 2.508615647281061900e+00 -2.450686926461414394e+00 7.759123106801126823e-01 -1.277719797835100923e+00 -1.139532210040388982e+01 -2.681235460712692031e+00 -4.771947922944186904e-01 -4.543040918988124344e-01 6.314416252416781283e+00 -4.295932960739244244e+00 5.350482291813725588e+00 9.469028710287123118e+00 4.672550780979617180e+00 -1.641700663004074245e+00
4.022570804286248247e+00 -4.016589602647768764e+00 -4.242053308401245726e-01 5.976959403206653754e+00 1.824290286060851196e+00 -8.431986045494174187e-01 -1.049271370308860796e+01 -3.050226925837689063e+00 1.880654498916008444e-01 6.038991400443276980e+00 -3.648733267780905898e+00 6.425748694103495806e-01 -1.591933176211507428e+00 -5.836197688688726792e+00 -2.094664259025214026e+00 3.195433525072469028e+00 -3.680318308266626204e+00 -4.852345617113188680e+00 2.734136820068899243e-01 -1.491013163880427594e+00 -3.341940284556732532e+00 -1.651348247142157666e+00 -3.728966117629835875e+00 5.301055698456461629e-01 1.653577748149936300e+00 -2.378993284431776711e+00 -4.788691304480441779e+00 -6.313872855721212929e+00 4.844757891764955637e+00 4.333687897750392537e+00 8.559982699223409597e-01 2.904303875508459143e+00 5.215925324105384897e-01 -5.539233316140576235e+00 -4.821468360078080551e+00 -3.072012208712096459e+00 7.675628953955356160e+00 7.850296291095147261e+00 3.892924812368347087e+00 3.790103581173234648e+00 1.225745570142166230e+00 -6.149898233873503095e-01 2.763078752630259149e+00 2.216232626985719545e+00 -2.613319689341544905e+00 -8.561033523782637378e-01 -6.128994518562485005e+00 2.609890461766245728e+00 -3.751672399716156736e+00 -1.897086114625625264e+00 -3.060901106682913042e+00 -2.726865048900386057e+00 -4.716063547211251539e+00 7.930304419465613819e+00 -5.036488243887882632e+00 -6.348906668514941565e+00 3.784602230499543918e+00 -2.675671906889361296e+00 -3.301983577158399630e+00 7.161398337357194332e-02 -2.645228581289824188e+00 -6.584409151721558828e+00 -3.039552779583456044e+00 1.097561693888480017e+00 2.150626411336294730e+00 3.384747406249867474e+00 -1.517344698699213179e+00 2.693083833187620790e+00 -9.997990779460474986e-02 -4.034361963773915871e-01 3.231424116636831378e+00 -1.685309517297736148e+00 9.285684197981883159e+00 -1.421966746279955451e+00 -6.332574387233576907e+00 9.542215206136108741e-01 -5.852793046960909074e+00 1.709853392883925460e+00 6.142269260958568289e+00 2.782029249247436553e+00 -5.459778772835095495e-01 -6.888249780603643124e+00 -3.342859241994238673e+00 -2.366526723771178453e+00 2.842116009794375842e+00 -5.685565834124160389e+00 -4.886099752313588063e+00 -2.160790694339777274e-01 2.153175297258929977e+00 4.003069828074915515e-01 8.038775467856019930e+00 -1.606592034969654970e+00 -8.346018823213478655e+00 4.192873347188614375e+00 1.176858336399453586e+00 4.977728001673243696e+00 -2.581406002121439780e+00 -4.356634004584011954e+00 4.016767105776090085e-01 1.520896708548784337e+00
1.764019355804757883e+00 2.240876718494145603e+00 9.500510583007422127e-01 4.105927547014439627e-01 7.610063035081220395e-01 3.336609702743475458e-01 3.130657737103799132e-01 6.535904924025904839e-01 2.269729017650763403e+00 -1.871814392525623927e-01 1.549416775285666903e-01 -1.980764341380587990e+00 1.230256902491030813e+00 -3.022897226994258890e-01 -1.706251850430452466e+00 -4.380428372269470905e-01 -1.613856930086269736e+00 3.868982240247400006e-01 -2.816796437187608221e-02 3.026837288061089426e-01 -6.724479778596006430e-01 -1.726236630089596824e+00 -1.630150710557424221e+00 5.193504724719634480e-02 1.139383267470221117e+00 -6.847597301253273150e-01 -3.115559287868100435e-01 9.008075741415144666e-01 1.488240303480850901e+00 -1.799170465113974771e-01 -4.031403099278351165e-01 9.765105328159707776e-01 1.049618146743024234e-02 4.019830290591406285e-01 -1.270470160204121290e+00 1.943589387916584643e+00 1.922928822387198311e+00 9.060333809886178535e-01 -2.679164267604337013e-01 -1.550272574420219762e-01 3.764120293860587219e-01 1.326349616699402434e+00 -4.351437373570501421e-01 4.074469557556609778e-01 -6.743627186274703256e-01 6.764046110236033860e-01 3.960123600739189342e-01 4.393939177572236954e-01 2.383120208264899009e+00 1.116993009659577041e+00 -6.823519014067856714e-02 -8.263815585616187676e-01 1.126603716198950167e+00 -4.378092176286390580e-01 9.493932824222243161e-01 8.443334899385613879e-01 1.187968447742071998e+00 3.187395538749668300e-01 -1.034234700732750589e+00 -6.894630011473259490e-01 -3.539828523325729281e-01 -2.223376711158184804e+00 -1.104332991771763917e+00 1.542978840354255476e+00 -3.927396003124557222e-02 -1.715848546619187232e-01 2.163212718184171823e+00 -2.393694396019333259e-01 6.401226490897521382e-01 -7.380030397622884264e-01 9.102698044354488038e-01 -4.664099287564410501e-01 -1.701846853587248368e-02 -4.226104161723090447e-02 -4.635883131191869677e-01 6.326398284935540184e-02 -5.972881412215007568e-01 -4.932940903879269312e-01 -1.156162150743984762e+00 -2.069949270315581291e+00 -6.374142763090956398e-01 -2.977911596278879913e-01 1.152297619958925212e+00 -1.466394609699100293e+00 1.419622314383452710e-01 6.947296332891554904e-01 -1.582906920133867468e+00 -5.068339450393595236e-01 -1.936260682059994132e+00 8.842198968919408320e-02 3.990454587543137976e-01 3.898401379551600932e-01 4.937327262764331648e-01 2.064462379544940607e+00 -6.920149632255651051e-01 6.088312472853868451e-01 6.898027781345820175e-01 -4.810192125996545776e-01 -1.359594965699510716e-01 5.829230377900382898e-01
4.001461074533982365e-01 1.867540815528965892e+00 -1.513564887290005934e-01 1.440427012009509178e-01 1.216781536926166696e-01 1.494041009365604022e+00 -8.540853622469672946e-01 8.644252495297263250e-01 -1.454350398437239900e+00 1.532755457416872025e+00 3.781532539230073042e-01 -3.478962021610066402e-01 1.202354528580636517e+00 -1.048522379487541123e+00 1.950754519542040821e+00 -1.252756680400251676e+00 -2.127177265494456238e-01 -5.108021686195951538e-01 4.283232653422214264e-01 -6.343542332051930188e-01 -3.595174828659860045e-01 1.774312434203920152e-01 4.627813074560786499e-01 7.290567226604265372e-01 -1.234799473911257328e+00 -8.707628859642776442e-01 5.615576683898688276e-02 4.656466404065385811e-01 1.895870709404608778e+00 -1.070731586427702720e+00 1.222414038034120631e+00 3.562808664426294625e-01 1.785823576182607564e+00 1.883124902238615395e+00 9.693609166569538971e-01 -4.136148613773455995e-01 1.480505693923120702e+00 -8.612148131269146134e-01 8.023956678566581679e-01 6.141606801895400647e-01 -1.099355398828920416e+00 -6.945568287896106696e-01 1.849223511735914149e+00 -7.698907091172842998e-01 3.178390277376826056e-02 5.765785625208923459e-01 -1.093025229262566622e+00 1.666652438680191750e-01 9.444761317975189918e-01 -1.315876193237024649e+00 1.713310393324684489e+00 -9.842025821703867527e-02 -1.079906752891934607e+00 -4.980240366029898280e-01 8.755209739429653526e-02 -1.000184518580490289e+00 3.169368615488437069e-01 8.568091422866207507e-01 6.815650525340886112e-01 -4.555134316569753317e-01 -1.374896968625221261e+00 6.252259457750786176e-01 5.216024874067018424e-02 -1.292832782673056347e+00 -1.168051218772876210e+00 7.717502037645147528e-01 1.336514509077012303e+00 1.099613866677993768e+00 -1.616911241234382235e+00 2.799060796334631451e-01 3.172636337412403362e-01 -9.443980246989441829e-01 3.791474832005995443e-01 -9.559004288813004457e-01 4.814601602078761866e-01 1.565110021484490133e-01 -2.379111091525628607e-01 -5.428442972503669806e-01 7.811901896134990642e-01 4.262369802651171935e-01 -3.973107951590182374e-01 -3.090028993402713642e-01 1.079601496396754845e+00 5.210408306200653428e-01 -3.193184256315528824e-01 -7.255969744762122975e-01 6.103619722055391161e-01 -5.962486513965817858e-01 1.887914838995249089e-01 -3.108772418903050783e-01 -2.772579131581345724e+00 -6.523431424038489412e-01 -1.161069742937611282e-01 -1.105334674216668783e-01 1.536339750440817609e+00 -1.045230061857315373e+00 1.301804026631243394e+00 2.303889184385660815e+00 1.136862331666564030e+00 -3.994351175048898583e-01
9.787210928371334884e-01 -9.772689038889654789e-01 -1.032092104291336548e-01 1.454231704133424730e+00 4.438681838510245004e-01 -2.051575214037411887e-01 -2.552960097713418364e+00 -7.421365522277255655e-01 4.575769642030304979e-02 1.469329569195352958e+00 -8.877593370138968654e-01 1.563412267573217329e-01 -3.873347849160241885e-01 -1.419987583003151421e+00 -5.096497033936653320e-01 7.774696612929593575e-01 -8.954468960974905078e-01 -1.180611161401540432e+00 6.652836074150018930e-02 -3.627999063782824662e-01 -8.131099781688740924e-01 -4.017923539815113632e-01 -9.072863242691955321e-01 1.289772442746045522e-01 4.023231182448850918e-01 -5.788181895745372341e-01 -1.165120082351393194e+00 -1.536208277130216349e+00 1.178769133230608723e+00 1.054408331008389377e+00 2.082702309993303691e-01 7.066882850998372767e-01 1.269056377903628463e-01 -1.347736534922824525e+00 -1.173095924489753195e+00 -7.474440059576170636e-01 1.867543640910896308e+00 1.910036741574761665e+00 9.471398560205217532e-01 9.221404588181298934e-01 2.982328545454062674e-01 -1.496312916855782049e-01 6.722737183769983416e-01 5.392166345871525213e-01 -6.358430087089509408e-01 -2.082969459524126321e-01 -1.491227975325969846e+00 6.349960078969461019e-01 -9.128114676245727699e-01 -4.615739809948113948e-01 -7.447383692784633746e-01 -6.634660263937915969e-01 -1.147455632267136538e+00 1.929503181369901732e+00 -1.225414863782220420e+00 -1.544730160171985389e+00 9.208079067851199229e-01 -6.510083145042024899e-01 -8.033976306253223232e-01 1.738917213933748387e-02 -6.436012144181423311e-01 -1.602038567633866428e+00 -7.395425815565579430e-01 2.670439312828645217e-01 5.232604268451102048e-01 8.235621994358592879e-01 -3.691847701916689539e-01 6.552437299613129706e-01 -2.432593934321053419e-02 -9.816559816702119523e-02 7.861746594347888140e-01 -4.100518014689739088e-01 2.259278773726824951e+00 -3.459744492868333521e-01 -1.540756556267161237e+00 2.321640535248747639e-01 -1.424022069098054954e+00 4.160052139675552429e-01 1.494459706107668540e+00 6.768829732191553594e-01 -1.328161664196801928e-01 -1.675953558362262674e+00 -8.133371662512677291e-01 -5.758032079960136995e-01 6.914955320573287212e-01 -1.383339993286103908e+00 -1.188814624559021427e+00 -5.257826756294263493e-02 5.238843133039037259e-01 9.739709216250980184e-02 1.955902679398463961e+00 -3.908629500860463235e-01 -2.030646805339626493e+00 1.020158140906118893e+00 2.863380100023145136e-01 1.211113695590936956e+00 -6.280740387811170056e-01 -1.060003436122272324e+00 9.773578473654313814e-02 3.700427173932232527e-01
