# 
#                 ----------------------------------------------------
#                 Data from a 3D direct N-body simulation. 
# 
#                 rows are i-particle; 
#                 coumns are :mass, tag, x ,y, z, vx, vy, vz, ax, ay, az
# 
#                 NTHU, Computational Physics Lab
# 
#                 ----------------------------------------------------
#                 Time = 0.09999999999999999
1.000000000000000000e+00 2.000000000000000000e+00 3.000000000000000000e+00 4.000000000000000000e+00 5.000000000000000000e+00 6.000000000000000000e+00 7.000000000000000000e+00 8.000000000000000000e+00 9.000000000000000000e+00 1.000000000000000000e+01 1.100000000000000000e+01 1.200000000000000000e+01 1.300000000000000000e+01 1.400000000000000000e+01 1.500000000000000000e+01 1.600000000000000000e+01 1.700000000000000000e+01 1.800000000000000000e+01 1.900000000000000000e+01 2.000000000000000000e+01 2.100000000000000000e+01 2.200000000000000000e+01 2.300000000000000000e+01 2.400000000000000000e+01 2.500000000000000000e+01 2.600000000000000000e+01 2.700000000000000000e+01 2.800000000000000000e+01 2.900000000000000000e+01 3.000000000000000000e+01 3.100000000000000000e+01 3.200000000000000000e+01 3.300000000000000000e+01 3.400000000000000000e+01 3.500000000000000000e+01 3.600000000000000000e+01 3.700000000000000000e+01 3.800000000000000000e+01 3.900000000000000000e+01 4.000000000000000000e+01 4.100000000000000000e+01 4.200000000000000000e+01 4.300000000000000000e+01 4.400000000000000000e+01 4.500000000000000000e+01 4.600000000000000000e+01 4.700000000000000000e+01 4.800000000000000000e+01 4.900000000000000000e+01 5.000000000000000000e+01 5.100000000000000000e+01 5.200000000000000000e+01 5.300000000000000000e+01 5.400000000000000000e+01 5.500000000000000000e+01 5.600000000000000000e+01 5.700000000000000000e+01 5.800000000000000000e+01 5.900000000000000000e+01 6.000000000000000000e+01 6.100000000000000000e+01 6.200000000000000000e+01 6.300000000000000000e+01 6.400000000000000000e+01 6.500000000000000000e+01 6.600000000000000000e+01 6.700000000000000000e+01 6.800000000000000000e+01 6.900000000000000000e+01 7.000000000000000000e+01 7.100000000000000000e+01 7.200000000000000000e+01 7.300000000000000000e+01 7.400000000000000000e+01 7.500000000000000000e+01 7.600000000000000000e+01 7.700000000000000000e+01 7.800000000000000000e+01 7.900000000000000000e+01 8.000000000000000000e+01 8.100000000000000000e+01 8.200000000000000000e+01 8.300000000000000000e+01 8.400000000000000000e+01 8.500000000000000000e+01 8.600000000000000000e+01 8.700000000000000000e+01 8.800000000000000000e+01 8.900000000000000000e+01 9.000000000000000000e+01 9.100000000000000000e+01 9.200000000000000000e+01 9.300000000000000000e+01 9.400000000000000000e+01 9.500000000000000000e+01 9.600000000000000000e+01 9.700000000000000000e+01 9.800000000000000000e+01 9.900000000000000000e+01 1.000000000000000000e+02
2.000000000000000111e-01 2.000000000000000111e-01 2.000000000000000111e-01 2.000000000000000111e-01 2.000000000000000111e-01 2.000000000000000111e-01 2.000000000000000111e-01 2.000000000000000111e-01 2.000000000000000111e-01 2.000000000000000111e-01 2.000000000000000111e-01 2.000000000000000111e-01 2.000000000000000111e-01 2.000000000000000111e-01 2.000000000000000111e-01 2.000000000000000111e-01 2.000000000000000111e-01 2.000000000000000111e-01 2.000000000000000111e-01 2.000000000000000111e-01 2.000000000000000111e-01 2.000000000000000111e-01 2.000000000000000111e-01 2.000000000000000111e-01 2.000000000000000111e-01 2.000000000000000111e-01 2.000000000000000111e-01 2.000000000000000111e-01 2.000000000000000111e-01 2.000000000000000111e-01 2.000000000000000111e-01 2.000000000000000111e-01 2.000000000000000111e-01 2.000000000000000111e-01 2.000000000000000111e-01 2.000000000000000111e-01 2.000000000000000111e-01 2.000000000000000111e-01 2.000000000000000111e-01 2.000000000000000111e-01 2.000000000000000111e-01 2.000000000000000111e-01 2.000000000000000111e-01 2.000000000000000111e-01 2.000000000000000111e-01 2.000000000000000111e-01 2.000000000000000111e-01 2.000000000000000111e-01 2.000000000000000111e-01 2.000000000000000111e-01 2.000000000000000111e-01 2.000000000000000111e-01 2.000000000000000111e-01 2.000000000000000111e-01 2.000000000000000111e-01 2.000000000000000111e-01 2.000000000000000111e-01 2.000000000000000111e-01 2.000000000000000111e-01 2.000000000000000111e-01 2.000000000000000111e-01 2.000000000000000111e-01 2.000000000000000111e-01 2.000000000000000111e-01 2.000000000000000111e-01 2.000000000000000111e-01 2.000000000000000111e-01 2.000000000000000111e-01 2.000000000000000111e-01 2.000000000000000111e-01 2.000000000000000111e-01 2.000000000000000111e-01 2.000000000000000111e-01 2.000000000000000111e-01 2.000000000000000111e-01 2.000000000000000111e-01 2.000000000000000111e-01 2.000000000000000111e-01 2.000000000000000111e-01 2.000000000000000111e-01 2.000000000000000111e-01 2.000000000000000111e-01 2.000000000000000111e-01 2.000000000000000111e-01 2.000000000000000111e-01 2.000000000000000111e-01 2.000000000000000111e-01 2.000000000000000111e-01 2.000000000000000111e-01 2.000000000000000111e-01 2.000000000000000111e-01 2.000000000000000111e-01 2.000000000000000111e-01 2.000000000000000111e-01 2.000000000000000111e-01 2.000000000000000111e-01 2.000000000000000111e-01 2.000000000000000111e-01 2.000000000000000111e-01 2.000000000000000111e-01
1.968770607668938410e+00 2.500948848450174289e+00 1.060346163603202108e+00 4.582484558151174170e-01 8.493561407229945903e-01 3.723972277832334199e-01 3.493992076649183320e-01 7.294710223279996519e-01 2.533159637973416256e+00 -2.089065348677757727e-01 1.729290721754672966e-01 -2.210667885654286291e+00 1.373065900866522693e+00 -3.373849796268887369e-01 -1.904282838992965354e+00 -4.889128118696119407e-01 -1.801190676583446670e+00 4.318025310446086951e-01 -3.145277029752636261e-02 3.375738447199373993e-01 -7.504994778067717309e-01 -1.926617680149729450e+00 -1.819382846291776934e+00 5.797365488657392485e-02 1.271628127094749816e+00 -7.642822820800666550e-01 -3.477082048235642930e-01 1.005367393284686939e+00 1.660963856182578358e+00 -2.008051099269578810e-01 -4.499656171826724727e-01 1.089977946013573895e+00 1.171854660700738689e-02 4.486402265670838552e-01 -1.417924776690658639e+00 2.169178411667044948e+00 2.146099443430830700e+00 1.011191136407794788e+00 -2.991051278113704415e-01 -1.729990211703257563e-01 4.201097087064275537e-01 1.480312965648054258e+00 -4.856531175170558656e-01 4.547477764514867293e-01 -7.525889777952294857e-01 7.549333674801320671e-01 4.419632938985408876e-01 4.903831090709965812e-01 2.659708716270145157e+00 1.246646019122195082e+00 -7.616104108532746608e-02 -9.223467085508945118e-01 1.257382008129325879e+00 -4.886290566546246938e-01 1.059601080683007179e+00 9.423512881519431339e-01 1.325900625499006003e+00 3.557160017712883149e-01 -1.154266720352579823e+00 -7.695719951619512944e-01 -3.950749002802575460e-01 -2.481429077581986942e+00 -1.232547006059152572e+00 1.722081425062684357e+00 -4.384158577931084738e-02 -1.914542981604298311e-01 2.414279472006122251e+00 -2.671591272821729479e-01 7.144187861900669345e-01 -8.236793851960659829e-01 1.015805206150542261e+00 -5.205470292824067036e-01 -1.899563212063104523e-02 -4.716109564886879907e-02 -5.173962844734613098e-01 7.060354941433995279e-02 -6.666345877241903750e-01 -5.505696456245083859e-01 -1.290357395013141062e+00 -2.310206773026204363e+00 -7.114115833595051619e-01 -3.323495110660069640e-01 1.286059629450748254e+00 -1.636602859288977196e+00 1.584268315102150271e-01 7.753747740604103322e-01 -1.766638385895817454e+00 -5.656323991577321131e-01 -2.160985069749124410e+00 9.868347020753076571e-02 4.453556737008752542e-01 4.353635531832398264e-01 5.510405070306272357e-01 2.304077245863830115e+00 -7.723622188232034391e-01 6.795001564878551115e-01 7.698715564432544456e-01 -5.368503124312304919e-01 -1.517266673126123344e-01 6.506054421699210000e-01
4.465954480078254685e-01 2.084288088113888993e+00 -1.689222120359142598e-01 1.607598272499730641e-01 1.357954033964867135e-01 1.667466934542429557e+00 -9.532135457432916459e-01 9.647540154055795902e-01 -1.623144805093804877e+00 1.710658232788290434e+00 4.220482763369651225e-01 -3.882873479481576684e-01 1.341916020221299854e+00 -1.170237524565887588e+00 2.177162871591502125e+00 -1.398182246285679886e+00 -2.374287808127963917e-01 -5.700840726086642274e-01 4.780397807008505140e-01 -7.079351852533797285e-01 -4.012792918288933253e-01 1.980164480793518977e-01 5.164881359027151397e-01 8.137015085369627698e-01 -1.378127346384872220e+00 -9.718531447914283694e-01 6.268332640863068239e-02 5.197025596126387814e-01 2.115907107604852566e+00 -1.195013454916378670e+00 1.364309808527074397e+00 3.977226838413466803e-01 1.993120746166971768e+00 2.101690325247088431e+00 1.081895181984334542e+00 -4.616194618475474853e-01 1.652328529382025346e+00 -9.611709215051262856e-01 8.955814365367688046e-01 6.853433133887525397e-01 -1.226986234379056961e+00 -7.751724554900638609e-01 2.063870768262991540e+00 -8.592648248519976217e-01 3.552447612611334127e-02 6.435041760361107643e-01 -1.219911282470085734e+00 1.860159512471979693e-01 1.054086330128440663e+00 -1.468618453154236336e+00 1.912176131710076277e+00 -1.098779271384319189e-01 -1.205257550117795784e+00 -5.558291132671459023e-01 9.771156328609617581e-02 -1.116290326262353805e+00 3.537237997637553422e-01 9.562657959222012893e-01 7.606935504741808574e-01 -5.083970430175009936e-01 -1.534514369533331646e+00 6.977895587414153500e-01 5.821883480012397111e-02 -1.442892944554148738e+00 -1.303650731432051568e+00 8.613568287389775646e-01 1.491632012652459593e+00 1.227275073905452762e+00 -1.804603775532619414e+00 3.124098414377975974e-01 3.540314069263513774e-01 -1.054049224842847465e+00 4.231522927843430759e-01 -1.066882400171602407e+00 5.373573903752153491e-01 1.746691234597077258e-01 -2.655325422713354366e-01 -6.058605435139191586e-01 8.718561382839671303e-01 4.757260478852762264e-01 -4.433752237729278733e-01 -3.448739201225821116e-01 1.204908322880664961e+00 5.815344458553265428e-01 -3.563864760028235823e-01 -8.098029540724044351e-01 6.812138991690287471e-01 -6.655162567660661832e-01 2.106863580458403218e-01 -3.469645083922902051e-01 -3.094352140420907116e+00 -7.281205726005550716e-01 -1.295778023597536355e-01 -1.233688976607952292e-01 1.714673596637080744e+00 -1.166555010070901011e+00 1.452925467814904170e+00 2.571286219567927134e+00 1.268827593749533689e+00 -4.458050836061852040e-01
1.092320520480276613e+00 -1.090690974285859705e+00 -1.151973957311530072e-01 1.623041930912093811e+00 4.953735628610843600e-01 -2.289668799821764356e-01 -2.849264272207313375e+00 -8.282932597658632101e-01 5.106879290957389711e-02 1.639877843597649543e+00 -9.908132731966312612e-01 1.744932639061355650e-01 -4.322760977184434972e-01 -1.584811006782807175e+00 -5.687973164636601631e-01 8.677181034405959670e-01 -9.993854478424104570e-01 -1.317644540774174367e+00 7.423655044369048550e-02 -4.048373013604053550e-01 -9.075118937186352763e-01 -4.484076183704633345e-01 -1.012590334806440895e+00 1.439513753101135385e-01 4.490333813103948302e-01 -6.460251559150201883e-01 -1.300365468035777461e+00 -1.714524752064875868e+00 1.315576936264176489e+00 1.176820832678565631e+00 2.324452874060202456e-01 7.885710296802169728e-01 1.416402385089219063e-01 -1.504166491278386530e+00 -1.309264365408800534e+00 -8.341969380346079266e-01 2.084289171724773571e+00 2.131727979747791935e+00 1.057180514345506417e+00 1.029228729629955152e+00 3.328487122176319590e-01 -1.669996274478350029e-01 7.503145552427671339e-01 6.018290470653973046e-01 -7.096360145565638877e-01 -2.324718254468537137e-01 -1.664318024624809267e+00 7.087268211315811417e-01 -1.018755240452028810e+00 -5.151514940015703425e-01 -8.311836126397484925e-01 -7.404749366468577065e-01 -1.280632384373060484e+00 2.153454237242578451e+00 -1.367647302620383254e+00 -1.724041766368982431e+00 1.027724470147226121e+00 -7.265771065678466867e-01 -8.966453509414545886e-01 1.950757988759541442e-02 -7.183103116835984903e-01 -1.787976438990167116e+00 -8.253892740489794377e-01 2.980421199927315024e-01 5.840029105653440356e-01 9.190718339206523924e-01 -4.120253913952698355e-01 7.313070787612171442e-01 -2.714917106231159658e-02 -1.095407483759127804e-01 8.775812616852615156e-01 -4.576359609294202713e-01 2.521501742482701314e+00 -3.861329578713562638e-01 -1.719606491968943107e+00 2.591256387356649094e-01 -1.589323162107528997e+00 4.643326363996927997e-01 1.667919466055327593e+00 7.554632025850074317e-01 -1.483013431892151179e-01 -1.870504028181467771e+00 -9.077551707699738071e-01 -6.426081697348487998e-01 7.717918060385482448e-01 -1.543903332940283812e+00 -1.326826356999955658e+00 -5.866773534124634926e-02 5.846885744939946949e-01 1.087034543480044774e-01 2.182895927814671566e+00 -4.363234787862253494e-01 -2.266345385371137056e+00 1.138563749147269322e+00 3.195738717419860930e-01 1.351698688054199238e+00 -7.009771155900860196e-01 -1.183030654049157748e+00 1.090659544943072684e-01 4.130008684226341709e-01
1.958097758359896412e+00 2.487391278427981245e+00 1.054597752013477496e+00 4.557642769318046017e-01 8.447515456985568161e-01 3.703783634371881628e-01 3.475051286311445775e-01 7.255163465347229668e-01 2.519427364324885232e+00 -2.077740482679006906e-01 1.719915822939067918e-01 -2.198683743104572930e+00 1.365622301694563445e+00 -3.355559166370552515e-01 -1.893959719424740840e+00 -4.862621451428720265e-01 -1.791426182066415462e+00 4.294617278221132817e-01 -3.128212404846528183e-02 3.357460122607757169e-01 -7.464309663363176695e-01 -1.916173206910852800e+00 -1.809519666045652064e+00 5.765928093830202661e-02 1.264734577324992060e+00 -7.601386733974677679e-01 -3.458233462345742248e-01 9.999172023510940477e-01 1.651959810525192029e+00 -1.997164861218762300e-01 -4.475260273657079568e-01 1.084067988465882815e+00 1.165498277416246106e-02 4.462081270532579635e-01 -1.410238192833739301e+00 2.157419182895307319e+00 2.134465511040418484e+00 1.005709452523154690e+00 -2.974828320353319899e-01 -1.720613828535449419e-01 4.178321981244347838e-01 1.472287965187250913e+00 -4.830203395755826024e-01 4.522824823162002184e-01 -7.485095677594816310e-01 7.508406568504291112e-01 4.395675101973284260e-01 4.877248115774721060e-01 2.645290442690740207e+00 1.239887835877349298e+00 -7.574811469609202264e-02 -9.173461813283009247e-01 1.250565536102644870e+00 -4.859801362205048991e-01 1.053856807291634112e+00 9.372425948906180082e-01 1.318712426940557458e+00 3.537878193898895129e-01 -1.148009469054320331e+00 -7.653993447345462942e-01 -3.929331256139671491e-01 -2.467977221922176945e+00 -1.225864979323795678e+00 1.712745826288814888e+00 -4.360383542094783960e-02 -1.904168303503032955e-01 2.401191660285086016e+00 -2.657107850799739213e-01 7.105459009539032422e-01 -8.192140172075339510e-01 1.010299535822886785e+00 -5.177251012239094674e-01 -1.889263900310705901e-02 -4.690547908750188066e-02 -5.145914515806299105e-01 7.022083441205390075e-02 -6.630205439657121946e-01 -5.475848002726989572e-01 -1.283362286817984366e+00 -2.297683003174364913e+00 -7.075548597378603644e-01 -3.305478790432291869e-01 1.279087681252772501e+00 -1.627730692457273198e+00 1.575681062855112391e-01 7.711713450291235450e-01 -1.757061291226844846e+00 -5.625663372041206367e-01 -2.149270384062587080e+00 9.814851559546883264e-02 4.429414343676571497e-01 4.330009491453890025e-01 5.480532780209473875e-01 2.291586756724889984e+00 -7.681749655524178211e-01 6.758165243821325774e-01 7.656980014138345947e-01 -5.339400186553587835e-01 -1.509042702924481838e-01 6.470782634856538929e-01
4.441743849801507715e-01 2.072989189112383279e+00 -1.680064936676907428e-01 1.598883548723353809e-01 1.350593011482653927e-01 1.658427372377206721e+00 -9.480461618946042224e-01 9.595240659864103794e-01 -1.614345738741109315e+00 1.701384679014485757e+00 4.197602996674094089e-01 -3.861823186642002748e-01 1.334641366853535294e+00 -1.163893470754280068e+00 2.165360469971415736e+00 -1.390602444391767500e+00 -2.361414747356830879e-01 -5.669936715730016230e-01 4.754482860972854552e-01 -7.040978578870257243e-01 -3.991036355582496808e-01 1.969430713362393948e-01 5.136882936527219501e-01 8.092901695286106589e-01 -1.370656384532907834e+00 -9.665844765576937503e-01 6.234342955584123991e-02 5.168851425692008172e-01 2.104436791900377024e+00 -1.188535189458423735e+00 1.356913702991449977e+00 3.955658073568159572e-01 1.982315756648014293e+00 2.090297003455131364e+00 1.076029971060980195e+00 -4.591170254794822436e-01 1.643371323167395870e+00 -9.559603964941106868e-01 8.907259637398464713e-01 6.816289518612181908e-01 -1.220334401966462146e+00 -7.709702087175791529e-01 2.052682317233167186e+00 -8.546065768564539145e-01 3.533143127864864924e-02 6.400156780402138645e-01 -1.213297894579014047e+00 1.850074934141943961e-01 1.048372195400125495e+00 -1.460656898577328500e+00 1.901810082296191640e+00 -1.092819644269712037e-01 -1.198723714902783399e+00 -5.528159321058259135e-01 9.718188689603410313e-02 -1.110238712626535840e+00 3.518062389704011417e-01 9.510817542543434921e-01 7.565696065633649159e-01 -5.056408793364703946e-01 -1.526195366507835605e+00 6.940068529562639643e-01 5.790318740437216949e-02 -1.435070916995432322e+00 -1.296583339506703014e+00 8.566870894842059103e-01 1.483545883046667901e+00 1.220621672356412946e+00 -1.794820739748324900e+00 3.107161109054119019e-01 3.521126921363629259e-01 -1.048334838755970333e+00 4.208583819104755874e-01 -1.061098483550277249e+00 5.344442125767014939e-01 1.737223038594440661e-01 -2.640930087297192475e-01 -6.025760583831982764e-01 8.671298099947745142e-01 4.731469633466836022e-01 -4.409721216607530025e-01 -3.430042901419903534e-01 1.198376458027041735e+00 5.783817609366130874e-01 -3.544544383390613729e-01 -8.054130858080866817e-01 6.775209284540761878e-01 -6.619078979593688850e-01 2.095443773922647246e-01 -3.450835570239089156e-01 -3.077577816871240657e+00 -7.241728436142167435e-01 -1.288754041295115671e-01 -1.227000542000162148e-01 1.705378139363044498e+00 -1.160230992243163506e+00 1.445048872648949434e+00 2.557347246145997843e+00 1.261949108286089194e+00 -4.433882767104126987e-01
1.086398985371623827e+00 -1.084778352613610775e+00 -1.145728244784448568e-01 1.614243154725480744e+00 4.926882401546998080e-01 -2.277256650010477945e-01 -2.833818384190418094e+00 -8.238028743927657827e-01 5.079194560281437287e-02 1.630987928627797512e+00 -9.854419031437178234e-01 1.735472745799383210e-01 -4.299328507788666709e-01 -1.576219592221230092e+00 -5.657138957757800179e-01 8.630140781274560080e-01 -9.939676768819508679e-01 -1.310501504085305191e+00 7.383423348709258760e-02 -4.026433052881400743e-01 -9.025919927317423985e-01 -4.459769588056693435e-01 -1.007101058276504091e+00 1.431709715815919493e-01 4.465990276373893453e-01 -6.425227981943112399e-01 -1.293316011455780234e+00 -1.705230120763288504e+00 1.308445214617111718e+00 1.170440962226342974e+00 2.311851759495905378e-01 7.842974174412449262e-01 1.408723552701798831e-01 -1.496012321841247772e+00 -1.302166691747575378e+00 -8.296747274799565197e-01 2.072990285555581735e+00 2.120171802341246359e+00 1.051448510930757418e+00 1.023648712100709179e+00 3.310443176047209723e-01 -1.660943057261687616e-01 7.462469598514750446e-01 5.985662612369239133e-01 -7.057891147328757553e-01 -2.312115997249532540e-01 -1.655295617578069534e+00 7.048845237587493262e-01 -1.013232557525022726e+00 -5.123588000313676893e-01 -8.266776800847135398e-01 -7.364607694428058071e-01 -1.273690067738009413e+00 2.141780277211228434e+00 -1.360233209468334481e+00 -1.714695488538190205e+00 1.022152761035662216e+00 -7.226382275022976698e-01 -8.917846011414944929e-01 1.940092491717123474e-02 -7.144162470558654832e-01 -1.778283797721900816e+00 -8.209147121157378546e-01 2.964263922748052726e-01 5.808369230875289890e-01 9.140902173269401798e-01 -4.097918708355848816e-01 7.273425315116820444e-01 -2.700199614570013978e-02 -1.089470918455750781e-01 8.728224369971082641e-01 -4.551551814642871285e-01 2.507832619072956071e+00 -3.840396942565262872e-01 -1.710284262122116372e+00 2.577207722755017194e-01 -1.580707202002225920e+00 4.618150816501780942e-01 1.658877584129188065e+00 7.513676563410136566e-01 -1.474967674955305341e-01 -1.860363698563409773e+00 -9.028340438660695799e-01 -6.391248061030776473e-01 7.676075608647164872e-01 -1.535533739396099939e+00 -1.319633308570214991e+00 -5.834981382060020622e-02 5.815189660926618487e-01 1.081141523382420644e-01 2.171062561266271729e+00 -4.339573034428063636e-01 -2.254059364614317218e+00 1.132391557331995369e+00 3.178414351649206382e-01 1.344370940509310275e+00 -6.971770495301167214e-01 -1.176617433434711479e+00 1.084748274455360761e-01 4.107618975029478925e-01
1.764046455688694559e+00 2.240890256562636296e+00 9.500817472057401236e-01 4.105974757667704700e-01 7.610321151605216050e-01 3.336719425857741506e-01 3.130673574113211344e-01 6.536135785988425040e-01 2.269750052011550778e+00 -1.871834195720020744e-01 1.549463993570724119e-01 -1.980790732001237897e+00 1.230284649873879532e+00 -3.023004245232837617e-01 -1.706266915980357846e+00 -4.380686842627550814e-01 -1.613890541918689525e+00 3.869017344426178284e-01 -2.817968231278168353e-02 3.025094993033522472e-01 -6.724582207154929936e-01 -1.726274394315674865e+00 -1.630189842255652000e+00 5.194354864809705430e-02 1.139397574379565681e+00 -6.848011011698988959e-01 -3.115531383289762424e-01 9.008231100827455151e-01 1.488250070763646349e+00 -1.799234448190675795e-01 -4.031704071653391952e-01 9.766161630385444825e-01 1.049933525098399774e-02 4.019882324629194814e-01 -1.270482348956570195e+00 1.943615508191703256e+00 1.922939668887651221e+00 9.060426447326919153e-01 -2.679878675452591064e-01 -1.550131525762317997e-01 3.764231206289381237e-01 1.326379419005676574e+00 -4.351517993611332957e-01 4.074591794347321994e-01 -6.743380192435052267e-01 6.764281735981828581e-01 3.960077205167389924e-01 4.393920962125643093e-01 2.383140388513054209e+00 1.117012131775362072e+00 -6.824045995956899702e-02 -8.264283721248887327e-01 1.126630172035378408e+00 -4.378181115767187381e-01 9.494158925247214720e-01 8.443577123031067444e-01 1.188018842456311397e+00 3.187297766596640658e-01 -1.034241387811653201e+00 -6.895342946156699515e-01 -3.539919366538348822e-01 -2.223398431219061777e+00 -1.104374351476215876e+00 1.543008211809339114e+00 -3.928123667229884569e-02 -1.715531943239872459e-01 2.163231801357264228e+00 -2.393774389458426521e-01 6.401299410920656685e-01 -7.380259332071278378e-01 9.101950645009740937e-01 -4.664174583459938517e-01 -1.702006652448115331e-02 -4.225784597716444185e-02 -4.635946066973937740e-01 6.326234947405867670e-02 -5.973110831272295806e-01 -4.933152780250004699e-01 -1.156178810653055500e+00 -2.069978641771053063e+00 -6.374329595583173580e-01 -2.977909289760119482e-01 1.152325504220006236e+00 -1.466419021368464248e+00 1.419547821714525482e-01 6.947456600937199633e-01 -1.582932777137765701e+00 -5.068194890005344178e-01 -1.936276390534553915e+00 8.842206959786759468e-02 3.990461872853232062e-01 3.900483379982745968e-01 4.937401612901958781e-01 2.064487418910475824e+00 -6.920436196667324458e-01 6.088415870829623211e-01 6.898154172797920092e-01 -4.810257068949931325e-01 -1.359514481097868210e-01 5.829482090525914817e-01
4.001552264275510806e-01 1.867554923650961873e+00 -1.513570797694823722e-01 1.440434158170620094e-01 1.216755761549984938e-01 1.494072276951739608e+00 -8.540938864886186144e-01 8.644342435325356178e-01 -1.454362947045477528e+00 1.532774972591574469e+00 3.781608651347796446e-01 -3.479093020681361392e-01 1.202375327994936516e+00 -1.048547504107493644e+00 1.950771667876243454e+00 -1.252788454154293740e+00 -2.127362535092489904e-01 -5.108046071486792572e-01 4.283303336573658360e-01 -6.343277864660222809e-01 -3.595467925479657323e-01 1.774270528197871843e-01 4.627820854996474997e-01 7.290845214471782798e-01 -1.234821116177185152e+00 -8.707910311076231258e-01 5.616363273389337468e-02 4.656596189833742128e-01 1.895885878814803860e+00 -1.070748865500060765e+00 1.222439529946923065e+00 3.563511686052564520e-01 1.785862117020046158e+00 1.883146091410564438e+00 9.693903180554811483e-01 -4.136182452299950740e-01 1.480513167058586488e+00 -8.612237438659919864e-01 8.024455642429253466e-01 6.140938692238895324e-01 -1.099392686421006404e+00 -6.945658901272181440e-01 1.849256547983162191e+00 -7.699115454735995234e-01 3.182223513173854795e-02 5.765886285864370020e-01 -1.093055031429745583e+00 1.666720222269542639e-01 9.444788878655270281e-01 -1.315901836740880348e+00 1.713336949460513292e+00 -9.844676968202979717e-02 -1.079927088395223223e+00 -4.980309483618647892e-01 8.755139405367429184e-02 -1.000209843683925959e+00 3.169415849786628714e-01 8.568267785235816891e-01 6.815892573849448022e-01 -4.555291025058517684e-01 -1.374941594202304884e+00 6.252304680676649129e-01 5.216421739126465146e-02 -1.292852601934566970e+00 -1.168085949049335381e+00 7.717833535356869445e-01 1.336525549669241419e+00 1.099651432100990922e+00 -1.616948044891014513e+00 2.799212926273553226e-01 3.172262827388341311e-01 -9.444376450979475868e-01 3.791509763062537175e-01 -9.559370426344990790e-01 4.814776684281206753e-01 1.565073341231453252e-01 -2.379198335168934419e-01 -5.428584088127743623e-01 7.811966890012841391e-01 4.262548485811025745e-01 -3.972787634018039027e-01 -3.090111712640825070e-01 1.079615539523666845e+00 5.210605834932012792e-01 -3.193266331481723896e-01 -7.255973054793443122e-01 6.103762716606254690e-01 -5.963023700758178780e-01 1.887808965093982216e-01 -3.108845773650335542e-01 -2.772590323694465564e+00 -6.523969436238900022e-01 -1.161044809460576865e-01 -1.105393736017315637e-01 1.536370393970700743e+00 -1.045249205209984433e+00 1.301838694785731221e+00 2.303911785209755703e+00 1.136886178868490971e+00 -3.994465452586927201e-01
9.787349681894246256e-01 -9.772762772349526950e-01 -1.032171304866851685e-01 1.454266043183839674e+00 4.438641156416319178e-01 -2.051581312091110831e-01 -2.552984509687767911e+00 -7.421599379171555100e-01 4.575837072384759258e-02 1.469353556176859366e+00 -8.877810320967599589e-01 1.563475866912753809e-01 -3.873282395665633149e-01 -1.420012517506427541e+00 -5.096517392363550947e-01 7.774866606905946886e-01 -8.954630501206997106e-01 -1.180628430290345809e+00 6.651921008524563916e-02 -3.627515830116214146e-01 -8.131398008634684871e-01 -4.017829745152632914e-01 -9.072962141052084428e-01 1.289818992348874815e-01 4.023383341289309412e-01 -5.788440465167316029e-01 -1.165144527345069569e+00 -1.536237364183714371e+00 1.178777707446436729e+00 1.054443979161919787e+00 2.082741308727063811e-01 7.065936351908908009e-01 1.269109402399017095e-01 -1.347755039136994348e+00 -1.173118498660285391e+00 -7.474528821334459616e-01 1.867556225130311276e+00 1.910059915964875676e+00 9.472319727511161469e-01 9.221948563039108482e-01 2.982372239907517542e-01 -1.496339603110770911e-01 6.722910007364401030e-01 5.392433788126612670e-01 -6.358455286344170121e-01 -2.082984323844935814e-01 -1.491252304621944802e+00 6.350251115885096054e-01 -9.128203046769224338e-01 -4.615827079890072460e-01 -7.447518844594470666e-01 -6.634760980020136811e-01 -1.147466327456759583e+00 1.929526898646712008e+00 -1.225431830724536875e+00 -1.544763788334001298e+00 9.208497349146550492e-01 -6.510225079583517038e-01 -8.034075155239744914e-01 1.746311235687616689e-02 -6.436153340299496373e-01 -1.602054247488621685e+00 -7.395593517736114286e-01 2.670496304680224919e-01 5.232737619135527929e-01 8.235144896491274347e-01 -3.691823614211369731e-01 6.552601592337818914e-01 -2.432609138733067902e-02 -9.815310491385720315e-02 7.863006756901108618e-01 -4.100500683434044613e-01 2.259303562606699511e+00 -3.459804675119607098e-01 -1.540789790796577075e+00 2.321780045471543430e-01 -1.424053974066403550e+00 4.160420423078990404e-01 1.494480109609779062e+00 6.769035611279028419e-01 -1.328690973345562631e-01 -1.675994835131147775e+00 -8.133594222319860956e-01 -5.757906897092996967e-01 6.915310347350485110e-01 -1.383359676688584949e+00 -1.188851290076001099e+00 -5.256925525740908239e-02 5.238898248680082803e-01 9.739961723458494258e-02 1.955910589007331613e+00 -3.909373011755281069e-01 -2.030677743224514664e+00 1.020170110107789796e+00 2.863426748944518097e-01 1.211139648635875421e+00 -6.280851454880312934e-01 -1.060013611106504605e+00 9.772689815616926456e-02 3.700535361427679804e-01
