# 
#                 ----------------------------------------------------
#                 Data from a 3D direct N-body simulation. 
# 
#                 rows are i-particle; 
#                 coumns are :mass, tag, x ,y, z, vx, vy, vz, ax, ay, az
# 
#                 NTHU, Computational Physics Lab
# 
#                 ----------------------------------------------------
#                 Time = 4.399999999999951
1.000000000000000000e+00 2.000000000000000000e+00 3.000000000000000000e+00 4.000000000000000000e+00 5.000000000000000000e+00 6.000000000000000000e+00 7.000000000000000000e+00 8.000000000000000000e+00 9.000000000000000000e+00 1.000000000000000000e+01 1.100000000000000000e+01 1.200000000000000000e+01 1.300000000000000000e+01 1.400000000000000000e+01 1.500000000000000000e+01 1.600000000000000000e+01 1.700000000000000000e+01 1.800000000000000000e+01 1.900000000000000000e+01 2.000000000000000000e+01 2.100000000000000000e+01 2.200000000000000000e+01 2.300000000000000000e+01 2.400000000000000000e+01 2.500000000000000000e+01 2.600000000000000000e+01 2.700000000000000000e+01 2.800000000000000000e+01 2.900000000000000000e+01 3.000000000000000000e+01 3.100000000000000000e+01 3.200000000000000000e+01 3.300000000000000000e+01 3.400000000000000000e+01 3.500000000000000000e+01 3.600000000000000000e+01 3.700000000000000000e+01 3.800000000000000000e+01 3.900000000000000000e+01 4.000000000000000000e+01 4.100000000000000000e+01 4.200000000000000000e+01 4.300000000000000000e+01 4.400000000000000000e+01 4.500000000000000000e+01 4.600000000000000000e+01 4.700000000000000000e+01 4.800000000000000000e+01 4.900000000000000000e+01 5.000000000000000000e+01 5.100000000000000000e+01 5.200000000000000000e+01 5.300000000000000000e+01 5.400000000000000000e+01 5.500000000000000000e+01 5.600000000000000000e+01 5.700000000000000000e+01 5.800000000000000000e+01 5.900000000000000000e+01 6.000000000000000000e+01 6.100000000000000000e+01 6.200000000000000000e+01 6.300000000000000000e+01 6.400000000000000000e+01 6.500000000000000000e+01 6.600000000000000000e+01 6.700000000000000000e+01 6.800000000000000000e+01 6.900000000000000000e+01 7.000000000000000000e+01 7.100000000000000000e+01 7.200000000000000000e+01 7.300000000000000000e+01 7.400000000000000000e+01 7.500000000000000000e+01 7.600000000000000000e+01 7.700000000000000000e+01 7.800000000000000000e+01 7.900000000000000000e+01 8.000000000000000000e+01 8.100000000000000000e+01 8.200000000000000000e+01 8.300000000000000000e+01 8.400000000000000000e+01 8.500000000000000000e+01 8.600000000000000000e+01 8.700000000000000000e+01 8.800000000000000000e+01 8.900000000000000000e+01 9.000000000000000000e+01 9.100000000000000000e+01 9.200000000000000000e+01 9.300000000000000000e+01 9.400000000000000000e+01 9.500000000000000000e+01 9.600000000000000000e+01 9.700000000000000000e+01 9.800000000000000000e+01 9.900000000000000000e+01 1.000000000000000000e+02
2.000000000000000111e-01 2.000000000000000111e-01 2.000000000000000111e-01 2.000000000000000111e-01 2.000000000000000111e-01 2.000000000000000111e-01 2.000000000000000111e-01 2.000000000000000111e-01 2.000000000000000111e-01 2.000000000000000111e-01 2.000000000000000111e-01 2.000000000000000111e-01 2.000000000000000111e-01 2.000000000000000111e-01 2.000000000000000111e-01 2.000000000000000111e-01 2.000000000000000111e-01 2.000000000000000111e-01 2.000000000000000111e-01 2.000000000000000111e-01 2.000000000000000111e-01 2.000000000000000111e-01 2.000000000000000111e-01 2.000000000000000111e-01 2.000000000000000111e-01 2.000000000000000111e-01 2.000000000000000111e-01 2.000000000000000111e-01 2.000000000000000111e-01 2.000000000000000111e-01 2.000000000000000111e-01 2.000000000000000111e-01 2.000000000000000111e-01 2.000000000000000111e-01 2.000000000000000111e-01 2.000000000000000111e-01 2.000000000000000111e-01 2.000000000000000111e-01 2.000000000000000111e-01 2.000000000000000111e-01 2.000000000000000111e-01 2.000000000000000111e-01 2.000000000000000111e-01 2.000000000000000111e-01 2.000000000000000111e-01 2.000000000000000111e-01 2.000000000000000111e-01 2.000000000000000111e-01 2.000000000000000111e-01 2.000000000000000111e-01 2.000000000000000111e-01 2.000000000000000111e-01 2.000000000000000111e-01 2.000000000000000111e-01 2.000000000000000111e-01 2.000000000000000111e-01 2.000000000000000111e-01 2.000000000000000111e-01 2.000000000000000111e-01 2.000000000000000111e-01 2.000000000000000111e-01 2.000000000000000111e-01 2.000000000000000111e-01 2.000000000000000111e-01 2.000000000000000111e-01 2.000000000000000111e-01 2.000000000000000111e-01 2.000000000000000111e-01 2.000000000000000111e-01 2.000000000000000111e-01 2.000000000000000111e-01 2.000000000000000111e-01 2.000000000000000111e-01 2.000000000000000111e-01 2.000000000000000111e-01 2.000000000000000111e-01 2.000000000000000111e-01 2.000000000000000111e-01 2.000000000000000111e-01 2.000000000000000111e-01 2.000000000000000111e-01 2.000000000000000111e-01 2.000000000000000111e-01 2.000000000000000111e-01 2.000000000000000111e-01 2.000000000000000111e-01 2.000000000000000111e-01 2.000000000000000111e-01 2.000000000000000111e-01 2.000000000000000111e-01 2.000000000000000111e-01 2.000000000000000111e-01 2.000000000000000111e-01 2.000000000000000111e-01 2.000000000000000111e-01 2.000000000000000111e-01 2.000000000000000111e-01 2.000000000000000111e-01 2.000000000000000111e-01 2.000000000000000111e-01
2.669701121466799876e+01 3.391366723184218301e+01 1.437840795187372933e+01 6.213975543082594477e+00 1.151734945189903314e+01 5.049744681168183646e+00 4.737967921109962788e+00 9.891687641332254088e+00 3.435038965356665130e+01 -2.832831827859028984e+00 2.344939365755350114e+00 -2.997723401398020471e+01 1.861902962880183665e+01 -4.574968115897902088e+00 -2.582264206868656586e+01 -6.629604536259600778e+00 -2.442450661048031080e+01 5.855369981101959276e+00 -4.264052445343832209e-01 4.579197443549087865e+00 -1.017695735563248149e+01 -2.612530554106484715e+01 -2.467114925073204290e+01 7.860673078388994428e-01 1.724361747865608763e+01 -1.036357587628662813e+01 -4.715076841793544915e+00 1.363301252943153052e+01 2.252319474108352537e+01 -2.722933567509758568e+00 -6.101427789788340661e+00 1.477954949312631605e+01 1.588793043500805746e-01 6.083680046991321255e+00 -1.922747320777128621e+01 2.941462387479595009e+01 2.910180263913208876e+01 1.371204134457749468e+01 -4.055330380243169053e+00 -2.346058028251978733e+00 5.696742462270508511e+00 2.007332083706906189e+01 -6.585562666180511115e+00 6.166437207444560364e+00 -1.020560754045242113e+01 1.023696212132094274e+01 5.993227359364011519e+00 6.649792444153894699e+00 3.606644959394505889e+01 1.690480734303553945e+01 -1.032724188007519528e+00 -1.250693872814516538e+01 1.705032501537486311e+01 -6.625909977951962126e+00 1.436837739359502386e+01 1.277841235620737592e+01 1.797924637259099256e+01 4.823728678527243297e+00 -1.565222237020493345e+01 -1.043503594718436034e+01 -5.357279359277899111e+00 -3.364889795845678577e+01 -1.671341849154862302e+01 2.335179429897652525e+01 -5.944422990569440124e-01 -2.596476954447380248e+00 3.273834835777291374e+01 -3.622704067554071372e+00 9.687716545911181143e+00 -1.116918954824978094e+01 1.377536809489852310e+01 -7.058741781018112782e+00 -2.575733361712389535e-01 -6.395507558412346638e-01 -7.016027717496947425e+00 9.574249649998859413e-01 -9.039603691096743887e+00 -7.465736079945134662e+00 -1.749757199750217751e+01 -3.132699113397362467e+01 -9.646834706864941822e+00 -4.506784137814547897e+00 1.743919123219734857e+01 -2.219271822262060212e+01 2.148393666354814879e+00 1.051422327081467323e+01 -2.395603490497099841e+01 -7.670314738996589554e+00 -2.930361325651645643e+01 1.338183562388337355e+00 6.039180755628232866e+00 5.901811882450122226e+00 7.472245475337865983e+00 3.124391163922813064e+01 -1.047325773031115936e+01 9.214179481823590478e+00 1.043962823665744111e+01 -7.279829703632688442e+00 -2.057542361559153488e+00 8.822222400128323372e+00
6.055916694943819678e+00 2.826358835419636861e+01 -2.290642209860443312e+00 2.179956142244884543e+00 1.841459096308344812e+00 2.261118449649884354e+01 -1.292585049813049736e+01 1.308233927445330380e+01 -2.201032930077582606e+01 2.319698070074723262e+01 5.723061614014560483e+00 -5.265201340250262874e+00 1.819668856431654547e+01 -1.586862568070893253e+01 2.952297721593560809e+01 -1.895958014289377402e+01 -3.219454414158066324e+00 -7.730528423869934329e+00 6.482331985923745599e+00 -9.600100786501274186e+00 -5.441230360807308486e+00 2.685214019751147152e+00 7.003762742490123649e+00 1.103384152703398691e+01 -1.868771989190989657e+01 -1.317843293856591380e+01 8.499379318998372401e-01 7.047241222406483985e+00 2.869234433510600013e+01 -1.620466737127357959e+01 1.850031417904012443e+01 5.392631522058469962e+00 2.702710464402796831e+01 2.849950509227191731e+01 1.467063224162089874e+01 -6.259699719214665059e+00 2.240611726381254698e+01 -1.303375177550720032e+01 1.214396395924902983e+01 9.294112065436273440e+00 -1.663804917390611848e+01 -1.051154273216669743e+01 2.798655082884703660e+01 -1.165175984400482889e+01 4.813785572387803136e-01 8.726063171763803084e+00 -1.654217788950402479e+01 2.522383686211513876e+00 1.429377484291741318e+01 -1.991477653064117348e+01 2.592957414327128873e+01 -1.489745663158659861e+00 -1.634355345513073843e+01 -7.537185474457618994e+00 1.325011225564020068e+00 -1.513707995508006476e+01 4.796582596077566762e+00 1.296715775367938406e+01 1.031506652292320503e+01 -6.893909969687940453e+00 -2.080817786788740520e+01 9.462243124792715676e+00 7.894330203421394687e-01 -1.956598179600630516e+01 -1.767767117142549083e+01 1.168001696638763676e+01 2.022698092053209251e+01 1.664196344274704131e+01 -2.447076063404446344e+01 4.236255238169456483e+00 4.801133562567585500e+00 -1.429293839725056614e+01 5.738069718791066087e+00 -1.446698816826075351e+01 7.286606290911816330e+00 2.368610943303968597e+00 -3.600640419277294946e+00 -8.215565044058571686e+00 1.182263232614192461e+01 6.450859298236052197e+00 -6.012621134318513860e+00 -4.676542884408658729e+00 1.633887469238662504e+01 7.885643180767178961e+00 -4.832657971531285845e+00 -1.098122399675018812e+01 9.237382673290044366e+00 -9.024160548108532964e+00 2.857080494225152645e+00 -4.704900498418373544e+00 -4.196045614140940927e+01 -9.873098101829937079e+00 -1.757145377243973794e+00 -1.672874397566953997e+00 2.325132990727691151e+01 -1.581874350194673262e+01 1.970189227004761179e+01 3.486738601184013930e+01 1.720555495771322896e+01 -6.045178184628705154e+00
1.481214404764932624e+01 -1.479010558590890767e+01 -1.562047607705145502e+00 2.200873727802321866e+01 6.717485147234447673e+00 -3.104869904261535751e+00 -3.863685464868662223e+01 -1.123175094692227205e+01 6.925055876767644003e-01 2.223713206384770658e+01 -1.343559760311280726e+01 2.366135572356377281e+00 -5.861882634668908132e+00 -2.149039686154543105e+01 -7.713083181322687665e+00 1.176642411086354834e+01 -1.355188955462155143e+01 -1.786759025752119001e+01 1.006757745475340027e+00 -5.490178948786446078e+00 -1.230592667517301564e+01 -6.080657635374941528e+00 -1.373100932210843972e+01 1.951991707130838805e+00 6.088920848375380501e+00 -8.760105848433136444e+00 -1.763321477404149817e+01 -2.324932559066157367e+01 1.783963139100216821e+01 1.595780263096939144e+01 3.152008653210408795e+00 1.069416855203875194e+01 1.920645982189625567e+00 -2.039688559816179136e+01 -1.775390402668677581e+01 -1.131193817964373416e+01 2.826361682590998115e+01 2.890680882734532631e+01 1.433492556947625651e+01 1.395622981866303647e+01 4.513511900302412450e+00 -2.264552470415885033e+00 1.017438610330771809e+01 8.160782256309733640e+00 -9.622903515068175651e+00 -3.152390331588053929e+00 -2.256854684663059274e+01 9.610334202889143640e+00 -1.381461724599952667e+01 -6.985565529588034117e+00 -1.127103443321135678e+01 -1.004102244546253786e+01 -1.736575118799044404e+01 2.920141999060065530e+01 -1.854564889834823660e+01 -2.337833877006031003e+01 1.393594507011201777e+01 -9.852525457678757093e+00 -1.215875259080524984e+01 2.638618147428234417e-01 -9.740425341427465966e+00 -2.424547879567418818e+01 -1.119243163973781208e+01 4.041509642891851328e+00 7.919174490184146542e+00 1.246338423407575391e+01 -5.587238187328940064e+00 9.916645409731184913e+00 -3.681514077691219189e-01 -1.485525937071310532e+00 1.189918798074976714e+01 -6.205728219230958409e+00 3.419227034122040010e+01 -5.236051040019229497e+00 -2.331819836061536577e+01 3.513713194988017374e+00 -2.155152032984072363e+01 6.296189002216602937e+00 2.261741921449000614e+01 1.024417378730039552e+01 -2.010542738741291302e+00 -2.536435195181034530e+01 -1.230929400770767046e+01 -8.714117172790768251e+00 1.046546082241662390e+01 -2.093572117370406716e+01 -1.799192373441793791e+01 -7.956376323485644386e-01 7.928543068717293529e+00 1.474036137541148594e+00 2.960080310412431004e+01 -5.916036434464798432e+00 -3.073220035185678967e+01 1.543923653328817913e+01 4.333497497472619031e+00 1.832929855536638541e+01 -9.505408040969756556e+00 -1.604224040109467708e+01 1.479054936054362113e+00 5.600346421992593804e+00
9.543397219412470989e+00 1.212316927630751451e+01 5.139835683503112485e+00 2.221315949735414463e+00 4.117094110632646853e+00 1.805127107428810440e+00 1.693688904106504856e+00 3.535969292195525693e+00 1.227927473839242722e+01 -1.012655423122294174e+00 8.382436237090891140e-01 -1.071598621723926215e+01 6.655743601532227771e+00 -1.635408134000680969e+00 -9.230851699495335794e+00 -2.369861826632877033e+00 -8.731031112850693887e+00 2.093126193232939691e+00 -1.524113901179433295e-01 1.637181355757201917e+00 -3.637963405188401556e+00 -9.339013334917400044e+00 -8.819191159653936296e+00 2.809850765691351282e-01 6.164091195858676819e+00 -3.704630294246268551e+00 -1.685512168354350138e+00 4.873399076143404507e+00 8.051398965400672125e+00 -9.733636179861788751e-01 -2.181047388552521227e+00 5.283126651191972556e+00 5.679045202380887669e-02 2.174738268517679707e+00 -6.873267181737254816e+00 1.051486919521963692e+01 1.040306594360583858e+01 4.901658539137715209e+00 -1.449566285117953601e+00 -8.386701340710690511e-01 2.036410567670198013e+00 7.175609166677229034e+00 -2.354143238796315707e+00 2.204311713361533975e+00 -3.648254453090812532e+00 3.659394596848648540e+00 2.142417879076225162e+00 2.377117565850557668e+00 1.289271942482286804e+01 6.042969230310248463e+00 -3.691625886453179795e-01 -4.470814931460957986e+00 6.094977361382328596e+00 -2.368565098901332266e+00 5.136261463735031896e+00 4.567891110117591857e+00 6.427006939870216762e+00 1.724362043585363491e+00 -5.595222686792661548e+00 -3.730132964909776305e+00 -1.915064831496931408e+00 -1.202851008877328454e+01 -5.974521617770669479e+00 8.347572431911443047e+00 -2.124862218693956972e-01 -9.282127211087553009e-01 1.170301777796036369e+01 -1.295004166543485713e+00 3.463077659430792377e+00 -3.992640799904887405e+00 4.924414821157784949e+00 -2.523292302582464508e+00 -9.207301079240147457e-02 -2.286260438081038626e-01 -2.508024967434832053e+00 3.422549826477916390e-01 -3.231373292701704258e+00 -2.668762078906479207e+00 -6.254869513173953344e+00 -1.119848245803111908e+01 -3.448447432199792662e+00 -1.611049726697562523e+00 6.233984148209479770e+00 -7.933242134732673811e+00 7.680012395239425027e-01 3.758518367126039372e+00 -8.563576534489392600e+00 -2.741943633809745595e+00 -1.047520072419973225e+01 4.783631190312354620e-01 2.158837343348957383e+00 2.109438579554170801e+00 2.671108454084842432e+00 1.116878998572518533e+01 -3.743856471330324176e+00 3.293797080604100369e+00 3.731857517357757281e+00 -2.602326522499203154e+00 -7.355252828867789860e-01 3.153662402409300292e+00
2.164808108828580213e+00 1.010342314571283495e+01 -8.188397491372657599e-01 7.792723980274017803e-01 6.582738175866996722e-01 8.082822439902736633e+00 -4.620618325002117111e+00 4.676558025350008307e+00 -7.868059967778077812e+00 8.292244834197246561e+00 2.045823850038884117e+00 -1.882143834032187657e+00 6.504778297354337546e+00 -5.672554750606782825e+00 1.055361517466895371e+01 -6.777475200888774864e+00 -1.150838795606867304e+00 -2.763444456741913857e+00 2.317242559962050308e+00 -3.431805150992611075e+00 -1.945046368358251732e+00 9.598949078373283372e-01 2.503648380725043143e+00 3.944250728315483734e+00 -6.680307084558114283e+00 -4.710881742713608489e+00 3.038179383612537587e-01 2.519173469885179983e+00 1.025668992776765798e+01 -5.792691359823301411e+00 6.613309335040049142e+00 1.927615703423721127e+00 9.661380217911727186e+00 1.018774677396254269e+01 5.244299522733476770e+00 -2.237662956080662457e+00 8.009550282907124341e+00 -4.659189441831562917e+00 4.341057237189872353e+00 3.322479833592154375e+00 -5.947584950373422608e+00 -3.757569999594031707e+00 1.000436320440827664e+01 -4.165149105628362491e+00 1.720251816873409889e-01 3.119309525689872409e+00 -5.913324230397428494e+00 9.016721020306470713e-01 5.109621212754164254e+00 -7.118939888286805129e+00 9.269060678946635434e+00 -5.325049621378383780e-01 -5.842334932073470100e+00 -2.694323429173495654e+00 4.736554842164689694e-01 -5.411047311550146510e+00 1.714637572390748765e+00 4.635371628991625137e+00 3.687313829797324694e+00 -2.464358027279736962e+00 -7.438279059895472223e+00 3.382481128335391052e+00 2.821946347267657584e-01 -6.994263752997269989e+00 -6.319224381576995064e+00 4.175232829260641765e+00 7.230564884642562973e+00 5.948983799727608712e+00 -8.747561120142881563e+00 1.514321365183222579e+00 1.716323883678078754e+00 -5.109270076042120579e+00 2.051194651813180059e+00 -5.171492257367451550e+00 2.604733387951270629e+00 8.467174149819098883e-01 -1.287116003502520645e+00 -2.936814988530719983e+00 4.226251518016035824e+00 2.305976682181976045e+00 -2.149389340222192413e+00 -1.671721711842643954e+00 5.840671303288980987e+00 2.818869163743630946e+00 -1.727528584271986745e+00 -3.925480273165951939e+00 3.302085974082883180e+00 -3.225809282216399065e+00 1.021341415339451997e+00 -1.681860090699077270e+00 -1.499967478594819958e+01 -3.529280648919046914e+00 -6.281339002067198862e-01 -5.979975016431442469e-01 8.311657420037722233e+00 -5.654731723840881408e+00 7.042826951750287279e+00 1.246408427536959529e+01 6.150471416896437837e+00 -2.160966126344437299e+00
5.294907994982507304e+00 -5.287039055486326689e+00 -5.583771731069498978e-01 7.867460049386120424e+00 2.401318992594862145e+00 -1.109903372265736099e+00 -1.381156142547653687e+01 -4.015004056066174165e+00 2.475504440614471613e-01 7.949119442798711077e+00 -4.802820046285503075e+00 8.458183587774876777e-01 -2.095468505126853564e+00 -7.682181133285668651e+00 -2.757208839692363078e+00 4.206143802989878999e+00 -4.844399005423371207e+00 -6.387139840709699534e+00 3.599007027183329099e-01 -1.962653851226521251e+00 -4.398982761781741857e+00 -2.173678462814452317e+00 -4.908438175289642658e+00 6.977759102330542973e-01 2.176597549643061846e+00 -3.131456502149935872e+00 -6.303347006354469428e+00 -8.310943133844316932e+00 6.377157622845295748e+00 5.704418137130968347e+00 1.126749505544547558e+00 3.823000224289380355e+00 6.865697736443731047e-01 -7.291290504822232954e+00 -6.346492687720132864e+00 -4.043689269330044134e+00 1.010343547855170065e+01 1.033334367101564588e+01 5.124205096094306633e+00 4.988885275323452717e+00 1.613448208651798943e+00 -8.095104583416276034e-01 3.637034300044800883e+00 2.917213808610821246e+00 -3.439915559055638283e+00 -1.126889357483708887e+00 -8.067590483206547702e+00 3.435384789578625142e+00 -4.938327161147787692e+00 -2.497132145259845171e+00 -4.029060762720249045e+00 -3.589370716188591715e+00 -6.207755691896710282e+00 1.043865816212270836e+01 -6.629527285579724705e+00 -8.357055319277126415e+00 4.981651815774186254e+00 -3.521982480497409806e+00 -4.346400333128880966e+00 9.421867960113218532e-02 -3.481909925980325227e+00 -8.667059029744125453e+00 -4.000957857601121326e+00 1.444718710095994618e+00 2.830864745204419552e+00 4.455379059094036087e+00 -1.997284939879390375e+00 3.544900409848148026e+00 -1.316036264193520822e-01 -5.310516810906240615e-01 4.253449075973640525e+00 -2.218376888035606953e+00 1.222274619294100795e+01 -1.871733430604860748e+00 -8.335557359490223917e+00 1.256034558910098298e+00 -7.704021207950838779e+00 2.250659560523782243e+00 8.085066540701081550e+00 3.661976773109036021e+00 -7.186380143179924573e-01 -9.066988722247293353e+00 -4.400197189181398016e+00 -3.115071101728776437e+00 3.741059612959368508e+00 -7.483907499158225285e+00 -6.431558156372030766e+00 -2.844309666483987309e-01 2.834224813262848031e+00 5.269231607767540515e-01 1.058144881997069042e+01 -2.114712629575474789e+00 -1.098585915734000196e+01 5.519078731971024609e+00 1.549097672082283994e+00 6.552175375751163600e+00 -3.397902068438542145e+00 -5.734638302888095396e+00 5.287333781077905304e-01 2.001952061840388097e+00
1.764018768035456874e+00 2.240876424871915518e+00 9.500503926708553371e-01 4.105926523080872248e-01 7.610057436528084862e-01 3.336607322879583948e-01 3.130657393622647833e-01 6.535899915891082435e-01 2.269728561440221615e+00 -1.871813963011502158e-01 1.549415751187603330e-01 -1.980763768997389596e+00 1.230256300652972534e+00 -3.022894905820041056e-01 -1.706251523678043114e+00 -4.380422765732667201e-01 -1.613856201066633744e+00 3.868981479122540201e-01 -2.816771015150151131e-02 3.026875411957986040e-01 -6.724477557537934524e-01 -1.726235810992216457e+00 -1.630149861760916918e+00 5.193486281806725113e-02 1.139382957201733326e+00 -6.847588326075710885e-01 -3.115559893386893320e-01 9.008072371822012370e-01 1.488240091642076823e+00 -1.799169077608084033e-01 -4.031396569739708613e-01 9.765082316260563777e-01 1.049611306220494915e-02 4.019829162014585400e-01 -1.270469895858819198e+00 1.943588821396623478e+00 1.922928587140895873e+00 9.060331800684279235e-01 -2.679148745491850558e-01 -1.550275641409306626e-01 3.764117888060468098e-01 1.326348970310639031e+00 -4.351435625006389585e-01 4.074466906244585962e-01 -6.743632553058610535e-01 6.764040999589354675e-01 3.960124607533036523e-01 4.393939573543109156e-01 2.383119770579861019e+00 1.116992594917731507e+00 -6.823507583846318003e-02 -8.263805423527680327e-01 1.126603142371519706e+00 -4.378090247290358228e-01 9.493927920259657149e-01 8.443329645075272616e-01 1.187967354307696510e+00 3.187397660529605603e-01 -1.034234555736891270e+00 -6.894614535352643347e-01 -3.539826553054378211e-01 -2.223376240074622423e+00 -1.104332094550131149e+00 1.542978203275461979e+00 -3.927380220038168696e-02 -1.715855432954943582e-01 2.163212304296517452e+00 -2.393692660957245644e-01 6.401224909355193171e-01 -7.380025432214245562e-01 9.102714359525395649e-01 -4.664097656152246252e-01 -1.701843387766682064e-02 -4.226111093912136157e-02 -4.635881766175616869e-01 6.326401825571384419e-02 -5.972876435758608382e-01 -4.932936308459779928e-01 -1.156161789410147245e+00 -2.069948633203894328e+00 -6.374138715543071765e-01 -2.977911646748380159e-01 1.152297015153502580e+00 -1.466394080263172084e+00 1.419623930308124837e-01 6.947292856899464075e-01 -1.582906359309546263e+00 -5.068342593831703935e-01 -1.936260341441151223e+00 8.842198796322972565e-02 3.990454429535859049e-01 3.898355887129402730e-01 4.937325650188163495e-01 2.064461836464255740e+00 -6.920143416535016190e-01 6.088310230222687691e-01 6.898025040069061253e-01 -4.810190717447625497e-01 -1.359596713028796977e-01 5.829224918096213015e-01
4.001459096631237444e-01 1.867540509539560745e+00 -1.513564759131709736e-01 1.440426857026478602e-01 1.216782096526483753e-01 1.494040331198345894e+00 -8.540851773658360013e-01 8.644250544868335995e-01 -1.454350126273221466e+00 1.532755034153320928e+00 3.781530888489086362e-01 -3.478959180314492028e-01 1.202354077450442649e+00 -1.048521834552290422e+00 1.950754147616312828e+00 -1.252755991226666810e+00 -2.127173246962953401e-01 -5.108021157601563278e-01 4.283231120783642654e-01 -6.343548136874302967e-01 -3.595168470063211941e-01 1.774313343338981275e-01 4.627812906548794958e-01 7.290561195943866535e-01 -1.234799004517392440e+00 -8.707622755668169567e-01 5.615559621399119489e-02 4.656463588945614074e-01 1.895870380399693467e+00 -1.070731211682574235e+00 1.222413485085193097e+00 3.562793355546467478e-01 1.785822740248859342e+00 1.883124442668947074e+00 9.693602789258246588e-01 -4.136147879865023635e-01 1.480505531842189582e+00 -8.612146194301415481e-01 8.023945840107711280e-01 6.141621318326183632e-01 -1.099354590043798874e+00 -6.945566322624255884e-01 1.849222795198169234e+00 -7.698902571975316800e-01 3.178307054103162582e-02 5.765783442039398299e-01 -1.093024582845518511e+00 1.666650968371495289e-01 9.444760720266326404e-01 -1.315875637053159242e+00 1.713309817347645758e+00 -9.841968247922074087e-02 -1.079906311825138854e+00 -4.980238866947191423e-01 8.755211266496357170e-02 -1.000183969230224568e+00 3.169367591158834818e-01 8.568087597794303845e-01 6.815645275345489917e-01 -4.555130912460078063e-01 -1.374896000697303444e+00 6.252258476916766616e-01 5.216016261069725962e-02 -1.292832352805690199e+00 -1.168050465489732792e+00 7.717494839636427351e-01 1.336514269619417439e+00 1.099613051808908226e+00 -1.616910442988991115e+00 2.799057496543236323e-01 3.172644498550907799e-01 -9.443971652820516427e-01 3.791474074388592186e-01 -9.558996347383387215e-01 4.814597804543712112e-01 1.565110817965380263e-01 -2.379109199206817793e-01 -5.428439911735136736e-01 7.811900486494030016e-01 4.262365925842909742e-01 -3.973114913124417558e-01 -3.090027199136552993e-01 1.079601191825952045e+00 5.210404021691267262e-01 -3.193182476226560373e-01 -7.255969673854459900e-01 6.103616620066787402e-01 -5.962474854341167640e-01 1.887917136589465084e-01 -3.108770827863523989e-01 -2.772578888841288336e+00 -6.523419686344308355e-01 -1.161070283742621917e-01 -1.105333393153419691e-01 1.536339085789515613e+00 -1.045229646656007150e+00 1.301803274661241128e+00 2.303888694200070031e+00 1.136861814486427313e+00 -3.994348696556610512e-01
9.787207918944521579e-01 -9.772687439689597966e-01 -1.032090386356923906e-01 1.454230959347693641e+00 4.438682722122260227e-01 -2.051575081767113840e-01 -2.552959568246067068e+00 -7.421360449673706228e-01 4.575768179586761630e-02 1.469329048940982263e+00 -8.877588664624583847e-01 1.563410888195785053e-01 -3.873349269198255729e-01 -1.419987042193998850e+00 -5.096496592391243086e-01 7.774692926079124211e-01 -8.954465457225452285e-01 -1.180610786877864582e+00 6.652855930229824299e-02 -3.628009652705871391e-01 -8.131093312566202158e-01 -4.017925574476360895e-01 -9.072861098207470887e-01 1.289771432990181044e-01 4.023227882101595432e-01 -5.788176285840013202e-01 -1.165119552173055961e+00 -1.536207646245772329e+00 1.178768947268537870e+00 1.054407557780199234e+00 2.082701463693624466e-01 7.066903503644546003e-01 1.269055227823046861e-01 -1.347736133584898965e+00 -1.173095434858870023e+00 -7.474438134432384029e-01 1.867543367975535773e+00 1.910036238948254583e+00 9.471378551477652730e-01 9.221392781336802402e-01 2.982327598115480094e-01 -1.496312338017569687e-01 6.722733435259615753e-01 5.392160544821946733e-01 -6.358429542698843528e-01 -2.082969137207679733e-01 -1.491227447637506698e+00 6.349953766094079688e-01 -9.128112759563214995e-01 -4.615737917095498744e-01 -7.447380761439492680e-01 -6.634658078417924321e-01 -1.147455400321714558e+00 1.929502666970754010e+00 -1.225414495801629977e+00 -1.544729430737603604e+00 9.208069992803904480e-01 -6.510080066850812974e-01 -8.033974162388928253e-01 1.738756584787713375e-02 -6.436009081614407767e-01 -1.602038227555036221e+00 -7.395422177878951953e-01 2.670438076825235596e-01 5.232601376284050643e-01 8.235632378952513211e-01 -3.691848224410577139e-01 6.552433736739721182e-01 -2.432593604398661583e-02 -9.816586915068974128e-02 7.861719140493622637e-01 -4.100518391919183436e-01 2.259278236086349700e+00 -3.459743187676548870e-01 -1.540755835431032228e+00 2.321637508889567714e-01 -1.424021377118415810e+00 4.160044151085330322e-01 1.494459263579128061e+00 6.768825265993964058e-01 -1.328150158003448544e-01 -1.675952663055764180e+00 -8.133366834964961267e-01 -5.758034795910336179e-01 6.914947619967308778e-01 -1.383339566406985410e+00 -1.188813829166651237e+00 -5.257846302906924590e-02 5.238841938512859286e-01 9.739703741279159832e-02 1.955902507850932892e+00 -3.908613266419945220e-01 -2.030646134325383656e+00 1.020157881307184100e+00 2.863379088295383013e-01 1.211113132690364580e+00 -6.280737978899623153e-01 -1.060003215438816593e+00 9.773597757356325411e-02 3.700424827549403939e-01
