# 
#                 ----------------------------------------------------
#                 Data from a 3D direct N-body simulation. 
# 
#                 rows are i-particle; 
#                 coumns are :mass, tag, x ,y, z, vx, vy, vz, ax, ay, az
# 
#                 NTHU, Computational Physics Lab
# 
#                 ----------------------------------------------------
#                 Time = 6.499999999999906
1.000000000000000000e+00 2.000000000000000000e+00 3.000000000000000000e+00 4.000000000000000000e+00 5.000000000000000000e+00 6.000000000000000000e+00 7.000000000000000000e+00 8.000000000000000000e+00 9.000000000000000000e+00 1.000000000000000000e+01 1.100000000000000000e+01 1.200000000000000000e+01 1.300000000000000000e+01 1.400000000000000000e+01 1.500000000000000000e+01 1.600000000000000000e+01 1.700000000000000000e+01 1.800000000000000000e+01 1.900000000000000000e+01 2.000000000000000000e+01 2.100000000000000000e+01 2.200000000000000000e+01 2.300000000000000000e+01 2.400000000000000000e+01 2.500000000000000000e+01 2.600000000000000000e+01 2.700000000000000000e+01 2.800000000000000000e+01 2.900000000000000000e+01 3.000000000000000000e+01 3.100000000000000000e+01 3.200000000000000000e+01 3.300000000000000000e+01 3.400000000000000000e+01 3.500000000000000000e+01 3.600000000000000000e+01 3.700000000000000000e+01 3.800000000000000000e+01 3.900000000000000000e+01 4.000000000000000000e+01 4.100000000000000000e+01 4.200000000000000000e+01 4.300000000000000000e+01 4.400000000000000000e+01 4.500000000000000000e+01 4.600000000000000000e+01 4.700000000000000000e+01 4.800000000000000000e+01 4.900000000000000000e+01 5.000000000000000000e+01 5.100000000000000000e+01 5.200000000000000000e+01 5.300000000000000000e+01 5.400000000000000000e+01 5.500000000000000000e+01 5.600000000000000000e+01 5.700000000000000000e+01 5.800000000000000000e+01 5.900000000000000000e+01 6.000000000000000000e+01 6.100000000000000000e+01 6.200000000000000000e+01 6.300000000000000000e+01 6.400000000000000000e+01 6.500000000000000000e+01 6.600000000000000000e+01 6.700000000000000000e+01 6.800000000000000000e+01 6.900000000000000000e+01 7.000000000000000000e+01 7.100000000000000000e+01 7.200000000000000000e+01 7.300000000000000000e+01 7.400000000000000000e+01 7.500000000000000000e+01 7.600000000000000000e+01 7.700000000000000000e+01 7.800000000000000000e+01 7.900000000000000000e+01 8.000000000000000000e+01 8.100000000000000000e+01 8.200000000000000000e+01 8.300000000000000000e+01 8.400000000000000000e+01 8.500000000000000000e+01 8.600000000000000000e+01 8.700000000000000000e+01 8.800000000000000000e+01 8.900000000000000000e+01 9.000000000000000000e+01 9.100000000000000000e+01 9.200000000000000000e+01 9.300000000000000000e+01 9.400000000000000000e+01 9.500000000000000000e+01 9.600000000000000000e+01 9.700000000000000000e+01 9.800000000000000000e+01 9.900000000000000000e+01 1.000000000000000000e+02
2.000000000000000111e-01 2.000000000000000111e-01 2.000000000000000111e-01 2.000000000000000111e-01 2.000000000000000111e-01 2.000000000000000111e-01 2.000000000000000111e-01 2.000000000000000111e-01 2.000000000000000111e-01 2.000000000000000111e-01 2.000000000000000111e-01 2.000000000000000111e-01 2.000000000000000111e-01 2.000000000000000111e-01 2.000000000000000111e-01 2.000000000000000111e-01 2.000000000000000111e-01 2.000000000000000111e-01 2.000000000000000111e-01 2.000000000000000111e-01 2.000000000000000111e-01 2.000000000000000111e-01 2.000000000000000111e-01 2.000000000000000111e-01 2.000000000000000111e-01 2.000000000000000111e-01 2.000000000000000111e-01 2.000000000000000111e-01 2.000000000000000111e-01 2.000000000000000111e-01 2.000000000000000111e-01 2.000000000000000111e-01 2.000000000000000111e-01 2.000000000000000111e-01 2.000000000000000111e-01 2.000000000000000111e-01 2.000000000000000111e-01 2.000000000000000111e-01 2.000000000000000111e-01 2.000000000000000111e-01 2.000000000000000111e-01 2.000000000000000111e-01 2.000000000000000111e-01 2.000000000000000111e-01 2.000000000000000111e-01 2.000000000000000111e-01 2.000000000000000111e-01 2.000000000000000111e-01 2.000000000000000111e-01 2.000000000000000111e-01 2.000000000000000111e-01 2.000000000000000111e-01 2.000000000000000111e-01 2.000000000000000111e-01 2.000000000000000111e-01 2.000000000000000111e-01 2.000000000000000111e-01 2.000000000000000111e-01 2.000000000000000111e-01 2.000000000000000111e-01 2.000000000000000111e-01 2.000000000000000111e-01 2.000000000000000111e-01 2.000000000000000111e-01 2.000000000000000111e-01 2.000000000000000111e-01 2.000000000000000111e-01 2.000000000000000111e-01 2.000000000000000111e-01 2.000000000000000111e-01 2.000000000000000111e-01 2.000000000000000111e-01 2.000000000000000111e-01 2.000000000000000111e-01 2.000000000000000111e-01 2.000000000000000111e-01 2.000000000000000111e-01 2.000000000000000111e-01 2.000000000000000111e-01 2.000000000000000111e-01 2.000000000000000111e-01 2.000000000000000111e-01 2.000000000000000111e-01 2.000000000000000111e-01 2.000000000000000111e-01 2.000000000000000111e-01 2.000000000000000111e-01 2.000000000000000111e-01 2.000000000000000111e-01 2.000000000000000111e-01 2.000000000000000111e-01 2.000000000000000111e-01 2.000000000000000111e-01 2.000000000000000111e-01 2.000000000000000111e-01 2.000000000000000111e-01 2.000000000000000111e-01 2.000000000000000111e-01 2.000000000000000111e-01 2.000000000000000111e-01
5.062780646554796959e+01 6.431345508235921216e+01 2.726692367079619217e+01 1.178409578475327635e+01 2.184126446951078293e+01 9.576233402664607652e+00 8.985024557881386542e+00 1.875838883639531218e+01 6.514161785443377539e+01 -5.372143173819010187e+00 4.446897097560061241e+00 -5.684838889509737214e+01 3.530880603452994393e+01 -8.675873408163131018e+00 -4.896971508422747377e+01 -1.257219731216158820e+01 -4.631822450690300030e+01 1.110404536504320738e+01 -8.085788377624253398e-01 8.684706224325708490e+00 -1.929942769709415629e+01 -4.954358309874752564e+01 -4.678593070748045335e+01 1.490652249084415404e+00 3.270054825570848323e+01 -1.965319227206916253e+01 -8.941633382057178281e+00 2.585343037911437847e+01 4.271270186474931307e+01 -5.163713877631773030e+00 -1.157054992342641242e+01 2.802731496200431138e+01 3.012831487552896648e-01 1.153700268476588775e+01 -3.646272027783151515e+01 5.578146225313896167e+01 5.518829853791896056e+01 2.600332733852153311e+01 -7.690171102375852108e+00 -4.449101241883223423e+00 1.080319252860057944e+01 3.806669924395875171e+01 -1.248875493568090178e+01 1.169391162598061484e+01 -1.935391313783817679e+01 1.941316155999622595e+01 1.136551243164455727e+01 1.261060302817607770e+01 6.839593926171647809e+01 3.205801119144784650e+01 -1.958423909328549595e+00 -2.371781867278408029e+01 3.233393711676033178e+01 -1.256526548887998018e+01 2.724793732905755306e+01 2.423273761190385400e+01 3.409542841671657953e+01 9.147710260122714487e+00 -2.968267713549079190e+01 -1.978857690593001806e+01 -1.015944716201694575e+01 -6.381131351908825167e+01 -3.169496570946454739e+01 4.428396302619208313e+01 -1.127262020047431035e+00 -4.924070135601326115e+00 6.208456861585781184e+01 -6.870021962424490702e+00 1.837164964428049529e+01 -2.118103058798772409e+01 2.612378855069296790e+01 -1.338608906819245092e+01 -4.884522882347641648e-01 -1.212851232062384321e+00 -1.330509201041236800e+01 1.815657606487911302e+00 -1.714250661143701748e+01 -1.415784867226703625e+01 -3.318213454044497723e+01 -5.940804071401503705e+01 -1.829407169923306142e+01 -8.546618084507802138e+00 3.307137255994068425e+01 -4.208592538825385532e+01 4.074223426653206914e+00 1.993898974321030693e+01 -4.542985386971996320e+01 -1.454596606889763954e+01 -5.557098866018464633e+01 2.537716594951562765e+00 1.145263437048625121e+01 1.119121809944742552e+01 1.417025345428526784e+01 5.925050868755747757e+01 -1.986124763317114628e+01 1.747362564490755332e+01 1.979754340760368692e+01 -1.380536238376579838e+01 -3.901936618073805985e+00 1.673025726708172201e+01
1.148433535555726870e+01 5.359870363098328028e+01 -4.343946706039655936e+00 4.134042292340240898e+00 3.492134593461308611e+00 4.287947021205622633e+01 -2.451240670443694114e+01 2.480916827546949222e+01 -4.174009712568238939e+01 4.399041949158316811e+01 1.085311917760534151e+01 -9.984813749144363371e+00 3.450791350434114690e+01 -3.009298103014742409e+01 5.598698179257522867e+01 -3.595460468138909249e+01 -6.105257385288418881e+00 -1.466008042189304383e+01 1.229299374747077600e+01 -1.820564425799373254e+01 -1.031856206459019276e+01 5.092229463798966904e+00 1.328185707952166972e+01 2.092433649915589911e+01 -3.543909634012877774e+01 -2.499131511118959992e+01 1.611778606935938107e+00 1.336425559000098495e+01 5.441178720796563084e+01 -3.073028136159600265e+01 3.508368524120975707e+01 1.022621966957034090e+01 5.125374182660560507e+01 5.404606248426841120e+01 2.782110033604579513e+01 -1.187081249785870973e+01 4.249068747472143315e+01 -2.471702774250656987e+01 2.302946367394761040e+01 1.762554794146012327e+01 -3.155205403700163913e+01 -1.993393700734957719e+01 5.307324946383166520e+01 -2.209618075735334486e+01 9.127126938495810915e-01 1.654796831570175186e+01 -3.137027765583031780e+01 4.783391565605846552e+00 2.710654909868327422e+01 -3.776605579810747315e+01 4.917244942879171532e+01 -2.825021196084372743e+00 -3.099365000988537489e+01 -1.429340727105199171e+01 2.512740158468016016e+00 -2.870568468725884870e+01 9.096167000815018611e+00 2.459070129893445156e+01 1.956127508663871595e+01 -1.307346802321880652e+01 -3.946020909202934490e+01 1.794407643949551812e+01 1.497054868829628793e+00 -3.710463080065369468e+01 -3.352359327311408776e+01 2.214971316061746975e+01 3.835818102325891488e+01 3.155947579464042718e+01 -4.640592611466332329e+01 8.033522118320373551e+00 9.104982237991144700e+00 -2.710480087737477461e+01 1.088159848318242595e+01 -2.743488020690674745e+01 1.381816503194369439e+01 4.491824489889001626e+00 -6.828177510595605071e+00 -1.557984736772075074e+01 2.242028450088040259e+01 1.223326182393844519e+01 -1.140241093471493805e+01 -8.868509387120170118e+00 3.098480490523293795e+01 1.495416229753585746e+01 -9.164564645651424257e+00 -2.082467387994676145e+01 1.751761052874027058e+01 -1.711308516406577951e+01 5.418183309752213184e+00 -8.922290577008279655e+00 -7.957330952062397955e+01 -1.872300091900988406e+01 -3.332242592239456958e+00 -3.172395100259350453e+00 4.409343784173814385e+01 -2.999841128562703219e+01 3.736230471397779240e+01 6.612203731613467994e+01 3.262832497597261039e+01 -1.146396081382042098e+01
2.808953003301387952e+01 -2.804776510305234893e+01 -2.962215515664334387e+00 4.173698227531009053e+01 1.273898461602522225e+01 -5.888039284946256835e+00 -7.327040922586843408e+01 -2.129966919059632602e+01 1.313257201265355834e+00 4.217015318693714931e+01 -2.547902776596969687e+01 4.487086157780001194e+00 -1.111644008018059182e+01 -4.075404839951923464e+01 -1.462699922125768381e+01 2.231364570330119435e+01 -2.569958692442683557e+01 -3.388383052112099136e+01 1.909244793564974563e+00 -1.041172869409753687e+01 -2.333669622740403327e+01 -1.153133509802572654e+01 -2.603929525532338829e+01 3.701715669189709068e+00 1.154689728588080833e+01 -1.661245709393092795e+01 -3.343933183527069986e+01 -4.408964371677857486e+01 3.383084783487519331e+01 3.026204899786432279e+01 5.977418245350311743e+00 2.028072227732164023e+01 3.642269127167711673e+00 -3.868035363250178449e+01 -3.366821386034600749e+01 -2.145179915777911361e+01 5.359876432100989518e+01 5.481846019245614343e+01 2.718419424290616604e+01 2.646620541570520757e+01 8.559356326566378570e+00 -4.294461274571180098e+00 1.929452066875643723e+01 1.547590236494483129e+01 -1.824875987608667671e+01 -5.978152660968665266e+00 -4.279864311999038051e+01 1.822480675129660099e+01 -2.619785305221586924e+01 -1.324731315086472172e+01 -2.137420934649293613e+01 -1.904164294664370161e+01 -3.293217718289996299e+01 5.537715525494915880e+01 -3.516969497761828478e+01 -4.433428297119441908e+01 2.642779286362317848e+01 -1.868416116780588965e+01 -2.305768448616441901e+01 5.000598226269028501e-01 -1.847157603560308914e+01 -4.597879688013405541e+01 -2.122513354933412444e+01 7.664250468334231847e+00 1.501777891421133937e+01 2.363563771631588750e+01 -1.059558912064022707e+01 1.880574773151268175e+01 -6.981577105799608995e-01 -2.817190344109999689e+00 2.256493873955611562e+01 -1.176848400835872432e+01 6.484174558858549631e+01 -9.929564552019654045e+00 -4.422023507283955013e+01 6.663306688337542028e+00 -4.086993165765795766e+01 1.193986341584930244e+01 4.289134140525101202e+01 1.942685075903261804e+01 -3.812539104139468282e+00 -4.810050344364269392e+01 -2.334311525111339236e+01 -1.652541329449773144e+01 1.984643157542986458e+01 -3.970219045277365666e+01 -3.411952995905954111e+01 -1.508878270863622362e+00 1.503557976438563060e+01 2.795335215337884094e+00 5.613461057024048273e+01 -1.121878137068767778e+01 -5.828007897349824873e+01 2.927874986912200939e+01 8.217977647310783951e+00 3.475937102103461029e+01 -1.802590498878900505e+01 -3.042228781704076113e+01 2.804902956894684163e+00 1.062038930920403423e+01
1.324783625168383594e+01 1.682900957840679723e+01 7.134941077087987971e+00 3.083560453278774816e+00 5.715205809774391632e+00 2.505814491127854371e+00 2.351126934525487489e+00 4.908507950231228989e+00 1.704570442200291680e+01 -1.405736327541658115e+00 1.163620865144200378e+00 -1.487558976149290224e+01 9.239281443187360665e+00 -2.270215913917339012e+00 -1.281397968763431017e+01 -3.289750244388759182e+00 -1.212012866302044678e+01 2.905612254562368602e+00 -2.115634168169879814e-01 2.272827664126715330e+00 -5.050103548449851765e+00 -1.296410800760098070e+01 -1.224250531971959965e+01 3.900481690627028430e-01 8.556795205071738408e+00 -5.142623261532832224e+00 -2.339779785176970606e+00 6.765094056031007774e+00 1.117670302067516630e+01 -1.351189034438098568e+00 -3.027640245376312045e+00 7.333792446590778447e+00 7.883224515911896324e-02 3.018902319460861516e+00 -9.541253791867021050e+00 1.459640535330830780e+01 1.444121582427063366e+01 6.804328087177753837e+00 -2.012186516332387765e+00 -1.164228217439909452e+00 2.826875168376404623e+00 9.960941585766516226e+00 -3.267944606820818443e+00 3.059949591988738504e+00 -5.064417636815932156e+00 5.079842875826295234e+00 2.974044111854718064e+00 3.299844901940239605e+00 1.789727065962240715e+01 8.388653411075209121e+00 -5.124561738907106312e-01 -6.206213412307591604e+00 8.460843588784836555e+00 -3.287963925922287256e+00 7.129986009438056271e+00 6.340989995342057206e+00 8.921737675838523174e+00 2.393715689695240290e+00 -7.767115159951020864e+00 -5.178001015099634508e+00 -2.658428280055163739e+00 -1.669759988788518967e+01 -8.293618435329724647e+00 1.158782624625426116e+01 -2.949611042878233502e-01 -1.288542808093076530e+00 1.624576334897496821e+01 -1.797679512991721795e+00 4.807334787984104629e+00 -5.542445819139539154e+00 6.835985894058287826e+00 -3.502752704743959722e+00 -1.278116994930056927e-01 -3.173744216675060681e-01 -3.481560049941476276e+00 4.751094439111515078e-01 -4.485677021963832445e+00 -3.704678406109820799e+00 -8.682809036957525706e+00 -1.554537417520055520e+01 -4.787016300394868473e+00 -2.236411175784210670e+00 8.653807488395118597e+00 -1.101266936045498746e+01 1.066122369527301217e+00 5.217449641991508180e+00 -1.188767952588093202e+01 -3.806295782128112926e+00 -1.454134722066543439e+01 6.640492926367859150e-01 2.996832763319926762e+00 2.928090366846493264e+00 3.707946736203588944e+00 1.550415949063379095e+01 -5.197086186308944811e+00 4.572342083731331108e+00 5.180442598263541143e+00 -3.612466481954195174e+00 -1.021040705777292334e+00 4.377799281663171449e+00
3.005114391044058753e+00 1.402525801760594071e+01 -1.136688340255981977e+00 1.081762027967163364e+00 9.137980940970418242e-01 1.122030669627831401e+01 -6.414197077752546328e+00 6.491850513474319406e+00 -1.092219505671496194e+01 1.151103013183934110e+01 2.839945229729030629e+00 -2.612725077913183647e+00 9.029721567874505084e+00 -7.874450250298531628e+00 1.465019864382682790e+01 -9.408262336195466702e+00 -1.597544917252194052e+00 -3.836128865610390015e+00 3.216720996083287432e+00 -4.763950636267648697e+00 -2.700031335316763315e+00 1.332500768809476988e+00 3.475489080223413740e+00 5.475268188947057801e+00 -9.273384690093362082e+00 -6.539482126148611130e+00 4.217445799226116621e-01 3.497030641272744766e+00 1.423801751356357848e+01 -8.041226661694603095e+00 9.180377295656857228e+00 2.675801316242192307e+00 1.341160743113263365e+01 1.414230780597764792e+01 7.279955695519126913e+00 -3.106253963328765355e+00 1.111861179482208861e+01 -6.467740017208461367e+00 6.026085161631196563e+00 4.612221250651267646e+00 -8.256229065741173656e+00 -5.216138800085968086e+00 1.388773061033692002e+01 -5.781918353106507702e+00 2.387690908660062561e-01 4.330123907149066476e+00 -8.208675435790027564e+00 1.251668710179661970e+00 7.093020925306155355e+00 -9.882278365947094301e+00 1.286701092240794431e+01 -7.391859224871837331e-01 -8.110137901297164831e+00 -3.740173494160834000e+00 6.575149307016681099e-01 -7.511433291204295593e+00 2.380204700203635504e+00 6.434669776840539868e+00 5.118598997660192218e+00 -3.420935298429795157e+00 -1.032556003458525495e+01 4.695455344975014711e+00 3.917309204358223607e-01 -9.709211415532294609e+00 -8.772129871323230077e+00 5.795906279422497143e+00 1.003724469578510359e+01 8.258170680861123714e+00 -1.214307253352335891e+01 2.102123225780836435e+00 2.382579757371210416e+00 -7.092503566622247568e+00 2.847404158376115380e+00 -7.178880976078560572e+00 3.615798680998847381e+00 1.175390738333576657e+00 -1.786728812800013166e+00 -4.076787171796416587e+00 5.866750528899819628e+00 3.201073275564593423e+00 -2.983743922873776100e+00 -2.320627307474411705e+00 8.107833608901922062e+00 3.913053730859798574e+00 -2.398096789012015950e+00 -5.449233900087676830e+00 4.583845263427673622e+00 -4.477928246551369895e+00 1.417804162807188684e+00 -2.334701861524410837e+00 -2.082209029533149547e+01 -4.899198022339632530e+00 -8.719586948119426584e-01 -8.301174312515615661e-01 1.153796906980682202e+01 -7.849713712958902967e+00 9.776613341605578711e+00 1.730225021577525268e+01 8.537880892426516155e+00 -2.999779192129148786e+00
7.350221463088271179e+00 -7.339303314266733658e+00 -7.751160429980303856e-01 1.092134458173726408e+01 3.333442421465083960e+00 -1.540734130871451280e+00 -1.917277617594234584e+01 -5.573489422024055173e+00 3.436415663627938599e-01 1.103471010868930691e+01 -6.667113361155045048e+00 1.174134555978495253e+00 -2.908871943613043687e+00 -1.066415357169682210e+01 -3.827473095502711864e+00 5.838829078728442035e+00 -6.724836524558440054e+00 -8.866422250634172997e+00 4.996108058308139088e-01 -2.724536564997911192e+00 -6.106511938514747939e+00 -3.017442965208787964e+00 -6.813738867050987302e+00 9.686278457760294502e-01 3.021475191173321306e+00 -4.346973158902441625e+00 -8.750097722606081874e+00 -1.153697878243691299e+01 8.852572291691519268e+00 7.918673507770183306e+00 1.564116758115900785e+00 5.307051298483800750e+00 9.530712970150757579e-01 -1.012153612546836001e+01 -8.809992783866963606e+00 -5.613321152900172528e+00 1.402527637456417509e+01 1.434441944733656094e+01 7.113193296027957579e+00 6.925376994803698061e+00 2.239736942912589512e+00 -1.123736011842794591e+00 5.048808078717748060e+00 4.049567147379970145e+00 -4.775185727787349066e+00 -1.564312855426122750e+00 -1.119916778154463799e+01 4.768874671670743304e+00 -6.855230716543320391e+00 -3.466436985279662597e+00 -5.593010532805873680e+00 -4.982648771123499465e+00 -8.617411882379128585e+00 1.449061342966759369e+01 -9.202897488481154298e+00 -1.160098665148520780e+01 6.915345926595125370e+00 -4.889099095211483004e+00 -6.033534768406880744e+00 1.307315275506145402e-01 -4.833471634805163397e+00 -1.203133908739553881e+01 -5.553996279399853186e+00 2.005510626193349744e+00 3.929710846944240554e+00 6.184862531400416863e+00 -2.772573100839148985e+00 4.920911263856392104e+00 -1.826880899755288779e-01 -7.372001817803097712e-01 5.904408316656858169e+00 -3.079485774771501649e+00 1.696723014057897672e+01 -2.598279415501461465e+00 -1.157114414712418871e+01 1.743578239806986563e+00 -1.069446565181450026e+01 3.124268314953263737e+00 1.122343070766240736e+01 5.083429789759554396e+00 -9.975488022324066062e-01 -1.258648873491474163e+01 -6.108203911919021678e+00 -4.324258584741865974e+00 5.193198114504477658e+00 -1.038892031219335266e+01 -8.928066682566871748e+00 -3.948458655825929364e-01 3.934381543004583648e+00 7.314569038917434485e-01 1.468884397537406095e+01 -2.935520363247637210e+00 -1.525021560491431671e+01 7.661410114615419431e+00 2.150407215111022730e+00 9.095512589899731992e+00 -4.716856888020829253e+00 -7.960644912408496587e+00 7.339790558862351322e-01 2.779041123687668868e+00
1.764018468781905380e+00 2.240876275378638649e+00 9.500500537729507089e-01 4.105926001760917821e-01 7.610054586099126439e-01 3.336606111205549507e-01 3.130657218744046788e-01 6.535897366027364486e-01 2.269728329167561842e+00 -1.871813744327715245e-01 1.549415229783877301e-01 -1.980763477576617637e+00 1.230255994233850680e+00 -3.022893724024481865e-01 -1.706251357316941997e+00 -4.380419911222301899e-01 -1.613855829895775473e+00 3.868981091602484157e-01 -2.816758071765703211e-02 3.026894851062459368e-01 -6.724476426725080058e-01 -1.726235393958648556e+00 -1.630149429605751710e+00 5.193476891937001683e-02 1.139382799233479959e+00 -6.847583756393361698e-01 -3.115560201692839093e-01 9.008070656237333607e-01 1.488239983787519316e+00 -1.799168371185868032e-01 -4.031393245246240320e-01 9.765070591889839502e-01 1.049607823446010134e-02 4.019828587415339993e-01 -1.270469761271455944e+00 1.943588532961008308e+00 1.922928467368813177e+00 9.060330777729025398e-01 -2.679140840634107734e-01 -1.550277203586120089e-01 3.764116663169183030e-01 1.326348641210417956e+00 -4.351434734746635336e-01 4.074465556356201557e-01 -6.743635286042478638e-01 6.764038397563254534e-01 3.960125120151635203e-01 4.393939775190666697e-01 2.383119547739015243e+00 1.116992383757420049e+00 -6.823501764297915106e-02 -8.263800249115604846e-01 1.126602850213984430e+00 -4.378089265170735378e-01 9.493925423472946434e-01 8.443326969883023780e-01 1.187966797568879906e+00 3.187398740848444989e-01 -1.034234481915649928e+00 -6.894606655057157196e-01 -3.539825549916081893e-01 -2.223376000229580818e+00 -1.104331637733910076e+00 1.542977878914248757e+00 -3.927372184248408699e-02 -1.715858940357262441e-01 2.163212093572046690e+00 -2.393691777569458834e-01 6.401224104134246584e-01 -7.380022904143553886e-01 9.102722674569694306e-01 -4.664096825631740550e-01 -1.701841623199718684e-02 -4.226114623206317367e-02 -4.635881071196898406e-01 6.326403628176388572e-02 -5.972873902050099826e-01 -4.932933968753363541e-01 -1.156161605442386442e+00 -2.069948308824265393e+00 -6.374136655024673637e-01 -2.977911672456673431e-01 1.152296707224392369e+00 -1.466393810708787271e+00 1.419624753043130516e-01 6.947291087155634814e-01 -1.582906073771579658e+00 -5.068344194844088824e-01 -1.936260168023060668e+00 8.842198708483840763e-02 3.990454349089028740e-01 3.898332696397882047e-01 4.937324829167414331e-01 2.064461559962473824e+00 -6.920140251879206561e-01 6.088309088416870019e-01 6.898023644385660180e-01 -4.810190000306193148e-01 -1.359597602728229992e-01 5.829222138293720379e-01
4.001458089610100410e-01 1.867540353749706172e+00 -1.513564693880040668e-01 1.440426778118793216e-01 1.216782381470053881e-01 1.494039985918467428e+00 -8.540850832362997247e-01 8.644249551834942702e-01 -1.454349987704909086e+00 1.532754818654771700e+00 3.781530048033006075e-01 -3.478957733710533184e-01 1.202353847762988481e+00 -1.048521557105488444e+00 1.950753958255906140e+00 -1.252755640341930654e+00 -2.127171200975753740e-01 -5.108020888481771271e-01 4.283230340472419795e-01 -6.343551098173089153e-01 -3.595165232580581072e-01 1.774313806219832701e-01 4.627812821030855561e-01 7.290558125452061278e-01 -1.234798765532079567e+00 -8.707619647928008799e-01 5.615550934129339561e-02 4.656462155660127666e-01 1.895870212891817674e+00 -1.070731020886652729e+00 1.222413203553935679e+00 3.562785556397420894e-01 1.785822314643831676e+00 1.883124208685523771e+00 9.693599542319896178e-01 -4.136147506205433144e-01 1.480505449321187994e+00 -8.612145208121436690e-01 8.023940320519593605e-01 6.141628711098369164e-01 -1.099354178258997283e+00 -6.945565322034108480e-01 1.849222430382398752e+00 -7.698900271084067048e-01 3.178264677303704183e-02 5.765782330507960296e-01 -1.093024253729438566e+00 1.666650219778728903e-01 9.444760415952027088e-01 -1.315875353879887300e+00 1.713309524096470859e+00 -9.841938931086990916e-02 -1.079906087261525816e+00 -4.980238103710537545e-01 8.755212044017289530e-02 -1.000183689533474807e+00 3.169367069626285449e-01 8.568085650319908764e-01 6.815642602370431957e-01 -4.555129178972176507e-01 -1.374895507888086010e+00 6.252257977539051881e-01 5.216011875812274351e-02 -1.292832133944194162e+00 -1.168050081965044340e+00 7.717491174310661117e-01 1.336514147703075528e+00 1.099612636925337616e+00 -1.616910036572996034e+00 2.799055816484511405e-01 3.172648658491540874e-01 -9.443967277171272379e-01 3.791473688659117713e-01 -9.558992304115183636e-01 4.814595871072638311e-01 1.565111223514925320e-01 -2.379108235752595002e-01 -5.428438353372415648e-01 7.811899768794341448e-01 4.262363951970337128e-01 -3.973118458471839309e-01 -3.090026285602009426e-01 1.079601036758182309e+00 5.210401840294586195e-01 -3.193181569922138308e-01 -7.255969637787385018e-01 6.103615040705125949e-01 -5.962468917378701549e-01 1.887918306427167903e-01 -3.108770017809574515e-01 -2.772578765254024358e+00 -6.523413704378446809e-01 -1.161070559085768672e-01 -1.105332740919578449e-01 1.536338747391100101e+00 -1.045229435261956441e+00 1.301802891803842677e+00 2.303888444629201615e+00 1.136861551174471296e+00 -3.994347434667896435e-01
9.787206386735489705e-01 -9.772686625481071809e-01 -1.032089511687906691e-01 1.454230580150065677e+00 4.438683172065348015e-01 -2.051575014420410903e-01 -2.552959298675525623e+00 -7.421357867008665510e-01 4.575767434997767003e-02 1.469328784060773829e+00 -8.877586268871003883e-01 1.563410185905955707e-01 -3.873349992203385939e-01 -1.419986766847970205e+00 -5.096496367584832932e-01 7.774691048973026986e-01 -8.954463673336144902e-01 -1.180610596194358708e+00 6.652866039815280574e-02 -3.628015053226154030e-01 -8.131090018863879054e-01 -4.017926610412272947e-01 -9.072860006388635545e-01 1.289770918894201090e-01 4.023226201772536204e-01 -5.788173429544244408e-01 -1.165119282240074217e+00 -1.536207325039223637e+00 1.178768852588717220e+00 1.054407164099150362e+00 2.082701032784704254e-01 7.066914028502560008e-01 1.269054642277291090e-01 -1.347735929249505249e+00 -1.173095185569043908e+00 -7.474437154273169126e-01 1.867543229014692052e+00 1.910035983043304242e+00 9.471368362218673953e-01 9.221386769503959746e-01 2.982327115795715966e-01 -1.496312043306272654e-01 6.722731526753225051e-01 5.392157591277967343e-01 -6.358429265678685605e-01 -2.082968973105489841e-01 -1.491227178971121337e+00 6.349950551948434496e-01 -9.128111783712131722e-01 -4.615736953371884499e-01 -7.447379268982982081e-01 -6.634656965585088439e-01 -1.147455282230648521e+00 1.929502405071914284e+00 -1.225414308449590983e+00 -1.544729059353637135e+00 9.208065372169135232e-01 -6.510078499638172200e-01 -8.033973070871514022e-01 1.738674785238404283e-02 -6.436007522344842080e-01 -1.602038054409097745e+00 -7.395420325792019245e-01 2.670437447533308140e-01 5.232599903773564876e-01 8.235637668678117418e-01 -3.691848490430681418e-01 6.552431922781525309e-01 -2.432593436440220677e-02 -9.816600711865490492e-02 7.861705153022739978e-01 -4.100518584031989655e-01 2.259277962354582669e+00 -3.459742523164747730e-01 -1.540755468426501906e+00 2.321635968051759535e-01 -1.424021024806173985e+00 4.160040083758872465e-01 1.494459038272005547e+00 6.768822992055425480e-01 -1.328144298028596237e-01 -1.675952207220370083e+00 -8.133364377068581508e-01 -5.758036178727721222e-01 6.914943699284613610e-01 -1.383339349069063529e+00 -1.188813424197675106e+00 -5.257856254883775532e-02 5.238841330376035055e-01 9.739700953842242437e-02 1.955902420510175599e+00 -3.908604991535936657e-01 -2.030645792687495010e+00 1.020157749136021419e+00 2.863378573189541143e-01 1.211112846096921158e+00 -6.280736752436207881e-01 -1.060003103081123665e+00 9.773607575768125666e-02 3.700423632917558270e-01
