# 
#                 ----------------------------------------------------
#                 Data from a 3D direct N-body simulation. 
# 
#                 rows are i-particle; 
#                 coumns are :mass, tag, x ,y, z, vx, vy, vz, ax, ay, az
# 
#                 NTHU, Computational Physics Lab
# 
#                 ----------------------------------------------------
#                 Time = 2.299999999999995
1.000000000000000000e+00 2.000000000000000000e+00 3.000000000000000000e+00 4.000000000000000000e+00 5.000000000000000000e+00 6.000000000000000000e+00 7.000000000000000000e+00 8.000000000000000000e+00 9.000000000000000000e+00 1.000000000000000000e+01 1.100000000000000000e+01 1.200000000000000000e+01 1.300000000000000000e+01 1.400000000000000000e+01 1.500000000000000000e+01 1.600000000000000000e+01 1.700000000000000000e+01 1.800000000000000000e+01 1.900000000000000000e+01 2.000000000000000000e+01 2.100000000000000000e+01 2.200000000000000000e+01 2.300000000000000000e+01 2.400000000000000000e+01 2.500000000000000000e+01 2.600000000000000000e+01 2.700000000000000000e+01 2.800000000000000000e+01 2.900000000000000000e+01 3.000000000000000000e+01 3.100000000000000000e+01 3.200000000000000000e+01 3.300000000000000000e+01 3.400000000000000000e+01 3.500000000000000000e+01 3.600000000000000000e+01 3.700000000000000000e+01 3.800000000000000000e+01 3.900000000000000000e+01 4.000000000000000000e+01 4.100000000000000000e+01 4.200000000000000000e+01 4.300000000000000000e+01 4.400000000000000000e+01 4.500000000000000000e+01 4.600000000000000000e+01 4.700000000000000000e+01 4.800000000000000000e+01 4.900000000000000000e+01 5.000000000000000000e+01 5.100000000000000000e+01 5.200000000000000000e+01 5.300000000000000000e+01 5.400000000000000000e+01 5.500000000000000000e+01 5.600000000000000000e+01 5.700000000000000000e+01 5.800000000000000000e+01 5.900000000000000000e+01 6.000000000000000000e+01 6.100000000000000000e+01 6.200000000000000000e+01 6.300000000000000000e+01 6.400000000000000000e+01 6.500000000000000000e+01 6.600000000000000000e+01 6.700000000000000000e+01 6.800000000000000000e+01 6.900000000000000000e+01 7.000000000000000000e+01 7.100000000000000000e+01 7.200000000000000000e+01 7.300000000000000000e+01 7.400000000000000000e+01 7.500000000000000000e+01 7.600000000000000000e+01 7.700000000000000000e+01 7.800000000000000000e+01 7.900000000000000000e+01 8.000000000000000000e+01 8.100000000000000000e+01 8.200000000000000000e+01 8.300000000000000000e+01 8.400000000000000000e+01 8.500000000000000000e+01 8.600000000000000000e+01 8.700000000000000000e+01 8.800000000000000000e+01 8.900000000000000000e+01 9.000000000000000000e+01 9.100000000000000000e+01 9.200000000000000000e+01 9.300000000000000000e+01 9.400000000000000000e+01 9.500000000000000000e+01 9.600000000000000000e+01 9.700000000000000000e+01 9.800000000000000000e+01 9.900000000000000000e+01 1.000000000000000000e+02
2.000000000000000111e-01 2.000000000000000111e-01 2.000000000000000111e-01 2.000000000000000111e-01 2.000000000000000111e-01 2.000000000000000111e-01 2.000000000000000111e-01 2.000000000000000111e-01 2.000000000000000111e-01 2.000000000000000111e-01 2.000000000000000111e-01 2.000000000000000111e-01 2.000000000000000111e-01 2.000000000000000111e-01 2.000000000000000111e-01 2.000000000000000111e-01 2.000000000000000111e-01 2.000000000000000111e-01 2.000000000000000111e-01 2.000000000000000111e-01 2.000000000000000111e-01 2.000000000000000111e-01 2.000000000000000111e-01 2.000000000000000111e-01 2.000000000000000111e-01 2.000000000000000111e-01 2.000000000000000111e-01 2.000000000000000111e-01 2.000000000000000111e-01 2.000000000000000111e-01 2.000000000000000111e-01 2.000000000000000111e-01 2.000000000000000111e-01 2.000000000000000111e-01 2.000000000000000111e-01 2.000000000000000111e-01 2.000000000000000111e-01 2.000000000000000111e-01 2.000000000000000111e-01 2.000000000000000111e-01 2.000000000000000111e-01 2.000000000000000111e-01 2.000000000000000111e-01 2.000000000000000111e-01 2.000000000000000111e-01 2.000000000000000111e-01 2.000000000000000111e-01 2.000000000000000111e-01 2.000000000000000111e-01 2.000000000000000111e-01 2.000000000000000111e-01 2.000000000000000111e-01 2.000000000000000111e-01 2.000000000000000111e-01 2.000000000000000111e-01 2.000000000000000111e-01 2.000000000000000111e-01 2.000000000000000111e-01 2.000000000000000111e-01 2.000000000000000111e-01 2.000000000000000111e-01 2.000000000000000111e-01 2.000000000000000111e-01 2.000000000000000111e-01 2.000000000000000111e-01 2.000000000000000111e-01 2.000000000000000111e-01 2.000000000000000111e-01 2.000000000000000111e-01 2.000000000000000111e-01 2.000000000000000111e-01 2.000000000000000111e-01 2.000000000000000111e-01 2.000000000000000111e-01 2.000000000000000111e-01 2.000000000000000111e-01 2.000000000000000111e-01 2.000000000000000111e-01 2.000000000000000111e-01 2.000000000000000111e-01 2.000000000000000111e-01 2.000000000000000111e-01 2.000000000000000111e-01 2.000000000000000111e-01 2.000000000000000111e-01 2.000000000000000111e-01 2.000000000000000111e-01 2.000000000000000111e-01 2.000000000000000111e-01 2.000000000000000111e-01 2.000000000000000111e-01 2.000000000000000111e-01 2.000000000000000111e-01 2.000000000000000111e-01 2.000000000000000111e-01 2.000000000000000111e-01 2.000000000000000111e-01 2.000000000000000111e-01 2.000000000000000111e-01 2.000000000000000111e-01
1.054553907877571994e+01 1.339614458883049863e+01 5.679614858671527600e+00 2.454568958706020876e+00 4.549470095221884947e+00 1.994699929946059491e+00 1.871531215259702119e+00 3.907318605648360865e+00 1.356866467872111315e+01 -1.118990465013539382e+00 9.262740408495471200e-01 -1.184124769298396984e+01 7.354683865231387507e+00 -1.807159614509218803e+00 -1.020013846599858098e+01 -2.618778531942909993e+00 -9.647894992329721475e+00 2.312915474510970792e+00 -1.684514035683301880e-01 1.808538464510050847e+00 -4.019981748528914878e+00 -1.031972839475024450e+01 -9.745329186822532463e+00 3.105152208008453707e-01 6.811365726538070042e+00 -4.093746463614010622e+00 -1.862482178668707578e+00 5.385154795196836375e+00 8.896826546964842208e+00 -1.075586902751669571e+00 -2.410151929939608806e+00 5.838186687437771916e+00 6.276335904394497733e-02 2.403102136475238737e+00 -7.594998534937189127e+00 1.161901253418342428e+01 1.149542194889903790e+01 5.416361793677097580e+00 -1.601995173623805613e+00 -9.266861909656440854e-01 2.250268526994077867e+00 7.929141771901444535e+00 -2.601353610820130946e+00 2.435802851515411760e+00 -4.031243581298006085e+00 4.043705066006417326e+00 2.367357179406463619e+00 2.626709188626367375e+00 1.424651837353400907e+01 6.677541083731218130e+00 -4.079412187992406680e-01 -4.940397576826701886e+00 6.735033111544186823e+00 -2.617292380272796759e+00 5.675639961274079326e+00 5.047595785034095783e+00 7.102001008237566637e+00 1.905389339622177047e+00 -6.182742081555063329e+00 -4.122020914635182720e+00 -2.116175183072814381e+00 -1.329157189542928919e+01 -6.601976341734872911e+00 9.224159825345889629e+00 -2.348201392033038570e-01 -1.025575611655112684e+00 1.293189460665140977e+01 -1.431004738878526750e+00 3.826723726192395425e+00 -4.411940018062933788e+00 5.441243706387368206e+00 -2.788261656790202103e+00 -1.017456980254124177e-01 -2.526217378232201161e-01 -2.771387364271901355e+00 3.781866230591046096e-01 -3.570739573523736610e+00 -2.949048671695121193e+00 -6.911683159762612938e+00 -1.237441540351989921e+01 -3.810593127676070946e+00 -1.780209224350484787e+00 6.888640099316137189e+00 -8.766309264366443088e+00 8.486179636626361988e-01 4.153213154085808156e+00 -9.462833316775340009e+00 -3.029802306927314337e+00 -1.157514616024721832e+01 5.285914977649436297e-01 2.385517553549341585e+00 2.331583302815399605e+00 2.951598203585544145e+00 1.234159161120187065e+01 -4.137051442103872212e+00 3.639678263028124583e+00 4.123742270661101550e+00 -2.875591213278076541e+00 -8.127301520557982384e-01 3.484876045266283473e+00
2.392141613033652359e+00 1.116432690562036179e+01 -9.048197800449867545e-01 8.610982452729556424e-01 7.273844705981583614e-01 8.931617042990813715e+00 -5.105810033454321939e+00 5.167624879186581310e+00 -8.694245693851289758e+00 9.162991861093290780e+00 2.260659269968583907e+00 -2.079810098075441260e+00 7.187845372910150132e+00 -6.268251944239172424e+00 1.166179865045866570e+01 -7.489209933687345000e+00 -1.271735082828882035e+00 -3.053613787641578536e+00 2.560575239372940182e+00 -3.792061700127656643e+00 -2.149368328735472122e+00 1.060670706296896748e+00 2.766533907194244080e+00 4.358484399324932923e+00 -7.381807331486880841e+00 -5.205612762539014504e+00 3.357435371739616037e-01 2.783727464187407907e+00 1.133369003457524293e+01 -6.400978246315044196e+00 7.307786913430320830e+00 2.130236150278701057e+00 1.067594624080737198e+01 1.125752676450391299e+01 5.795043354784882084e+00 -2.472628199037349095e+00 8.850576544277323876e+00 -5.148432394860361860e+00 4.797025001568327340e+00 3.671130331573793981e+00 -6.572198531690342627e+00 -4.152143321602302706e+00 1.105492514486566158e+01 -4.602555232426844611e+00 1.902082543504509393e-01 3.446868655005534521e+00 -6.534316916194432778e+00 9.963689709087001356e-01 5.646140100172549303e+00 -7.866509151831853508e+00 1.024239549322343734e+01 -5.885012707676287036e-01 -6.455843996629487158e+00 -2.977249106930427658e+00 5.233871004727618237e-01 -5.979286852411822117e+00 1.894689359679334606e+00 5.122141065490622758e+00 4.074557836426023982e+00 -2.723164850047613328e+00 -8.219438579817923696e+00 3.737655856474125571e+00 3.118375399549617732e-01 -7.728723721706722394e+00 -6.982852068478234031e+00 4.613736422510934965e+00 7.989808888582276225e+00 6.573745131718283119e+00 -9.666170679556069345e+00 1.673372909335757663e+00 1.896420628202010850e+00 -5.645867924778883662e+00 2.266581066054946803e+00 -5.714613988931542821e+00 2.878285406491501774e+00 9.356112202934341315e-01 -1.422290596831193188e+00 -3.245224902663494948e+00 4.670028349395894729e+00 2.548160375328211824e+00 -2.374974598563734052e+00 -1.847278482733619720e+00 6.453985915794270056e+00 3.114912491200963363e+00 -1.908944874805885261e+00 -4.337656743923462344e+00 3.648849930920484042e+00 -3.564688033105723797e+00 1.128548999923329355e+00 -1.858478449103551755e+00 -1.657467580568363630e+01 -3.900024060785857394e+00 -6.940801253641292190e-01 -6.608057970923476576e-01 9.184477734610707600e+00 -6.248538705812323180e+00 7.782432712526887286e+00 1.377288413915053233e+01 6.796345847504039028e+00 -2.387903477341581038e+00
5.850916932692738825e+00 -5.842201324338960333e+00 -6.170316618280535792e-01 8.693651252361384252e+00 2.653444706595459390e+00 -1.226445142466100036e+00 -1.526185208090692313e+01 -4.436652961843491561e+00 2.735453594653558529e-01 8.783852354570885979e+00 -5.307184319914326487e+00 9.346492702842416067e-01 -2.315472132810410422e+00 -8.488888499797683451e+00 -3.046722164771064723e+00 4.647842317083022756e+00 -5.353111658869109668e+00 -7.057843785765232525e+00 3.976615263648350940e-01 -2.168580834097293408e+00 -4.860969656743411527e+00 -2.401885230620464551e+00 -5.423855260154335056e+00 7.710570067971299624e-01 2.405188102252139082e+00 -3.460340677082628602e+00 -6.965275251753033636e+00 -9.183683557962220689e+00 7.046786114670268830e+00 6.303494051622836380e+00 1.245070456657225710e+00 4.224118049921401052e+00 7.586762607646652112e-01 -8.056934150517420790e+00 -7.012945350608617900e+00 -4.468304532758756942e+00 1.116433574515613714e+01 1.141841757354394105e+01 5.662536021593195912e+00 5.512889137101167236e+00 1.782874000888732713e+00 -8.945174415924340705e-01 4.018977204714367701e+00 3.223605291353187408e+00 -3.801114614617020937e+00 -1.245217410796734203e+00 -8.914763929735126879e+00 3.796191639039724564e+00 -5.456879280215360950e+00 -2.759358441804225848e+00 -4.452154609255659423e+00 -3.966286286236064385e+00 -6.859603645808375560e+00 1.153479179211000449e+01 -7.325680963402514401e+00 -9.234651790291437123e+00 5.504856680643020361e+00 -3.891835239257499524e+00 -4.802803427973232786e+00 1.043439230302716930e-01 -3.847554833542735864e+00 -9.577149496053946720e+00 -4.421111125931056485e+00 1.596432082499102734e+00 3.128147444309939296e+00 4.923044016373965270e+00 -2.206992290051831951e+00 3.917166576770676478e+00 -1.454224848654650515e-01 -5.867728525691696673e-01 4.700456987472787951e+00 -2.451301018611687255e+00 1.350621243327142018e+01 -2.068284351050130532e+00 -9.210895309365669803e+00 1.387962022214068503e+00 -8.513043684757027663e+00 2.487094532121923773e+00 8.934062638083247521e+00 4.046549022261247686e+00 -7.942612740532203341e-01 -1.001915223406021482e+01 -4.862287824303868078e+00 -3.442114235302125014e+00 4.133982425671510974e+00 -8.269779635196416123e+00 -7.106986967257542531e+00 -3.142679000792825139e-01 3.131835738650002643e+00 5.822580271463091428e-01 1.169252579918450152e+01 -2.336990909158850549e+00 -1.213947157982043024e+01 6.098619607697761680e+00 1.711767585465566510e+00 7.240235338091047801e+00 -3.754716684449201480e+00 -6.336807295875262369e+00 5.842224621594616085e-01 2.212191022632556070e+00
5.838956708605081758e+00 7.417328235600225916e+00 3.144728615522069060e+00 1.359071188621145510e+00 2.518981003172053423e+00 1.104439125073899630e+00 1.036250787284666686e+00 2.163429374359186141e+00 7.512843907182336523e+00 -6.195744106582886657e-01 5.128661246616785796e-01 -6.556381233152919208e+00 4.072204245949640367e+00 -1.000599770191422877e+00 -5.647722889409244829e+00 -1.449971998549048680e+00 -5.341931728828114068e+00 1.280639940441797631e+00 -9.325872392606987527e-02 1.001544638950428778e+00 -2.225822703218844012e+00 -5.713916601789573946e+00 -5.395874864435566742e+00 1.719215201439059371e-01 3.771386406163836913e+00 -2.266635069245096279e+00 -1.031244703850942024e+00 2.981703248632783687e+00 4.926094377244798039e+00 -5.955378525067452911e-01 -1.334452889217031757e+00 3.232455066723588732e+00 3.474848681472992445e-02 1.330573933680442522e+00 -4.205279906645698951e+00 6.433331612047227921e+00 6.364915471177948092e+00 2.998988485682048122e+00 -8.869421492090543424e-01 -5.131128222386693860e-01 1.245945361783231675e+00 4.390275121593626650e+00 -1.440341430919464205e+00 1.348673167794974814e+00 -2.232092619409632217e+00 2.238945032284732406e+00 1.310791899558293894e+00 1.454390329369594559e+00 7.888167089024619827e+00 3.697284006260004752e+00 -2.258687158721052746e-01 -2.735413894310506855e+00 3.729109690513491948e+00 -1.449165786640572717e+00 3.142535684437668397e+00 2.794790903167263529e+00 3.932273453346263548e+00 1.055008931212127576e+00 -3.423329848897042282e+00 -2.282261021652944866e+00 -1.171700887315835882e+00 -7.359419104648697640e+00 -3.655422543242305977e+00 5.107317014993158821e+00 -1.300109424263989621e-01 -5.678843664507210454e-01 7.160271165809699134e+00 -7.923283836392785995e-01 2.118820133039675646e+00 -2.442834531619146432e+00 3.012847852772460921e+00 -1.543831490042682164e+00 -5.633423490894862162e-02 -1.398778403274196780e-01 -1.534489541557695569e+00 2.094006104490661602e-01 -1.977068311608992213e+00 -1.632844595722379166e+00 -3.826929080453536525e+00 -6.851589138202768048e+00 -2.109877545852889558e+00 -9.856882903069972279e-01 3.814159286632425871e+00 -4.853813577211815833e+00 4.698805160076393594e-01 2.299586217873543781e+00 -5.239472132340377897e+00 -1.677592276253379033e+00 -6.409053370907044744e+00 2.926769410841807972e-01 1.320841883631206581e+00 1.290775347140695750e+00 1.634269766321759132e+00 6.833419114694573970e+00 -2.290625192783883879e+00 2.015251513341805190e+00 2.283271746882392872e+00 -1.592186208723114449e+00 -4.500102995409375750e-01 1.929524149738107930e+00
1.324501329070770561e+00 6.181587504102119546e+00 -5.009911257801523687e-01 4.767827291015606095e-01 4.027496818455558736e-01 4.945336477593873958e+00 -2.827039107182344413e+00 2.861265046594202666e+00 -4.813924194211351093e+00 5.073458471833714789e+00 1.251702055103746991e+00 -1.151561875422033365e+00 3.979833892013512120e+00 -3.470657880127459460e+00 6.457030769930300451e+00 -4.146686331961766392e+00 -7.041316630976223179e-01 -1.690759914905466177e+00 1.417763738305181764e+00 -2.099661126222870600e+00 -1.190059801887242807e+00 5.872892755588428049e-01 1.531807638964082230e+00 2.413231750665343345e+00 -4.087228298260270343e+00 -2.882279823821291664e+00 1.858908675912153696e-01 1.541315590352575260e+00 6.275361514358458237e+00 -3.544155115278859292e+00 4.046239983474927193e+00 1.179426239403659649e+00 5.911150901894895782e+00 6.233184585897681984e+00 3.208641745731175998e+00 -1.369071764217495213e+00 4.900488363276854997e+00 -2.850638379209466500e+00 2.656026586260935130e+00 2.032742068245366962e+00 -3.638938800501189341e+00 -2.299000704737001577e+00 6.120993996025191564e+00 -2.548378721343578235e+00 1.052791790000454364e-01 1.908494595053209286e+00 -3.617971398938700567e+00 5.516751240245151289e-01 3.126221349848222086e+00 -4.355600011543240946e+00 5.671108986611937297e+00 -3.258225534985629279e-01 -3.574530853343789616e+00 -1.648472987091174291e+00 2.897960761448256095e-01 -3.310659950001535456e+00 1.049070186906617241e+00 2.836072518944392051e+00 2.256027341294879918e+00 -1.507779899807989210e+00 -4.550995650377204882e+00 2.069506664966499709e+00 1.726581323572464743e-01 -4.279315009128480618e+00 -3.866316996942783746e+00 2.554557568408460710e+00 4.423884471143326280e+00 3.639794868785042770e+00 -5.352047698771979611e+00 9.265186745206764884e-01 1.050070063167174883e+00 -3.126034423592282785e+00 1.254984954671262587e+00 -3.164101540985961858e+00 1.593667139631455898e+00 5.180442919867476181e-01 -7.875027181909783902e-01 -1.796842035326383202e+00 2.585752152536324289e+00 1.410879113584232458e+00 -1.315036508796459724e+00 -1.022815664861930429e+00 3.573508231526735912e+00 1.724683518857288655e+00 -1.056959931749855253e+00 -2.401726628408852982e+00 2.020325904430073205e+00 -1.973687384865771444e+00 6.248792458347933731e-01 -1.029017919647085000e+00 -9.177258665951287142e+00 -2.159360322574686020e+00 -3.843092416412420276e-01 -3.658772497827704195e-01 5.085344098334840801e+00 -3.459748690281864381e+00 4.309038670309650598e+00 7.625917101899735151e+00 3.763060640398722789e+00 -1.322152437093786270e+00
3.239593769853875038e+00 -3.234774394426449096e+00 -3.416378710683242725e-01 4.813573643522603085e+00 1.469195786000671911e+00 -6.790725803871858757e-01 -8.450345343133168541e+00 -2.456517414091492491e+00 1.514592849722222745e-01 4.863527468205686155e+00 -2.938525547741161592e+00 5.175018145934473512e-01 -1.282065423852417618e+00 -4.700207334466136366e+00 -1.686944472811047202e+00 2.573457599822300601e+00 -2.963960604918214337e+00 -3.907856488668970840e+00 2.201910990867889384e-01 -1.200773801581253908e+00 -2.691451957736037848e+00 -1.329914472240914414e+00 -3.003136944082752446e+00 4.269237206859894385e-01 1.331719077908728455e+00 -1.915938434218754427e+00 -3.856594956436526722e+00 -5.084905898258582191e+00 3.901742486210615812e+00 3.490160821431174565e+00 6.893820400847789909e-01 2.338954345776979693e+00 4.200679609704509043e-01 -4.461043874608669135e+00 -3.882991359903902318e+00 -2.474056901489088300e+00 6.181593895969186292e+00 6.322266630335447779e+00 3.135211862851254416e+00 3.052390585799207745e+00 9.871592360875692806e-01 -4.952847592332225712e-01 2.225259578432054575e+00 1.784859010583916383e+00 -2.104645253389533455e+00 -6.894657784624287356e-01 -4.936011857464933428e+00 2.101893319477986743e+00 -3.021423123609904060e+00 -1.527826829091816441e+00 -2.465110255253148086e+00 -2.196092111479545306e+00 -3.798098917954670473e+00 6.386701600604401285e+00 -4.056156157021312048e+00 -5.113122152172176804e+00 3.047955422110679269e+00 -2.154865091463005644e+00 -2.659265358560778392e+00 5.770179093156822814e-02 -2.130347446764956132e+00 -5.302778116622985927e+00 -2.447918520740207438e+00 8.839264830814410612e-01 1.732017915938287356e+00 2.725898199163931501e+00 -1.221996910353169152e+00 2.168888659598748436e+00 -8.051915456406835703e-02 -3.249038620618273088e-01 2.602482928767455128e+00 -1.357268096194176765e+00 7.478260892865836063e+00 -1.145187117387036491e+00 -5.099968758589010775e+00 7.684901167308358927e-01 -4.713575023408695941e+00 1.377048796558270949e+00 4.946701260557045288e+00 2.240522632982725693e+00 -4.397243319283331564e-01 -5.547486457430805373e+00 -2.692189252071004901e+00 -1.905884301915478529e+00 2.288919174321737859e+00 -4.578893612307283867e+00 -3.935047629361179578e+00 -1.740165594107516422e-01 1.734067783039234589e+00 3.223892799388786146e-01 6.474053233038778998e+00 -1.293900811643128312e+00 -6.721501021825803335e+00 3.376746696304233630e+00 9.477878745529630944e-01 4.008836745623202802e+00 -2.078946642893379604e+00 -3.508631138237509717e+00 3.234881854134858958e-01 1.224862409759070347e+00
1.764020262595534794e+00 2.240877171484633390e+00 9.500520852047019682e-01 4.105929126705206711e-01 7.610071672301188528e-01 3.336613374307196844e-01 3.130658267014088669e-01 6.535912650255528700e-01 2.269729721476902995e+00 -1.871815055157220187e-01 1.549418355230095801e-01 -1.980765224432357696e+00 1.230257830979264666e+00 -3.022900808007786266e-01 -1.706252354532661553e+00 -4.380437021756237170e-01 -1.613858054788297025e+00 3.868983414480042238e-01 -2.816835656871865060e-02 3.026778553392555082e-01 -6.724483205196145619e-01 -1.726237893757560649e+00 -1.630152020041037320e+00 5.193533177828178748e-02 1.139383746143445730e+00 -6.847611147515808572e-01 -3.115558353741555431e-01 9.008080939888263305e-01 1.488240630298302669e+00 -1.799172605730197105e-01 -4.031413172579560444e-01 9.765140806741797741e-01 1.049628699991567854e-02 4.019832031716885079e-01 -1.270470568027523006e+00 1.943590261922758744e+00 1.922929185317199474e+00 9.060336909612694001e-01 -2.679188208785447944e-01 -1.550267844658149707e-01 3.764124005402975648e-01 1.326350613922494093e+00 -4.351440071183347857e-01 4.074473647873478321e-01 -6.743618908283806057e-01 6.764053994716434648e-01 3.960122047569411552e-01 4.393938566820521641e-01 2.383120883510270183e+00 1.116993649506826891e+00 -6.823536648143764538e-02 -8.263831261739077449e-01 1.126604601474282541e+00 -4.378095152273681623e-01 9.493940389864101714e-01 8.443343005433600057e-01 1.187970134559789726e+00 3.187392265492897669e-01 -1.034234924431530089e+00 -6.894653884959387469e-01 -3.539831562981906043e-01 -2.223377437929758837e+00 -1.104334375945771329e+00 1.542979823210675727e+00 -3.927420352526357628e-02 -1.715837926496363575e-01 2.163213356716270575e+00 -2.393697072792710101e-01 6.401228930840172637e-01 -7.380038058061777484e-01 9.102672897869775737e-01 -4.664101804719876232e-01 -1.701852200544803212e-02 -4.226093466707728924e-02 -4.635885237088410160e-01 6.326392822366173896e-02 -5.972889089649151551e-01 -4.932947993487288851e-01 -1.156162708197130851e+00 -2.069950253217580194e+00 -6.374149008216789536e-01 -2.977911518460693574e-01 1.152298553027105488e+00 -1.466395426495225029e+00 1.419619821426615636e-01 6.947301695545113898e-01 -1.582907785347019924e+00 -5.068334602481210371e-01 -1.936261207564550668e+00 8.842199235305350791e-02 3.990454831311635586e-01 3.898471481972703434e-01 4.937329750586549881e-01 2.064463217389584049e+00 -6.920159221602463218e-01 6.088315932696460875e-01 6.898032010483688969e-01 -4.810194299057379275e-01 -1.359592270212655885e-01 5.829238801020953931e-01
4.001464125966434637e-01 1.867541287598770694e+00 -1.513565085004706101e-01 1.440427251111220108e-01 1.216780673689087794e-01 1.494042055615186770e+00 -8.540856474749410898e-01 8.644255504354093622e-01 -1.454350818322310834e+00 1.532756110412392569e+00 3.781535085922080874e-01 -3.478966405057644096e-01 1.202355224565130776e+00 -1.048523220191277971e+00 1.950755093335982293e+00 -1.252757743626431441e+00 -2.127183465107723437e-01 -5.108022501717693897e-01 4.283235017957466306e-01 -6.343533393138833798e-01 -3.595184638187598480e-01 1.774311031650062098e-01 4.627813333842751287e-01 7.290576530277773637e-01 -1.234800198074729405e+00 -8.707638276671597621e-01 5.615603006879699155e-02 4.656470747104363705e-01 1.895871216982101704e+00 -1.070732164571865486e+00 1.222414891088799749e+00 3.562832268561166860e-01 1.785824865826699304e+00 1.883125611245749065e+00 9.693619005184331838e-01 -4.136149746019633922e-01 1.480505943976322403e+00 -8.612151119551360035e-01 8.023973395927131991e-01 6.141584412056053655e-01 -1.099356646582869912e+00 -6.945571319846320923e-01 1.849224617181487451e+00 -7.698914063208448511e-01 3.178518656618720128e-02 5.765788993320110078e-01 -1.093026226524730582e+00 1.666654706998920710e-01 9.444762240102142492e-01 -1.315877051296565181e+00 1.713311281919239981e+00 -9.842114632395640439e-02 -1.079907433351357415e+00 -4.980242678759571606e-01 8.755207383666079035e-02 -1.000185366088577110e+00 3.169370195766508802e-01 8.568097324063878029e-01 6.815658624797868992e-01 -4.555139567319265725e-01 -1.374898461901223445e+00 6.252260970945663354e-01 5.216038161539558043e-02 -1.292833445854783214e+00 -1.168052380906520638e+00 7.717513140829928009e-01 1.336514878503586523e+00 1.099615123813237227e+00 -1.616912472735714701e+00 2.799065887081991777e-01 3.172623760427019657e-01 -9.443993505604889593e-01 3.791476000831655591e-01 -9.559016540543631146e-01 4.814607460745674583e-01 1.565108792811586436e-01 -2.379114010905065413e-01 -5.428447694501401521e-01 7.811904070875413941e-01 4.262375783481686109e-01 -3.973097214448466641e-01 -3.090031761501706442e-01 1.079601966278031178e+00 5.210414916174757050e-01 -3.193187002578644074e-01 -7.255969854267984021e-01 6.103624507601341787e-01 -5.962504500185219491e-01 1.887911294515146887e-01 -3.108774873501599645e-01 -2.772579506073015398e+00 -6.523449515894924611e-01 -1.161068908604195177e-01 -1.105336650594837267e-01 1.536340775838009653e+00 -1.045230702413987967e+00 1.301805186734956044e+00 2.303889940626763888e+00 1.136863129561632935e+00 -3.994354998778661958e-01
9.787215571198435438e-01 -9.772691506080614099e-01 -1.032094754634845096e-01 1.454232853159757921e+00 4.438680475504063194e-01 -2.051575418090886838e-01 -2.552960914556797523e+00 -7.421373348036173212e-01 4.575771898219504336e-02 1.469330371824502768e+00 -8.877600629611314131e-01 1.563414395628024423e-01 -3.873345658422627236e-01 -1.419988417341491616e+00 -5.096497715137379148e-01 7.774702300875172556e-01 -8.954474366414324482e-01 -1.180611739203237809e+00 6.652805441559971056e-02 -3.627982753885661826e-01 -8.131109761885100262e-01 -4.017920400867548425e-01 -9.072866551176594907e-01 1.289774000572800061e-01 4.023236274087335085e-01 -5.788190550218270669e-01 -1.165120900290661732e+00 -1.536209250433252516e+00 1.178769420126540179e+00 1.054409523907565482e+00 2.082703615551537712e-01 7.066851016982355072e-01 1.269058152208039636e-01 -1.347737154092479406e+00 -1.173096679870557768e+00 -7.474443029618385026e-01 1.867544061986345261e+00 1.910037517009011365e+00 9.471429422843161694e-01 9.221422801735672525e-01 2.982330006994126648e-01 -1.496313809854690757e-01 6.722742966814609922e-01 5.392175295446534067e-01 -6.358430927388326603e-01 -2.082969956785966914e-01 -1.491228789420731449e+00 6.349969818137247701e-01 -9.128117633233695516e-01 -4.615742730158280960e-01 -7.447388215145365198e-01 -6.634663635381286007e-01 -1.147455990106294843e+00 1.929503974966408464e+00 -1.225415431489651263e+00 -1.544731285507229268e+00 9.208093067906908402e-01 -6.510087893980432971e-01 -8.033979613731850877e-01 1.739164975479215794e-02 -6.436016868974718808e-01 -1.602039092295805212e+00 -7.395431427616088182e-01 2.670441219695913193e-01 5.232608730369880945e-01 8.235605980830337236e-01 -3.691846895833724718e-01 6.552442796366965139e-01 -2.432594443350020660e-02 -9.816518010514703463e-02 7.861788921383304762e-01 -4.100517432882846980e-01 2.259279603179767282e+00 -3.459746506493275309e-01 -1.540757668343500031e+00 2.321645204163339526e-01 -1.424023136657348587e+00 4.160064464028941367e-01 1.494460388824510266e+00 6.768836622356572130e-01 -1.328179410386280124e-01 -1.675954939599318072e+00 -8.133379110214510321e-01 -5.758027889992974879e-01 6.914967200699683181e-01 -1.383340651864224613e+00 -1.188815851640785848e+00 -5.257796600735940851e-02 5.238844976033739664e-01 9.739717663051830621e-02 1.955902944056501003e+00 -3.908654520371224184e-01 -2.030647840554493211e+00 1.020158541405631558e+00 2.863381660883293489e-01 1.211114564011378070e+00 -6.280744104190676413e-01 -1.060003776585007884e+00 9.773548724723683800e-02 3.700430793837186094e-01
