# 
#                 ----------------------------------------------------
#                 Data from a 3D direct N-body simulation. 
# 
#                 rows are i-particle; 
#                 coumns are :mass, tag, x ,y, z, vx, vy, vz, ax, ay, az
# 
#                 NTHU, Computational Physics Lab
# 
#                 ----------------------------------------------------
#                 Time = 5.199999999999934
1.000000000000000000e+00 2.000000000000000000e+00 3.000000000000000000e+00 4.000000000000000000e+00 5.000000000000000000e+00 6.000000000000000000e+00 7.000000000000000000e+00 8.000000000000000000e+00 9.000000000000000000e+00 1.000000000000000000e+01 1.100000000000000000e+01 1.200000000000000000e+01 1.300000000000000000e+01 1.400000000000000000e+01 1.500000000000000000e+01 1.600000000000000000e+01 1.700000000000000000e+01 1.800000000000000000e+01 1.900000000000000000e+01 2.000000000000000000e+01 2.100000000000000000e+01 2.200000000000000000e+01 2.300000000000000000e+01 2.400000000000000000e+01 2.500000000000000000e+01 2.600000000000000000e+01 2.700000000000000000e+01 2.800000000000000000e+01 2.900000000000000000e+01 3.000000000000000000e+01 3.100000000000000000e+01 3.200000000000000000e+01 3.300000000000000000e+01 3.400000000000000000e+01 3.500000000000000000e+01 3.600000000000000000e+01 3.700000000000000000e+01 3.800000000000000000e+01 3.900000000000000000e+01 4.000000000000000000e+01 4.100000000000000000e+01 4.200000000000000000e+01 4.300000000000000000e+01 4.400000000000000000e+01 4.500000000000000000e+01 4.600000000000000000e+01 4.700000000000000000e+01 4.800000000000000000e+01 4.900000000000000000e+01 5.000000000000000000e+01 5.100000000000000000e+01 5.200000000000000000e+01 5.300000000000000000e+01 5.400000000000000000e+01 5.500000000000000000e+01 5.600000000000000000e+01 5.700000000000000000e+01 5.800000000000000000e+01 5.900000000000000000e+01 6.000000000000000000e+01 6.100000000000000000e+01 6.200000000000000000e+01 6.300000000000000000e+01 6.400000000000000000e+01 6.500000000000000000e+01 6.600000000000000000e+01 6.700000000000000000e+01 6.800000000000000000e+01 6.900000000000000000e+01 7.000000000000000000e+01 7.100000000000000000e+01 7.200000000000000000e+01 7.300000000000000000e+01 7.400000000000000000e+01 7.500000000000000000e+01 7.600000000000000000e+01 7.700000000000000000e+01 7.800000000000000000e+01 7.900000000000000000e+01 8.000000000000000000e+01 8.100000000000000000e+01 8.200000000000000000e+01 8.300000000000000000e+01 8.400000000000000000e+01 8.500000000000000000e+01 8.600000000000000000e+01 8.700000000000000000e+01 8.800000000000000000e+01 8.900000000000000000e+01 9.000000000000000000e+01 9.100000000000000000e+01 9.200000000000000000e+01 9.300000000000000000e+01 9.400000000000000000e+01 9.500000000000000000e+01 9.600000000000000000e+01 9.700000000000000000e+01 9.800000000000000000e+01 9.900000000000000000e+01 1.000000000000000000e+02
2.000000000000000111e-01 2.000000000000000111e-01 2.000000000000000111e-01 2.000000000000000111e-01 2.000000000000000111e-01 2.000000000000000111e-01 2.000000000000000111e-01 2.000000000000000111e-01 2.000000000000000111e-01 2.000000000000000111e-01 2.000000000000000111e-01 2.000000000000000111e-01 2.000000000000000111e-01 2.000000000000000111e-01 2.000000000000000111e-01 2.000000000000000111e-01 2.000000000000000111e-01 2.000000000000000111e-01 2.000000000000000111e-01 2.000000000000000111e-01 2.000000000000000111e-01 2.000000000000000111e-01 2.000000000000000111e-01 2.000000000000000111e-01 2.000000000000000111e-01 2.000000000000000111e-01 2.000000000000000111e-01 2.000000000000000111e-01 2.000000000000000111e-01 2.000000000000000111e-01 2.000000000000000111e-01 2.000000000000000111e-01 2.000000000000000111e-01 2.000000000000000111e-01 2.000000000000000111e-01 2.000000000000000111e-01 2.000000000000000111e-01 2.000000000000000111e-01 2.000000000000000111e-01 2.000000000000000111e-01 2.000000000000000111e-01 2.000000000000000111e-01 2.000000000000000111e-01 2.000000000000000111e-01 2.000000000000000111e-01 2.000000000000000111e-01 2.000000000000000111e-01 2.000000000000000111e-01 2.000000000000000111e-01 2.000000000000000111e-01 2.000000000000000111e-01 2.000000000000000111e-01 2.000000000000000111e-01 2.000000000000000111e-01 2.000000000000000111e-01 2.000000000000000111e-01 2.000000000000000111e-01 2.000000000000000111e-01 2.000000000000000111e-01 2.000000000000000111e-01 2.000000000000000111e-01 2.000000000000000111e-01 2.000000000000000111e-01 2.000000000000000111e-01 2.000000000000000111e-01 2.000000000000000111e-01 2.000000000000000111e-01 2.000000000000000111e-01 2.000000000000000111e-01 2.000000000000000111e-01 2.000000000000000111e-01 2.000000000000000111e-01 2.000000000000000111e-01 2.000000000000000111e-01 2.000000000000000111e-01 2.000000000000000111e-01 2.000000000000000111e-01 2.000000000000000111e-01 2.000000000000000111e-01 2.000000000000000111e-01 2.000000000000000111e-01 2.000000000000000111e-01 2.000000000000000111e-01 2.000000000000000111e-01 2.000000000000000111e-01 2.000000000000000111e-01 2.000000000000000111e-01 2.000000000000000111e-01 2.000000000000000111e-01 2.000000000000000111e-01 2.000000000000000111e-01 2.000000000000000111e-01 2.000000000000000111e-01 2.000000000000000111e-01 2.000000000000000111e-01 2.000000000000000111e-01 2.000000000000000111e-01 2.000000000000000111e-01 2.000000000000000111e-01 2.000000000000000111e-01
3.489621497637028114e+01 4.432928309905641129e+01 1.879429260213548503e+01 8.122417948195225890e+00 1.505454655970572908e+01 6.600617793507752573e+00 6.193100079845759609e+00 1.292961185569743954e+01 4.490012256872920915e+01 -3.702854211741011703e+00 3.065115565345789772e+00 -3.918386737476475901e+01 2.433730650616828584e+01 -5.980027252344749300e+00 -3.375332390496430435e+01 -8.665667507374331890e+00 -3.192576546079309097e+01 7.653678340482253262e+00 -5.573480154002201648e-01 5.985802668587109743e+00 -1.330251135421836395e+01 -3.414891164120351874e+01 -3.224815010591556330e+01 1.027474519046255530e+00 2.253949297130175111e+01 -1.354640290819002324e+01 -6.163184495084563785e+00 1.781999009500867359e+01 2.944055073566581271e+01 -3.559197867755571565e+00 -7.975270369089050959e+00 1.931853337143155613e+01 2.076704198680618674e-01 7.952105191226703340e+00 -2.513263731102136589e+01 3.844846763492805763e+01 3.803959253405759000e+01 1.792329878680991229e+01 -5.300716116426261948e+00 -3.066602966263659358e+00 7.446322680802436977e+00 2.623823981935646543e+01 -8.608123191387191397e+00 8.060269510292803474e+00 -1.334000736252088792e+01 1.338092709374528155e+01 7.833885653423298123e+00 8.692092564508271835e+00 4.714322344579436219e+01 2.209662034382789386e+01 -1.349889479380683932e+00 -1.634803241297915122e+01 2.228681989090534898e+01 -8.660860938554106880e+00 1.878119224167914325e+01 1.670291177542327787e+01 2.350100144140379044e+01 6.305215045607728719e+00 -2.045935557264005666e+01 -1.363976993263482385e+01 -7.002605667603332584e+00 -4.398318641059110234e+01 -2.184642202610309525e+01 3.052360524831044941e+01 -7.769988879937099746e-01 -3.393954528157139272e+00 4.279299050371508173e+01 -4.735305560153924453e+00 1.266301786528154061e+01 -1.459946298544743826e+01 1.800618686576903826e+01 -9.226626742641430567e+00 -3.366776424903431542e-01 -8.359751486997102354e-01 -9.170795903410802197e+00 1.251473438140541017e+00 -1.181583435460838416e+01 -9.758599689617609485e+00 -2.287143936860397275e+01 -4.094816064177921788e+01 -1.260956507802668902e+01 -5.890917092036890956e+00 2.279511357544686234e+01 -2.900855801843699666e+01 2.808222629132151482e+00 1.374335132434566731e+01 -3.131342614884085052e+01 -1.002605661953127125e+01 -3.830337713377965514e+01 1.749169093704023403e+00 7.893945171525674098e+00 7.714109982661541132e+00 9.767126654034644417e+00 4.083957139736787667e+01 -1.368978747597826029e+01 1.204404306619596454e+01 1.364585104268510385e+01 -9.515617019893593209e+00 -2.689469688512261758e+00 1.153168750122911135e+01
7.915809866503592751e+00 3.694393982361613382e+01 -2.994148081035120867e+00 2.849467719574863001e+00 2.407015179332668620e+00 2.955553533179108427e+01 -1.689565240872442686e+01 1.710020170566541964e+01 -2.877016930633045533e+01 3.032125816492043668e+01 7.480729676972922348e+00 -6.882243091771821142e+00 2.378526449194123771e+01 -2.074219645008027513e+01 3.859011067050618493e+01 -2.478244219781684876e+01 -4.208194981146597513e+00 -1.010474066454415087e+01 8.473189424647946666e+00 -1.254853846705700526e+01 -7.112312825332867128e+00 3.509907976039389865e+00 9.154771459519587040e+00 1.442254004784712862e+01 -2.442710122535006434e+01 -1.722578224056461949e+01 1.110962067687788934e+00 9.211586823773870947e+00 3.750437478807742053e+01 -2.118145443437483166e+01 2.418213394386118864e+01 7.048733421106477159e+00 3.532767206736284749e+01 3.725230231777174339e+01 1.917626712779881260e+01 -8.182186813787664548e+00 2.928751925492319330e+01 -1.703669200073129630e+01 1.587357597973782042e+01 1.214862786290975194e+01 -2.174791057604990385e+01 -1.373985684761272630e+01 3.658179266294423115e+01 -1.523024399574149434e+01 6.291692574089584600e-01 1.140601585518120409e+01 -2.162260511877776281e+01 3.297054193921168608e+00 1.868370415417621544e+01 -2.603100862658176240e+01 3.389308180877394960e+01 -1.947243912062633475e+00 -2.136299140586621093e+01 -9.852011856540050516e+00 1.731952289499197661e+00 -1.978597665615571444e+01 6.269712413491594027e+00 1.694963384724747968e+01 1.348301821806601986e+01 -9.011160569358029448e+00 -2.719876780375140157e+01 1.236830029545178533e+01 1.031879977286948469e+00 -2.557509913696805626e+01 -2.310682680052560301e+01 1.526716304066038532e+01 2.643911738653967802e+01 2.175302663193608410e+01 -3.198622084529782583e+01 5.537282159202235654e+00 6.275717320697921764e+00 -1.868256152231716527e+01 7.500352608095784746e+00 -1.891006983079038761e+01 9.524460118355360549e+00 3.096068424120389295e+00 -4.706464710143984931e+00 -1.073872710185251478e+01 1.545361435142213224e+01 8.432036340681214881e+00 -7.859272306933696051e+00 -6.112801118272144230e+00 2.135688410624626243e+01 1.030747142616956680e+01 -6.316862672252455901e+00 -1.435379924461000556e+01 1.207436717405482440e+01 -1.179560713033894892e+01 3.734566982529099022e+00 -6.149869232163973187e+00 -5.484742120650308550e+01 -1.290527201176331573e+01 -2.296806748292419709e+00 -2.186643063190697234e+00 3.039228432859699325e+01 -2.067700235410451626e+01 2.575273085426499620e+01 4.557589779793465823e+01 2.248972785462085611e+01 -7.901770235729570935e+00
1.936126108700665327e+01 -1.933246282303553443e+01 -2.041776232825667226e+00 2.876805919968856173e+01 8.780578191364927676e+00 -4.058443004249606467e+00 -5.050305083325158506e+01 -1.468123770925014426e+01 9.051884006129472526e-01 2.906661289639997747e+01 -1.756193646171868750e+01 3.092819403201120032e+00 -7.662204620119891452e+00 -2.809053760364280805e+01 -1.008193814256077481e+01 1.538012931459624433e+01 -1.771395164190823479e+01 -2.335509756940142978e+01 1.315967453247791186e+00 -7.176398374003555070e+00 -1.608530784902914590e+01 -7.948174030794371347e+00 -1.794809141033210409e+01 2.551485117805978309e+00 7.958942169312101633e+00 -1.145049267259340731e+01 -2.304873061814171820e+01 -3.038966652349888875e+01 2.331856354620346039e+01 2.085874753338051235e+01 4.120054701662148489e+00 1.397870971249594341e+01 2.510511564560538478e+00 -2.666119355138420133e+01 -2.320648869969099692e+01 -1.478607160899024642e+01 3.694397907740256670e+01 3.778469534386128004e+01 1.873737369327094981e+01 1.824242256855241706e+01 5.899704947204679861e+00 -2.960042829975603418e+00 1.329914100077248840e+01 1.066710242128906927e+01 -1.257830570586443208e+01 -4.120556828890909351e+00 -2.949981199884408056e+01 1.256184053401670475e+01 -1.805737857683262604e+01 -9.130974852831251098e+00 -1.473259921797908234e+01 -1.312482806963472548e+01 -2.269914146187660364e+01 3.816978735657691857e+01 -2.424140335319826889e+01 -3.055829641899502391e+01 1.821592473223957498e+01 -1.287843399395173805e+01 -1.589296002335611924e+01 3.448007259257985790e-01 -1.273190556261126893e+01 -3.169177824094724016e+01 -1.462985142338097511e+01 5.282738625305628766e+00 1.035130952074486643e+01 1.629122775211596164e+01 -7.303205284155838584e+00 1.296224360530514375e+01 -4.812186083286740801e-01 -1.941780369107966697e+00 1.555352216243742447e+01 -8.111646319458955645e+00 4.469343631319330257e+01 -6.844149562156657041e+00 -3.047968609150925090e+01 4.592833232309162739e+00 -2.817042411380528577e+01 8.229838036832301640e+00 2.956369939664014979e+01 1.339035759940678361e+01 -2.627953916876827556e+00 -3.315424775193201867e+01 -1.608971948167419086e+01 -1.139043117669935512e+01 1.367958681094538242e+01 -2.736551582004671346e+01 -2.351759065832636963e+01 -1.040007520354417903e+00 1.036356585737702751e+01 1.926741716309053443e+00 3.869185095689294229e+01 -7.732882108476286653e+00 -4.017069441833800170e+01 2.018095003222701322e+01 5.664403762590312752e+00 2.395859503965836623e+01 -1.242471330301289889e+01 -2.096915206498692186e+01 1.933317157794432140e+00 7.320321658122484365e+00
1.095461216355982614e+01 1.391587038109588370e+01 5.899875918048352652e+00 2.549790059338461035e+00 4.725898638611421454e+00 2.072055664802509245e+00 1.944141491489222995e+00 4.058841225582496826e+00 1.409505753299437458e+01 -1.162400535027354520e+00 9.621968715587060350e-01 -1.230059716399579450e+01 7.639948570090927760e+00 -1.877239698711346882e+00 -1.059585287936716647e+01 -2.720295580852278849e+00 -1.002211598653304492e+01 2.402644702461707915e+00 -1.749455278411372883e-01 1.879331845046382288e+00 -4.175921583233784595e+00 -1.072000188576923740e+01 -1.012331094756939720e+01 3.225329447710242325e-01 7.075597524520533810e+00 -4.252437253012106844e+00 -1.934756967065894173e+00 5.594044825597976001e+00 9.241991013384225795e+00 -1.117297127604162776e+00 -2.503559036055073239e+00 6.064332961198505956e+00 6.518733429414623470e-02 2.496324587984148913e+00 -7.889643066815895445e+00 1.206974018459664144e+01 1.194140878518956761e+01 5.626485059167922742e+00 -1.663897999122356142e+00 -9.626922220675282471e-01 2.337539969948040142e+00 8.236688265635224937e+00 -2.702258067888727577e+00 2.530269034158487251e+00 -4.187745121516886826e+00 4.200517815706226621e+00 2.459227859717770581e+00 2.728632736469476683e+00 1.479921518895161903e+01 6.936563256652588549e+00 -4.237506356486467340e-01 -5.131919243823619858e+00 6.996259806665242387e+00 -2.718812295619064123e+00 5.895775638717757339e+00 5.243357418895850941e+00 7.377380692566204878e+00 1.979353881799168935e+00 -6.422610314044854718e+00 -4.281701942671862327e+00 -2.198250932182186812e+00 -1.380721102450435112e+01 -6.857987186126163870e+00 9.581954918354341544e+00 -2.439052447573545890e-01 -1.065481238108755946e+00 1.343358757190803310e+01 -1.486499558673377575e+00 3.975175633268268172e+00 -4.583042775109261946e+00 5.652632165143172571e+00 -2.896420095568909225e+00 -1.056877537503719544e-01 -2.624349408481931323e-01 -2.878895492407020473e+00 3.928662014858939067e-01 -3.709203348057304339e+00 -3.063396928634386729e+00 -7.179798901496460495e+00 -1.285444128841256806e+01 -3.958378481049522168e+00 -1.849282659041120658e+00 7.155821688013919157e+00 -9.106357335637225603e+00 8.815711732707992576e-01 4.314301754114767462e+00 -9.829901554877420011e+00 -3.147411078912711879e+00 -1.202420895662448785e+01 5.491007091955012465e-01 2.478073695822495370e+00 2.421306506083792609e+00 3.066094486817889653e+00 1.282035938995899116e+01 -4.297467870329936268e+00 3.780861872206141339e+00 4.283699487785087356e+00 -2.987141763052638677e+00 -8.442930408235592710e-01 3.620000330572327396e+00
2.484924812908767322e+00 1.159745551675657005e+01 -9.399249283353535711e-01 8.945065447363420574e-01 7.556163920006230272e-01 9.278054623771065934e+00 -5.303886444788065369e+00 5.368098045617681890e+00 -9.031540036253300485e+00 9.518448810909180935e+00 2.348346301379586887e+00 -2.160460534483242601e+00 7.466661505371705587e+00 -6.511372153089145520e+00 1.211421844828990579e+01 -7.779679911463489361e+00 -1.321012607313105436e+00 -3.172086143029608341e+00 2.659901031298745888e+00 -3.939289071448737634e+00 -2.232659769930333216e+00 1.101839986175343400e+00 2.873873411240373432e+00 4.527495551879673563e+00 -7.668146232045346622e+00 -5.407491490180416527e+00 3.487423949301311499e-01 2.891690523339571328e+00 1.177338619274746456e+01 -6.649276284360138511e+00 7.591240056989791540e+00 2.212638988735161405e+00 1.109003831015579777e+01 1.169424627314572973e+01 6.019787669618594350e+00 -2.568554777694315394e+00 9.193954689000459979e+00 -5.348161114214834200e+00 4.982972774778076541e+00 3.813809712667032059e+00 -6.827068525699331758e+00 -4.313215281904693832e+00 1.148374135488838377e+01 -4.781061257349048965e+00 1.974515385998390216e-01 3.580572174948267961e+00 -6.787743819379702614e+00 1.035004161919395482e+00 5.865202063228518448e+00 -8.171640331424930181e+00 1.063970846395353931e+01 -6.112406392721315695e-01 -6.706259928793936176e+00 -3.092742520604340406e+00 5.436971761744567866e-01 -6.211194421246580610e+00 1.968186967435121115e+00 5.320818591077879134e+00 4.232565389049136151e+00 -2.828768459567174709e+00 -8.538195744715203261e+00 3.882661794760644547e+00 3.239227545164048983e-01 -8.028529583841335082e+00 -7.253664663896505438e+00 4.792632330353767678e+00 8.299776271705521680e+00 6.828674143737917035e+00 -1.004108937908563703e+01 1.738245925449925622e+00 1.970135541226359477e+00 -5.864787705504172166e+00 2.354512568705247055e+00 -5.936211870200299501e+00 2.989901166906469232e+00 9.719262899434228942e-01 -1.477444716811993519e+00 -3.371090144870848349e+00 4.851203540080093468e+00 2.646965909892530000e+00 -2.467238616529270789e+00 -1.918923866318897442e+00 6.704352220331425194e+00 3.235701434247911124e+00 -1.982983161085158486e+00 -4.505957846227023111e+00 3.790375266596452963e+00 -3.702807131136065522e+00 1.172374813740395094e+00 -1.930561737903697450e+00 -1.721773786799621675e+01 -4.051154083379008952e+00 -7.210195293726786581e-01 -6.864241577774242709e-01 9.540728609195092247e+00 -6.490915391518926825e+00 8.084269481563802984e+00 1.430719517211686131e+01 7.059960806645475984e+00 -2.480513992432984871e+00
6.077884592513522755e+00 -6.068854031539460792e+00 -6.409443834735881751e-01 9.030844727808169381e+00 2.756413620931303932e+00 -1.274029377225461168e+00 -1.585392901676360466e+01 -4.608712831385252784e+00 2.841565877494485193e-01 9.124582619743295098e+00 -5.513027083190264577e+00 9.708912133395793953e-01 -2.405336463642706590e+00 -8.818170702374768410e+00 -3.164928561803983076e+00 4.828119192991590758e+00 -5.560756200106060199e+00 -7.331628425429200568e+00 4.131235739028676912e-01 -2.252894750210932884e+00 -5.049470149433353150e+00 -2.495112533101832231e+00 -5.634267037504327114e+00 8.009576127984581184e-01 2.498455740747990816e+00 -3.594510537936477235e+00 -7.235442584698046353e+00 -9.539909175404298836e+00 7.320172758424165593e+00 6.547944090897705571e+00 1.293365612520150920e+00 4.388352751692564446e+00 7.880941781184203077e-01 -8.369479363701117336e+00 -7.284968977060576556e+00 -4.641644297065190550e+00 1.159747014029658452e+01 1.186137260207390831e+01 5.881915140928175134e+00 5.726596556643791303e+00 1.852034405173534015e+00 -9.292154384616446716e-01 4.174852930043544852e+00 3.348586582831527103e+00 -3.948589915964578090e+00 -1.293526884606312377e+00 -9.260572378219238843e+00 3.943381015380849064e+00 -5.668576158994575565e+00 -2.866391155994071127e+00 -4.624851188584476525e+00 -4.120143336327433126e+00 -7.125719984419847997e+00 1.198226023419127451e+01 -7.609858838220628918e+00 -9.592838776646333443e+00 5.718297306682384118e+00 -4.042788849038807086e+00 -4.989118240485248990e+00 1.081285401819620240e-01 -3.996790615889427745e+00 -9.948689571124090136e+00 -4.592591588334475006e+00 1.658353741462823550e+00 3.249472820724659261e+00 5.114229773623844011e+00 -2.292632804079829612e+00 4.069095066185570708e+00 -1.510643748600712932e-01 -6.095844088134929617e-01 4.882386278779739186e+00 -2.546418363900646131e+00 1.403016871752302031e+01 -2.148512870012592391e+00 -9.568161941642596702e+00 1.441765523434110019e+00 -8.843238226903638477e+00 2.583462997088099566e+00 9.280633898650062719e+00 4.203482740984416210e+00 -8.248898893465637094e-01 -1.040775074563726577e+01 -5.050866478254008918e+00 -3.575713917877446413e+00 4.294255330478089050e+00 -8.590579101240988891e+00 -7.382609124597138361e+00 -3.264937604442132435e-01 3.253332154061264525e+00 6.048407841605309976e-01 1.214617080573907870e+01 -2.427401496615710919e+00 -1.261037598456527320e+01 6.335205005975836912e+00 1.778167987048432819e+00 7.521065814595837118e+00 -3.900361077946513433e+00 -6.582640848851474047e+00 6.069221832253273163e-01 2.297986019987949380e+00
1.764018607305888997e+00 2.240876344578843771e+00 9.500502106486158338e-01 4.105926243079150439e-01 7.610055905559777178e-01 3.336606672087964465e-01 3.130657299695190354e-01 6.535898546361246231e-01 2.269728436686203832e+00 -1.871813845556527245e-01 1.549415471140868916e-01 -1.980763612474925051e+00 1.230256136075096762e+00 -3.022894271076583261e-01 -1.706251434325253724e+00 -4.380421232574217005e-01 -1.613856001710402444e+00 3.868981270985681897e-01 -2.816764063254322339e-02 3.026885849141906504e-01 -6.724476950176202505e-01 -1.726235587003205785e+00 -1.630149629650150311e+00 5.193481238484338319e-02 1.139382872356734300e+00 -6.847585871705463845e-01 -3.115560058976627467e-01 9.008071450379872003e-01 1.488240033713238653e+00 -1.799168698187083304e-01 -4.031394784158704447e-01 9.765076020099874299e-01 1.049609435620489292e-02 4.019828853396662516e-01 -1.270469823571755530e+00 1.943588666477520155e+00 1.922928522811122143e+00 9.060331251253586071e-01 -2.679144500028670106e-01 -1.550276480374184473e-01 3.764117230171333262e-01 1.326348793550569338e+00 -4.351435146847143498e-01 4.074466181219191241e-01 -6.743634020879302193e-01 6.764039602039650934e-01 3.960124882858319095e-01 4.393939681842872758e-01 2.383119650891692753e+00 1.116992481503324974e+00 -6.823504458161269715e-02 -8.263802644409098397e-01 1.126602985453528882e+00 -4.378089719792532253e-01 9.493926579232938590e-01 8.443328208230370668e-01 1.187967055286561324e+00 3.187398240764932611e-01 -1.034234516087251032e+00 -6.894610302940016311e-01 -3.539826014267951071e-01 -2.223376111253513088e+00 -1.104331849194595261e+00 1.542978029060827039e+00 -3.927375904012543606e-02 -1.715857316622865503e-01 2.163212191116123506e+00 -2.393692186489271845e-01 6.401224476870183144e-01 -7.380024074384750055e-01 9.102718824505907635e-01 -4.664097210067830179e-01 -1.701842440014843597e-02 -4.226112989517811364e-02 -4.635881392901690656e-01 6.326402793759540455e-02 -5.972875074902552761e-01 -4.932935051802382342e-01 -1.156161690600817415e+00 -2.069948458979622430e+00 -6.374137608808123634e-01 -2.977911660554918294e-01 1.152296849764506526e+00 -1.466393935485150291e+00 1.419624372198940998e-01 6.947291906366842573e-01 -1.582906205947040235e+00 -5.068343453666683818e-01 -1.936260248297720921e+00 8.842198749140189884e-02 3.990454386327724201e-01 3.898343434947788011e-01 4.937325209216980038e-01 2.064461687954790126e+00 -6.920141716795692455e-01 6.088309616957524595e-01 6.898024290445929907e-01 -4.810190332269932978e-01 -1.359597190878956141e-01 5.829223425063383424e-01
4.001458555758904967e-01 1.867540425864591791e+00 -1.513564724085194879e-01 1.440426814645087428e-01 1.216782249566266544e-01 1.494040145748199100e+00 -8.540851268087266135e-01 8.644250011509038156e-01 -1.454350051847980385e+00 1.532754918408791411e+00 3.781530437079740903e-01 -3.478958403341547156e-01 1.202353954085138454e+00 -1.048521685535391823e+00 1.950754045910559675e+00 -1.252755802766256643e+00 -2.127172148061777512e-01 -5.108021013056295301e-01 4.283230701676439267e-01 -6.343549726664935440e-01 -3.595166731218706335e-01 1.774313591951958702e-01 4.627812860614399781e-01 7.290559546787014344e-01 -1.234798876158102798e+00 -8.707621086495778151e-01 5.615554955473121140e-02 4.656462819127031860e-01 1.895870290430966332e+00 -1.070731109205829368e+00 1.222413333875063346e+00 3.562789167213719077e-01 1.785822511656031342e+00 1.883124316996172665e+00 9.693601045326218912e-01 -4.136147679172049174e-01 1.480505487520026087e+00 -8.612145664623017671e-01 8.023942875696103982e-01 6.141625288754308798e-01 -1.099354368874094989e+00 -6.945565785206052611e-01 1.849222599255276656e+00 -7.698901336164584164e-01 3.178284294061673593e-02 5.765782845034870263e-01 -1.093024406077108823e+00 1.666650566302118608e-01 9.444760556818794228e-01 -1.315875484960467023e+00 1.713309659842169319e+00 -9.841952502293319083e-02 -1.079906191211831512e+00 -4.980238457011817443e-01 8.755211684099808989e-02 -1.000183819005092678e+00 3.169367311044373747e-01 8.568086551802598372e-01 6.815643839689066175e-01 -4.555129981442408993e-01 -1.374895736009186686e+00 6.252258208700451902e-01 5.216013905749554425e-02 -1.292832235254981921e+00 -1.168050259498310872e+00 7.717492871054392189e-01 1.336514204137971173e+00 1.099612828974977363e+00 -1.616910224702532650e+00 2.799056594183768065e-01 3.172646732264776670e-01 -9.443969302660076837e-01 3.791473867212729054e-01 -9.558994175739259358e-01 4.814596766075268097e-01 1.565111035782733306e-01 -2.379108681735220554e-01 -5.428439074738634629e-01 7.811900101016872044e-01 4.262364865679509895e-01 -3.973116817214391583e-01 -3.090026708477189299e-01 1.079601108538866150e+00 5.210402850060148472e-01 -3.193181989449054292e-01 -7.255969654478638953e-01 6.103615771793011735e-01 -5.962471665669034637e-01 1.887917764904785967e-01 -3.108770392782403968e-01 -2.772578822462376191e+00 -6.523416474153610478e-01 -1.161070431629782629e-01 -1.105333042837624846e-01 1.536338904035380537e+00 -1.045229533116031062e+00 1.301803069028363069e+00 2.303888560155197052e+00 1.136861673060899358e+00 -3.994348018794647848e-01
9.787207095993456507e-01 -9.772687002376981846e-01 -1.032089916571984484e-01 1.454230755680225640e+00 4.438682963779439494e-01 -2.051575045595512847e-01 -2.552959423459363109e+00 -7.421359062523624761e-01 4.575767779668001717e-02 1.469328906673517343e+00 -8.877587377863389584e-01 1.563410510995004998e-01 -3.873349657523738054e-01 -1.419986894305388603e+00 -5.096496471647361526e-01 7.774691917883086445e-01 -8.954464499096854713e-01 -1.180610684461551596e+00 6.652861360085982056e-02 -3.628012552174948446e-01 -8.131091543519568532e-01 -4.017926130876752211e-01 -9.072860511788531923e-01 1.289771156867655366e-01 4.023226979595223574e-01 -5.788174751731216539e-01 -1.165119407191748113e+00 -1.536207473725434314e+00 1.178768896415877121e+00 1.054407346333976703e+00 2.082701232255268486e-01 7.066909155339951010e-01 1.269054913325500522e-01 -1.347736023836097585e+00 -1.173095300965149024e+00 -7.474437607987676202e-01 1.867543293339451349e+00 1.910036101501378036e+00 9.471373079072343826e-01 9.221389552440699688e-01 2.982327339060504290e-01 -1.496312179728278846e-01 6.722732410199259157e-01 5.392158958472551555e-01 -6.358429393892741643e-01 -2.082969049068140732e-01 -1.491227303336621235e+00 6.349952039776757262e-01 -9.128112235432302990e-01 -4.615737399478955227e-01 -7.447379959839826036e-01 -6.634657480727255141e-01 -1.147455336894767530e+00 1.929502526304556431e+00 -1.225414395174632354e+00 -1.544729231267149006e+00 9.208067511080186840e-01 -6.510079225098421851e-01 -8.033973576133444094e-01 1.738712652295073408e-02 -6.436008244129585165e-01 -1.602038134558106952e+00 -7.395421183121946296e-01 2.670437738831631935e-01 5.232600585397487736e-01 8.235635219756647363e-01 -3.691848367290347377e-01 6.552432762457136572e-01 -2.432593514185730707e-02 -9.816594325339714211e-02 7.861711629009167090e-01 -4.100518495097085769e-01 2.259278089064607808e+00 -3.459742830765439314e-01 -1.540755638312603093e+00 2.321636681304764527e-01 -1.424021187891175710e+00 4.160041966525294677e-01 1.494459142566388898e+00 6.768824044663295236e-01 -1.328147010819618612e-01 -1.675952418226376750e+00 -8.133365514828121423e-01 -5.758035538619837856e-01 6.914945514167324392e-01 -1.383339449674323207e+00 -1.188813611658073643e+00 -5.257851648113285453e-02 5.238841611877135263e-01 9.739702244135399478e-02 1.955902460940073029e+00 -3.908608823130212961e-01 -2.030645950831297952e+00 1.020157810317906089e+00 2.863378811631275278e-01 1.211112978760731762e+00 -6.280737320164688775e-01 -1.060003155091356231e+00 9.773603030791394586e-02 3.700424185911788677e-01
