# 
#                 ----------------------------------------------------
#                 Data from a 3D direct N-body simulation. 
# 
#                 rows are i-particle; 
#                 coumns are :mass, tag, x ,y, z, vx, vy, vz, ax, ay, az
# 
#                 NTHU, Computational Physics Lab
# 
#                 ----------------------------------------------------
#                 Time = 6.699999999999902
1.000000000000000000e+00 2.000000000000000000e+00 3.000000000000000000e+00 4.000000000000000000e+00 5.000000000000000000e+00 6.000000000000000000e+00 7.000000000000000000e+00 8.000000000000000000e+00 9.000000000000000000e+00 1.000000000000000000e+01 1.100000000000000000e+01 1.200000000000000000e+01 1.300000000000000000e+01 1.400000000000000000e+01 1.500000000000000000e+01 1.600000000000000000e+01 1.700000000000000000e+01 1.800000000000000000e+01 1.900000000000000000e+01 2.000000000000000000e+01 2.100000000000000000e+01 2.200000000000000000e+01 2.300000000000000000e+01 2.400000000000000000e+01 2.500000000000000000e+01 2.600000000000000000e+01 2.700000000000000000e+01 2.800000000000000000e+01 2.900000000000000000e+01 3.000000000000000000e+01 3.100000000000000000e+01 3.200000000000000000e+01 3.300000000000000000e+01 3.400000000000000000e+01 3.500000000000000000e+01 3.600000000000000000e+01 3.700000000000000000e+01 3.800000000000000000e+01 3.900000000000000000e+01 4.000000000000000000e+01 4.100000000000000000e+01 4.200000000000000000e+01 4.300000000000000000e+01 4.400000000000000000e+01 4.500000000000000000e+01 4.600000000000000000e+01 4.700000000000000000e+01 4.800000000000000000e+01 4.900000000000000000e+01 5.000000000000000000e+01 5.100000000000000000e+01 5.200000000000000000e+01 5.300000000000000000e+01 5.400000000000000000e+01 5.500000000000000000e+01 5.600000000000000000e+01 5.700000000000000000e+01 5.800000000000000000e+01 5.900000000000000000e+01 6.000000000000000000e+01 6.100000000000000000e+01 6.200000000000000000e+01 6.300000000000000000e+01 6.400000000000000000e+01 6.500000000000000000e+01 6.600000000000000000e+01 6.700000000000000000e+01 6.800000000000000000e+01 6.900000000000000000e+01 7.000000000000000000e+01 7.100000000000000000e+01 7.200000000000000000e+01 7.300000000000000000e+01 7.400000000000000000e+01 7.500000000000000000e+01 7.600000000000000000e+01 7.700000000000000000e+01 7.800000000000000000e+01 7.900000000000000000e+01 8.000000000000000000e+01 8.100000000000000000e+01 8.200000000000000000e+01 8.300000000000000000e+01 8.400000000000000000e+01 8.500000000000000000e+01 8.600000000000000000e+01 8.700000000000000000e+01 8.800000000000000000e+01 8.900000000000000000e+01 9.000000000000000000e+01 9.100000000000000000e+01 9.200000000000000000e+01 9.300000000000000000e+01 9.400000000000000000e+01 9.500000000000000000e+01 9.600000000000000000e+01 9.700000000000000000e+01 9.800000000000000000e+01 9.900000000000000000e+01 1.000000000000000000e+02
2.000000000000000111e-01 2.000000000000000111e-01 2.000000000000000111e-01 2.000000000000000111e-01 2.000000000000000111e-01 2.000000000000000111e-01 2.000000000000000111e-01 2.000000000000000111e-01 2.000000000000000111e-01 2.000000000000000111e-01 2.000000000000000111e-01 2.000000000000000111e-01 2.000000000000000111e-01 2.000000000000000111e-01 2.000000000000000111e-01 2.000000000000000111e-01 2.000000000000000111e-01 2.000000000000000111e-01 2.000000000000000111e-01 2.000000000000000111e-01 2.000000000000000111e-01 2.000000000000000111e-01 2.000000000000000111e-01 2.000000000000000111e-01 2.000000000000000111e-01 2.000000000000000111e-01 2.000000000000000111e-01 2.000000000000000111e-01 2.000000000000000111e-01 2.000000000000000111e-01 2.000000000000000111e-01 2.000000000000000111e-01 2.000000000000000111e-01 2.000000000000000111e-01 2.000000000000000111e-01 2.000000000000000111e-01 2.000000000000000111e-01 2.000000000000000111e-01 2.000000000000000111e-01 2.000000000000000111e-01 2.000000000000000111e-01 2.000000000000000111e-01 2.000000000000000111e-01 2.000000000000000111e-01 2.000000000000000111e-01 2.000000000000000111e-01 2.000000000000000111e-01 2.000000000000000111e-01 2.000000000000000111e-01 2.000000000000000111e-01 2.000000000000000111e-01 2.000000000000000111e-01 2.000000000000000111e-01 2.000000000000000111e-01 2.000000000000000111e-01 2.000000000000000111e-01 2.000000000000000111e-01 2.000000000000000111e-01 2.000000000000000111e-01 2.000000000000000111e-01 2.000000000000000111e-01 2.000000000000000111e-01 2.000000000000000111e-01 2.000000000000000111e-01 2.000000000000000111e-01 2.000000000000000111e-01 2.000000000000000111e-01 2.000000000000000111e-01 2.000000000000000111e-01 2.000000000000000111e-01 2.000000000000000111e-01 2.000000000000000111e-01 2.000000000000000111e-01 2.000000000000000111e-01 2.000000000000000111e-01 2.000000000000000111e-01 2.000000000000000111e-01 2.000000000000000111e-01 2.000000000000000111e-01 2.000000000000000111e-01 2.000000000000000111e-01 2.000000000000000111e-01 2.000000000000000111e-01 2.000000000000000111e-01 2.000000000000000111e-01 2.000000000000000111e-01 2.000000000000000111e-01 2.000000000000000111e-01 2.000000000000000111e-01 2.000000000000000111e-01 2.000000000000000111e-01 2.000000000000000111e-01 2.000000000000000111e-01 2.000000000000000111e-01 2.000000000000000111e-01 2.000000000000000111e-01 2.000000000000000111e-01 2.000000000000000111e-01 2.000000000000000111e-01 2.000000000000000111e-01
5.331265408516382109e+01 6.772407452349993662e+01 2.871291288717991108e+01 1.240901972739573011e+01 2.299952574054589149e+01 1.008406951307349431e+01 9.461511259218330139e+00 1.975316222109134046e+01 6.859615330534276723e+01 -5.657034066808941830e+00 4.682720101031646820e+00 -5.986312211685346085e+01 3.718126744295322794e+01 -9.135962378356516922e+00 -5.156663604884701613e+01 -1.323890820076969099e+01 -4.877452735598524214e+01 1.169290577812638077e+01 -8.514548726984154658e-01 9.145325547480904760e+00 -2.032289735960108601e+01 -5.217092940801235557e+01 -4.926703475987705616e+01 1.569700578245048161e+00 3.443469495265653535e+01 -2.069541209174107976e+01 -9.415820459505907181e+00 2.722446533157770077e+01 4.497780726852528232e+01 -5.437550021238973130e+00 -1.218414075888489734e+01 2.951360359212781503e+01 3.172595193405658986e-01 1.214882280581435126e+01 -3.839638043138691614e+01 5.873961509436678341e+01 5.811500027208180796e+01 2.738231361747953940e+01 -8.097966687068518965e+00 -4.685047439828792015e+00 1.137609579556268002e+01 4.008541453383008957e+01 -1.315104672648583595e+01 1.231405047544751952e+01 -2.038028393586164100e+01 2.044265821187266141e+01 1.196824150427234379e+01 1.327935988812101265e+01 7.202305578452384793e+01 3.375808172126991735e+01 -2.062279844440774834e+00 -2.497558895557687819e+01 3.404863789142731889e+01 -1.323161445256308966e+01 2.869292238171153997e+01 2.551782226482572113e+01 3.590353528765603386e+01 9.632828195578310826e+00 -3.125678485709549292e+01 -2.083796632200579424e+01 -1.069821246909544499e+01 -6.719530101659249510e+01 -3.337577602913778918e+01 4.663238783291657796e+01 -1.187039715315918675e+00 -5.185210415213844293e+00 6.537698552745625591e+01 -7.234345248549471918e+00 1.934591905005961010e+01 -2.230427979754234968e+01 2.750919117512220069e+01 -1.409596780276571337e+01 -5.143549964523120854e-01 -1.277171339331913735e+00 -1.401067578252062873e+01 1.911944776001592405e+00 -1.805158776355213845e+01 -1.490865022135101903e+01 -3.494181957988597986e+01 -6.255851451512697992e+01 -1.926422323255561153e+01 -8.999856143010386944e+00 3.482517999166485367e+01 -4.431778713647209145e+01 4.290287150091296908e+00 2.099637425372582200e+01 -4.783904789627945320e+01 -1.531736191376461242e+01 -5.851798330762225930e+01 2.672294893220333201e+00 1.205998183184582295e+01 1.178463283746074985e+01 1.492171745115782855e+01 6.239262981679426190e+01 -2.091450515083458228e+01 1.840027067979382025e+01 2.084742797450013541e+01 -1.453747606013411087e+01 -4.108863954463428669e+00 1.761747556760126088e+01
1.209336114991280731e+01 5.644110604152920274e+01 -4.574311503476507390e+00 4.353275551487364226e+00 3.677327777052851410e+00 4.515341235091886318e+01 -2.581232782162179618e+01 2.612482687723598573e+01 -4.395362313673477672e+01 4.632328061425460675e+01 1.142867128362009410e+01 -1.051431668014774345e+01 3.633790489479719810e+01 -3.168884151125972437e+01 5.895603660044461236e+01 -3.786131226132181382e+01 -6.429020711074796779e+00 -1.543752223678340307e+01 1.294490440734320202e+01 -1.917112148753926348e+01 -1.086575866201425100e+01 5.362278245188237591e+00 1.398621052120565622e+01 2.203397125309714610e+01 -3.731846925338099652e+01 -2.631662677561491392e+01 1.697250633079257387e+00 1.407297464252061125e+01 5.729730811488213504e+01 -3.235994131429109189e+01 3.694420896432138335e+01 1.076850550367985448e+01 5.397177975898770086e+01 5.691218652956217028e+01 2.929647867412950291e+01 -1.250033558552481772e+01 4.474401994264566440e+01 -2.602780003633268890e+01 2.425072858673678411e+01 1.856027544925112949e+01 -3.322528693358219698e+01 -2.099105589797855131e+01 5.588778003438898878e+01 -2.326796222844257400e+01 9.611021648215101187e-01 1.742552466175672166e+01 -3.303387322795673242e+01 5.037058608057185083e+00 2.854404280456659748e+01 -3.976882897828312480e+01 5.178011780366062311e+01 -2.974826768273432176e+00 -3.263727571181757270e+01 -1.505140244606695177e+01 2.645994187019661492e+00 -3.022797501920013730e+01 9.578546674978174025e+00 2.589477142554036249e+01 2.059862617128925422e+01 -1.376676534120677253e+01 -4.155281900894514280e+01 1.889567202442948712e+01 1.576444255277807072e+00 -3.907232972636843016e+01 -3.530138024889428294e+01 2.332432939873232414e+01 4.039236024533067848e+01 3.323310218341730859e+01 -4.886687882196833499e+01 8.459544875055307500e+00 9.587843486916673541e+00 -2.854218952511238783e+01 1.145866226222252493e+01 -2.888977438660023722e+01 1.455095395982322515e+01 4.730032860015833229e+00 -7.190281489596029196e+00 -1.640606167873649568e+01 2.360925840617479565e+01 1.288200120689161743e+01 -1.200710595632104472e+01 -9.338814901156782255e+00 3.262796364769846491e+01 1.574719384731802307e+01 -9.650570366564426905e+00 -2.192903259923871673e+01 1.844658681145626034e+01 -1.802059575101924693e+01 5.705519978964250782e+00 -9.395448489322646424e+00 -8.379317915495551006e+01 -1.971588735069345333e+01 -3.508956472328899512e+00 -3.340629251970459013e+00 4.643175843053813878e+01 -3.158925861685585090e+01 3.934366344001145421e+01 6.962856512810181187e+01 3.435863838539643211e+01 -1.207190534707487295e+01
2.957914873835556691e+01 -2.953517113913039438e+01 -3.119302903259094872e+00 4.395033580313820920e+01 1.341455046667688578e+01 -6.200289261147215569e+00 -7.715602364694345283e+01 -2.242920979065181797e+01 1.382900668022511992e+00 4.440648178427077397e+01 -2.683020561066115661e+01 4.725039889324852638e+00 -1.170596116891093175e+01 -4.291527884910671986e+01 -1.540268683308614506e+01 2.349696090108426816e+01 -2.706246315662764701e+01 -3.568072718311018576e+01 2.010497527971719212e+00 -1.096389203737799178e+01 -2.457426079503844818e+01 -1.214285954432173220e+01 -2.742018874871113709e+01 3.898020780166117749e+00 1.215923877646480378e+01 -1.749342807247834131e+01 -3.521265376534962854e+01 -4.642776361966312493e+01 3.562493767023473623e+01 3.186687184257332461e+01 6.294406999025158100e+00 2.135626636541516632e+01 3.835421495836389472e+00 -4.073161557611452110e+01 -3.545367432075035197e+01 -2.258941226263607760e+01 5.644117046045818142e+01 5.772554480150174783e+01 2.862577563850741313e+01 2.786972358801097727e+01 9.013268369364924482e+00 -4.522201101016842806e+00 2.031772774749191868e+01 1.629660010950808768e+01 -1.921651388016656981e+01 -6.295181169994805259e+00 -4.506830121979204051e+01 1.919128158663095007e+01 -2.758715541906047619e+01 -1.394983202179630410e+01 -2.250770621154392614e+01 -2.005144201476366561e+01 -3.467860866498229200e+01 5.831386798889961653e+01 -3.703478276142306669e+01 -4.668537488255869761e+01 2.782927817953746086e+01 -1.967500114379689791e+01 -2.428045938595231945e+01 5.265538628301238422e-01 -1.945114237755850795e+01 -4.841710545864550141e+01 -2.235072364580591397e+01 8.070693468447666774e+00 1.581418628336022358e+01 2.488908149810403359e+01 -1.115748743779750463e+01 1.980303484807099679e+01 -7.351818472618127931e-01 -2.966593700652949028e+00 2.376154381274206173e+01 -1.239258220048728454e+01 6.828037717586006750e+01 -1.045613992014483706e+01 -4.656527901151449811e+01 7.016665608185331138e+00 -4.303730520840331053e+01 1.257303715887624129e+01 4.516591672747623676e+01 2.045707436289527337e+01 -4.014705152992909198e+00 -5.065132023462298605e+01 -2.458102276217203652e+01 -1.740178108384817790e+01 2.089890108560283366e+01 -4.180764130212359220e+01 -3.592891956392620756e+01 -1.588899015263226966e+00 1.583293375562768013e+01 2.943574536298007693e+00 5.911149741369731458e+01 -1.181370265305311840e+01 -6.137073501022463518e+01 3.083143504698517390e+01 8.653785847462751590e+00 3.660269579584402067e+01 -1.898183783985846773e+01 -3.203561686154782251e+01 2.953653489618762951e+00 1.118359838116885463e+01
1.360063994401435927e+01 1.727718483277023509e+01 7.324951086227820873e+00 3.165678973065598978e+00 5.867406900138223413e+00 2.572546612774637254e+00 2.413740078817042889e+00 5.039225896336827937e+00 1.749965008672972289e+01 -1.443172602324014564e+00 1.194609169491444245e+00 -1.527174245561968391e+01 9.485332640574121399e+00 -2.330673787834735666e+00 -1.315522995830503739e+01 -3.377358641253105365e+00 -1.244289982723107535e+01 2.982991876209772020e+00 -2.171969323438011357e-01 2.333365570418326929e+00 -5.184593076445554338e+00 -1.330935508440565940e+01 -1.256853520358164822e+01 4.004351223991788888e-01 8.784671764165763008e+00 -5.279574934483351356e+00 -2.402090989357730244e+00 6.945255468338324967e+00 1.147435101691877790e+01 -1.387172401525227361e+00 -3.108268108697190613e+00 7.529093852839932488e+00 8.093146064006608020e-02 3.099298890935387352e+00 -9.795347743480043334e+00 1.498512305852619519e+01 1.482580151717371564e+01 6.985534702244927452e+00 -2.065769329378069230e+00 -1.195233762256152854e+00 2.902157501056158662e+00 1.022621131244052428e+01 -3.354973301091567439e+00 3.141438902472674766e+00 -5.199290343839125583e+00 5.215123642537767168e+00 3.053246614502006295e+00 3.387723697540145462e+00 1.837389456810843669e+01 8.612051886820571767e+00 -5.261031771420212610e-01 -6.371489414824295316e+00 8.686164157435586120e+00 -3.375525710757749209e+00 7.319864516717866643e+00 6.509856533465053552e+00 9.159331032699508768e+00 2.457463665026961674e+00 -7.973962055982415364e+00 -5.315893144445806406e+00 -2.729224790575516923e+00 -1.714227508678831668e+01 -8.514484760699886579e+00 1.189642182049161967e+01 -3.028158482734359391e-01 -1.322859988571768675e+00 1.667840576668532293e+01 -1.845553348122200177e+00 4.935359269683123884e+00 -5.690046276017856286e+00 7.018040351513935349e+00 -3.596034640860899412e+00 -1.312153826553286995e-01 -3.258266510820755357e-01 -3.574277671034276960e+00 4.877622512533918431e-01 -4.605134498797589515e+00 -3.803337084370079779e+00 -8.914041357169452340e+00 -1.595936383541982373e+01 -4.914499032513648835e+00 -2.295969409245596449e+00 8.884266828372796354e+00 -1.130594812131239735e+01 1.094514864980176139e+00 5.356395462891390125e+00 -1.220426073927473354e+01 -3.907662666787992123e+00 -1.492859925344376393e+01 6.817336900495694074e-01 3.076641850263376110e+00 3.006057009716532225e+00 3.806693232395744086e+00 1.591705180130883512e+01 -5.335488989838657048e+00 4.694108264955628940e+00 5.318403070486250606e+00 -3.708670281618621445e+00 -1.048232658255792149e+00 4.494383723104544259e+00
3.085143552356443664e+00 1.439876608761358767e+01 -1.166959634102491705e+00 1.110570563491942275e+00 9.381337418622190949e-01 1.151911469181684744e+01 -6.585014093951306435e+00 6.664735504037865965e+00 -1.121306505359570238e+01 1.181758109454350958e+01 2.915575830289236059e+00 -2.682304231898128499e+00 9.270192336332707228e+00 -8.084154560397669442e+00 1.504034943457576112e+01 -9.658813462591981036e+00 -1.640088340296851799e+00 -3.938289283251798611e+00 3.302385602520942154e+00 -4.890821659643742159e+00 -2.771934638425780584e+00 1.367987045154425152e+00 3.568045336603289819e+00 5.621079349993077123e+00 -9.520344442061080770e+00 -6.713634517626423381e+00 4.329756813769425894e-01 3.590159883703024857e+00 1.461719155534381720e+01 -8.255372864962849278e+00 9.424859935026217883e+00 2.747057023652698771e+00 1.376877189203351115e+01 1.451893264659989136e+01 7.473827684818444617e+00 -3.188976913274836011e+00 1.141471288429313979e+01 -6.639982920901004171e+00 6.186563965411283839e+00 4.735053828396226017e+00 -8.476099899430924012e+00 -5.355050106049897174e+00 1.425757509467515405e+01 -5.935896357431876602e+00 2.451256182013451523e-01 4.445439553229610929e+00 -8.427280284967757495e+00 1.285001714218551694e+00 7.281916133480197395e+00 -1.014545343537383104e+01 1.320967282582997981e+01 -7.588697989523843779e-01 -8.326119117679487758e+00 -3.839778255871383106e+00 6.750253548267503012e-01 -7.711470027778308811e+00 2.443592041347662835e+00 6.606031488919022365e+00 5.254911848433998500e+00 -3.512037881183188048e+00 -1.060053913381476676e+01 4.820500504287856813e+00 4.021629439785003313e-01 -9.967777841278318007e+00 -9.005739885888852214e+00 5.950256101162128886e+00 1.030454752474482483e+01 8.478093206269377902e+00 -1.246645453890149646e+01 2.158104341310021823e+00 2.446032732524493269e+00 -7.281382910080787418e+00 2.923233631965508561e+00 -7.370060820234360932e+00 3.712090597499052791e+00 1.206692962997116814e+00 -1.834310977056003988e+00 -4.185355938121343655e+00 6.022988523933741511e+00 3.286320553663492294e+00 -3.063206293732744001e+00 -2.382427832751176311e+00 8.323753815514704613e+00 4.017261766626317510e+00 -2.461960419978630021e+00 -5.594353292826248492e+00 4.705917563489250277e+00 -4.597177622069973602e+00 1.455562529493139357e+00 -2.396877261494634315e+00 -2.137660604779344808e+01 -5.029666293575296265e+00 -8.951801061248509939e-01 -8.522240857591826257e-01 1.184523681767266901e+01 -8.058759599004060803e+00 1.003697391814213447e+01 1.776302790351196137e+01 8.765253201406812522e+00 -3.079666140221252846e+00
7.545965590092925446e+00 -7.534757046388408597e+00 -7.957578328150313185e-01 1.121219069596050311e+01 3.422216085120795004e+00 -1.581765631127769911e+00 -1.968336803439302329e+01 -5.721916578133654063e+00 3.527931011973116093e-01 1.132857586423938123e+01 -6.844665085390951198e+00 1.205402759361993148e+00 -2.986338943801606582e+00 -1.094815092375447207e+01 -3.929403022747294916e+00 5.994322898813511991e+00 -6.903925797175187284e+00 -9.102544368964489152e+00 5.129165383921409083e-01 -2.797096868638270895e+00 -6.269133737322656330e+00 -3.097801497910630975e+00 -6.995196066658544432e+00 9.944232639089634063e-01 3.101939714408141313e+00 -4.462736626132355333e+00 -8.983121577767940735e+00 -1.184422024591429157e+01 9.088326061758136731e+00 8.129554938714225187e+00 1.605770778566271151e+00 5.448389584071428260e+00 9.784523895816261696e-01 -1.039108331034466381e+01 -9.044611819792972796e+00 -5.762809895518619108e+00 1.439878501970500579e+01 1.472642664272590629e+01 7.302620658416849153e+00 7.109804727329157359e+00 2.299383484998692495e+00 -1.153662252568497193e+00 5.183262708343461256e+00 4.157410297798241672e+00 -4.902354312968971506e+00 -1.605972234810042476e+00 -1.149741321605873878e+01 4.895873681178252390e+00 -7.037792951752599002e+00 -3.558751723887912277e+00 -5.741958117474418088e+00 -5.115341909904940643e+00 -8.846902938262589444e+00 1.487651390943409879e+01 -9.447980349278390477e+00 -1.190993246158638819e+01 7.099507231836850174e+00 -5.019300664457516881e+00 -6.194214229304234820e+00 1.342088732230858061e-01 -4.962191784509109915e+00 -1.235174669745236642e+01 -5.701904685033225562e+00 2.058919374844176531e+00 4.034362844318101438e+00 6.349575287295099457e+00 -2.846410070774513024e+00 5.051959901447730772e+00 -1.875532768404070683e-01 -7.568333838614201836e-01 6.061642413049933786e+00 -3.161496146543691932e+00 1.741908573174563557e+01 -2.667474265648138054e+00 -1.187929523906081641e+01 1.790010958433854160e+00 -1.097926985509706732e+01 3.207469114690462142e+00 1.152232251424328524e+01 5.218806248517184443e+00 -1.024111685400374006e+00 -1.292167917418687573e+01 -6.270871198289271753e+00 -4.439419308975304013e+00 5.331496986622067169e+00 -1.066558818097161243e+01 -9.165829365476826140e+00 -4.053615785665469207e-01 4.039158369322353614e+00 7.509363056666162883e-01 1.508002445905994016e+01 -3.013692459132959023e+00 -1.565634476182401436e+01 7.865441663812864803e+00 2.207674786329379302e+00 9.337735157753572324e+00 -4.842471622485177818e+00 -8.172645532489369202e+00 7.535262715056014748e-01 2.853049595776809166e+00
1.764018454990852414e+00 2.240876268489278011e+00 9.500500381548162565e-01 4.105925977735995769e-01 7.610054454737286145e-01 3.336606055365646806e-01 3.130657210684757996e-01 6.535897248516002733e-01 2.269728318463320349e+00 -1.871813734249609396e-01 1.549415205755066416e-01 -1.980763464146524377e+00 1.230255980112488823e+00 -3.022893669561469432e-01 -1.706251349650202309e+00 -4.380419779671907987e-01 -1.613855812790381039e+00 3.868981073743492649e-01 -2.816757475268564723e-02 3.026895747718282292e-01 -6.724476374611837448e-01 -1.726235374739651274e+00 -1.630149409689849671e+00 5.193476459208528490e-02 1.139382791953545082e+00 -6.847583545797377713e-01 -3.115560215901475027e-01 9.008070577174633886e-01 1.488239978817058828e+00 -1.799168338630632025e-01 -4.031393092035396863e-01 9.765070051345491331e-01 1.049607662942137615e-02 4.019828560935009287e-01 -1.270469755069023821e+00 1.943588519668485892e+00 1.922928461849139792e+00 9.060330730586385606e-01 -2.679140476284346817e-01 -1.550277275597373439e-01 3.764116606719867253e-01 1.326348626043844625e+00 -4.351434693719033464e-01 4.074465494146429223e-01 -6.743635412007108476e-01 6.764038277648793951e-01 3.960125143776239143e-01 4.393939784484763855e-01 2.383119537469436278e+00 1.116992374026106960e+00 -6.823501496104317221e-02 -8.263800010638832072e-01 1.126602836749901027e+00 -4.378089219909883645e-01 9.493925308408768249e-01 8.443326846596057589e-01 1.187966771910747177e+00 3.187398790635985191e-01 -1.034234478513634370e+00 -6.894606291871310244e-01 -3.539825503686435115e-01 -2.223375989176384238e+00 -1.104331616681361927e+00 1.542977863966052743e+00 -3.927371813918276861e-02 -1.715859102031954408e-01 2.163212083860850843e+00 -2.393691736858447605e-01 6.401224067025641506e-01 -7.380022787637571247e-01 9.102723058001610523e-01 -4.664096787359732210e-01 -1.701841541880003833e-02 -4.226114785849494765e-02 -4.635881039168873730e-01 6.326403711247807760e-02 -5.972873785283991932e-01 -4.932933860927802283e-01 -1.156161596964263794e+00 -2.069948293875199408e+00 -6.374136560072151125e-01 -2.977911673641774337e-01 1.152296693033470154e+00 -1.466393798286407701e+00 1.419624790959051197e-01 6.947291005597370228e-01 -1.582906060612528698e+00 -5.068344268642483996e-01 -1.936260160031191946e+00 8.842198704436730894e-02 3.990454345381648782e-01 3.898331626847409970e-01 4.937324791330738316e-01 2.064461547219926807e+00 -6.920140106036145600e-01 6.088309035796767299e-01 6.898023580065668625e-01 -4.810189967256818799e-01 -1.359597643731826622e-01 5.829222010186202452e-01
4.001458043201601700e-01 1.867540346570152998e+00 -1.513564690872873097e-01 1.440426774482338745e-01 1.216782394602489992e-01 1.494039970006260099e+00 -8.540850788983475050e-01 8.644249506071048916e-01 -1.454349981319012608e+00 1.532754808723547413e+00 3.781530009300509421e-01 -3.478957667043975910e-01 1.202353837177855711e+00 -1.048521544319353405e+00 1.950753949529249853e+00 -1.252755624171401516e+00 -2.127171106686409630e-01 -5.108020876079533146e-01 4.283230304512100073e-01 -6.343551234807722761e-01 -3.595165083378966120e-01 1.774313827551847189e-01 4.627812817090315445e-01 7.290557983946969189e-01 -1.234798754518467101e+00 -8.707619504708367097e-01 5.615550533773500802e-02 4.656462089607119603e-01 1.895870205172252687e+00 -1.070731012093850021e+00 1.222413190579446418e+00 3.562785196839471924e-01 1.785822295029839690e+00 1.883124197902418695e+00 9.693599392684570937e-01 -4.136147488985351117e-01 1.480505445518231378e+00 -8.612145162673380261e-01 8.023940066112609237e-01 6.141629051847291576e-01 -1.099354159281839438e+00 -6.945565275921965487e-01 1.849222413569873380e+00 -7.698900165047560806e-01 3.178262724241085607e-02 5.765782279283077072e-01 -1.093024238562090300e+00 1.666650185279739682e-01 9.444760401927722038e-01 -1.315875340829865570e+00 1.713309510582007089e+00 -9.841937579916321122e-02 -1.079906076912509949e+00 -4.980238068536840257e-01 8.755212079850195617e-02 -1.000183676643606079e+00 3.169367045591196530e-01 8.568085560570865011e-01 6.815642479186272418e-01 -4.555129099075406751e-01 -1.374895485176945265e+00 6.252257954525283212e-01 5.216011673716680619e-02 -1.292832123857958981e+00 -1.168050064290323542e+00 7.717491005378993574e-01 1.336514142084566314e+00 1.099612617805331816e+00 -1.616910017843326886e+00 2.799055739058723402e-01 3.172648850335916260e-01 -9.443967075518514553e-01 3.791473670882826719e-01 -9.558992117781470732e-01 4.814595781968537547e-01 1.565111242205475262e-01 -2.379108191351686774e-01 -5.428438281554975875e-01 7.811899735719146642e-01 4.262363861003304333e-01 -3.973118621885872725e-01 -3.090026243501567405e-01 1.079601029611916729e+00 5.210401739765120332e-01 -3.193181528155250026e-01 -7.255969636126151645e-01 6.103614967919610557e-01 -5.962468643756926312e-01 1.887918360340307966e-01 -3.108769980478331418e-01 -2.772578759558530503e+00 -6.523413428535699277e-01 -1.161070571774923399e-01 -1.105332710861482853e-01 1.536338731796013768e+00 -1.045229425519869526e+00 1.301802874159839307e+00 2.303888433127777802e+00 1.136861539039852431e+00 -3.994347376513915915e-01
9.787206316123749916e-01 -9.772686587958413496e-01 -1.032089471378676987e-01 1.454230562674752258e+00 4.438683192802696520e-01 -2.051575011316649211e-01 -2.552959286252422633e+00 -7.421357747986192521e-01 4.575767400683251190e-02 1.469328771853798399e+00 -8.877586158462644761e-01 1.563410153541000269e-01 -3.873350025523335516e-01 -1.419986754158644393e+00 -5.096496357224643559e-01 7.774690962466767052e-01 -8.954463591125619848e-01 -1.180610587406716538e+00 6.652866505717670853e-02 -3.628015302369075323e-01 -8.131089867072814892e-01 -4.017926658153702091e-01 -9.072859956072659715e-01 1.289770895202357881e-01 4.023226124334615128e-01 -5.788173297909607884e-01 -1.165119269800232615e+00 -1.536207310236430201e+00 1.178768848225409505e+00 1.054407145956319347e+00 2.082701012925544937e-01 7.066914513813767895e-01 1.269054615292520560e-01 -1.347735919832738549e+00 -1.173095174080502456e+00 -7.474437109102644028e-01 1.867543222610719367e+00 1.910035971249958608e+00 9.471367892589703796e-01 9.221386492434328064e-01 2.982327093568115095e-01 -1.496312029724422288e-01 6.722731438799727233e-01 5.392157455163496538e-01 -6.358429252916265595e-01 -2.082968965542888462e-01 -1.491227166589621955e+00 6.349950403823881873e-01 -9.128111738740155578e-01 -4.615736908958653628e-01 -7.447379200203133598e-01 -6.634656914297287766e-01 -1.147455276788443612e+00 1.929502393002339389e+00 -1.225414299815490438e+00 -1.544729042238365491e+00 9.208065159222020846e-01 -6.510078427413447111e-01 -8.033973020569076251e-01 1.738671015032685133e-02 -6.436007450485859982e-01 -1.602038046429688167e+00 -7.395420240438503878e-01 2.670437418532496388e-01 5.232599835912891129e-01 8.235637912525143323e-01 -3.691848502690128209e-01 6.552431839186202422e-01 -2.432593428700386209e-02 -9.816601347690746826e-02 7.861704508140885395e-01 -4.100518592886847058e-01 2.259277949739685543e+00 -3.459742492541050263e-01 -1.540755451513108332e+00 2.321635897042171048e-01 -1.424021008569877234e+00 4.160039896315196328e-01 1.494459027888747293e+00 6.768822887260196319e-01 -1.328144027923800485e-01 -1.675952186213154116e+00 -8.133364263796203364e-01 -5.758036242455599751e-01 6.914943518599531158e-01 -1.383339339053114125e+00 -1.188813405534552503e+00 -5.257856713522547631e-02 5.238841302351148199e-01 9.739700825385230742e-02 1.955902416485097106e+00 -3.908604609927426310e-01 -2.030645776943159841e+00 1.020157743044909804e+00 2.863378549450956712e-01 1.211112832889264634e+00 -6.280736695914791445e-01 -1.060003097903142510e+00 9.773608028258903846e-02 3.700423577862931301e-01
