# 
#                 ----------------------------------------------------
#                 Data from a 3D direct N-body simulation. 
# 
#                 rows are i-particle; 
#                 coumns are :mass, tag, x ,y, z, vx, vy, vz, ax, ay, az
# 
#                 NTHU, Computational Physics Lab
# 
#                 ----------------------------------------------------
#                 Time = 2.0000000000000013
1.000000000000000000e+00 2.000000000000000000e+00 3.000000000000000000e+00 4.000000000000000000e+00 5.000000000000000000e+00 6.000000000000000000e+00 7.000000000000000000e+00 8.000000000000000000e+00 9.000000000000000000e+00 1.000000000000000000e+01 1.100000000000000000e+01 1.200000000000000000e+01 1.300000000000000000e+01 1.400000000000000000e+01 1.500000000000000000e+01 1.600000000000000000e+01 1.700000000000000000e+01 1.800000000000000000e+01 1.900000000000000000e+01 2.000000000000000000e+01 2.100000000000000000e+01 2.200000000000000000e+01 2.300000000000000000e+01 2.400000000000000000e+01 2.500000000000000000e+01 2.600000000000000000e+01 2.700000000000000000e+01 2.800000000000000000e+01 2.900000000000000000e+01 3.000000000000000000e+01 3.100000000000000000e+01 3.200000000000000000e+01 3.300000000000000000e+01 3.400000000000000000e+01 3.500000000000000000e+01 3.600000000000000000e+01 3.700000000000000000e+01 3.800000000000000000e+01 3.900000000000000000e+01 4.000000000000000000e+01 4.100000000000000000e+01 4.200000000000000000e+01 4.300000000000000000e+01 4.400000000000000000e+01 4.500000000000000000e+01 4.600000000000000000e+01 4.700000000000000000e+01 4.800000000000000000e+01 4.900000000000000000e+01 5.000000000000000000e+01 5.100000000000000000e+01 5.200000000000000000e+01 5.300000000000000000e+01 5.400000000000000000e+01 5.500000000000000000e+01 5.600000000000000000e+01 5.700000000000000000e+01 5.800000000000000000e+01 5.900000000000000000e+01 6.000000000000000000e+01 6.100000000000000000e+01 6.200000000000000000e+01 6.300000000000000000e+01 6.400000000000000000e+01 6.500000000000000000e+01 6.600000000000000000e+01 6.700000000000000000e+01 6.800000000000000000e+01 6.900000000000000000e+01 7.000000000000000000e+01 7.100000000000000000e+01 7.200000000000000000e+01 7.300000000000000000e+01 7.400000000000000000e+01 7.500000000000000000e+01 7.600000000000000000e+01 7.700000000000000000e+01 7.800000000000000000e+01 7.900000000000000000e+01 8.000000000000000000e+01 8.100000000000000000e+01 8.200000000000000000e+01 8.300000000000000000e+01 8.400000000000000000e+01 8.500000000000000000e+01 8.600000000000000000e+01 8.700000000000000000e+01 8.800000000000000000e+01 8.900000000000000000e+01 9.000000000000000000e+01 9.100000000000000000e+01 9.200000000000000000e+01 9.300000000000000000e+01 9.400000000000000000e+01 9.500000000000000000e+01 9.600000000000000000e+01 9.700000000000000000e+01 9.800000000000000000e+01 9.900000000000000000e+01 1.000000000000000000e+02
2.000000000000000111e-01 2.000000000000000111e-01 2.000000000000000111e-01 2.000000000000000111e-01 2.000000000000000111e-01 2.000000000000000111e-01 2.000000000000000111e-01 2.000000000000000111e-01 2.000000000000000111e-01 2.000000000000000111e-01 2.000000000000000111e-01 2.000000000000000111e-01 2.000000000000000111e-01 2.000000000000000111e-01 2.000000000000000111e-01 2.000000000000000111e-01 2.000000000000000111e-01 2.000000000000000111e-01 2.000000000000000111e-01 2.000000000000000111e-01 2.000000000000000111e-01 2.000000000000000111e-01 2.000000000000000111e-01 2.000000000000000111e-01 2.000000000000000111e-01 2.000000000000000111e-01 2.000000000000000111e-01 2.000000000000000111e-01 2.000000000000000111e-01 2.000000000000000111e-01 2.000000000000000111e-01 2.000000000000000111e-01 2.000000000000000111e-01 2.000000000000000111e-01 2.000000000000000111e-01 2.000000000000000111e-01 2.000000000000000111e-01 2.000000000000000111e-01 2.000000000000000111e-01 2.000000000000000111e-01 2.000000000000000111e-01 2.000000000000000111e-01 2.000000000000000111e-01 2.000000000000000111e-01 2.000000000000000111e-01 2.000000000000000111e-01 2.000000000000000111e-01 2.000000000000000111e-01 2.000000000000000111e-01 2.000000000000000111e-01 2.000000000000000111e-01 2.000000000000000111e-01 2.000000000000000111e-01 2.000000000000000111e-01 2.000000000000000111e-01 2.000000000000000111e-01 2.000000000000000111e-01 2.000000000000000111e-01 2.000000000000000111e-01 2.000000000000000111e-01 2.000000000000000111e-01 2.000000000000000111e-01 2.000000000000000111e-01 2.000000000000000111e-01 2.000000000000000111e-01 2.000000000000000111e-01 2.000000000000000111e-01 2.000000000000000111e-01 2.000000000000000111e-01 2.000000000000000111e-01 2.000000000000000111e-01 2.000000000000000111e-01 2.000000000000000111e-01 2.000000000000000111e-01 2.000000000000000111e-01 2.000000000000000111e-01 2.000000000000000111e-01 2.000000000000000111e-01 2.000000000000000111e-01 2.000000000000000111e-01 2.000000000000000111e-01 2.000000000000000111e-01 2.000000000000000111e-01 2.000000000000000111e-01 2.000000000000000111e-01 2.000000000000000111e-01 2.000000000000000111e-01 2.000000000000000111e-01 2.000000000000000111e-01 2.000000000000000111e-01 2.000000000000000111e-01 2.000000000000000111e-01 2.000000000000000111e-01 2.000000000000000111e-01 2.000000000000000111e-01 2.000000000000000111e-01 2.000000000000000111e-01 2.000000000000000111e-01 2.000000000000000111e-01 2.000000000000000111e-01
8.873232986066954098e+00 1.127178559489162879e+01 4.778948626972137070e+00 2.065324284593255122e+00 3.828021124468939718e+00 1.678382955870096671e+00 1.574743941746639120e+00 3.287701407130683595e+00 1.141694935028569269e+01 -9.415413101529410689e-01 7.793865874532075466e-01 -9.963467765982612079e+00 6.188384202089250330e+00 -1.520582740269205146e+00 -8.582602959608237825e+00 -2.203498906660286583e+00 -8.117939096138631072e+00 1.946133918786787653e+00 -1.417413659203554110e-01 1.521695524175264991e+00 -3.382495115030868860e+00 -8.683234130658897598e+00 -8.199923580027149939e+00 2.612758572154729175e-01 5.731222077517937663e+00 -3.444570205305191202e+00 -1.567128779275406281e+00 4.531180189454834029e+00 7.485969065058285743e+00 -9.050218256271754802e-01 -2.027957431400128741e+00 4.912393332558703918e+00 5.281114685207287385e-02 2.022019202060651111e+00 -6.390585742127840696e+00 9.776474620120474412e+00 9.672479124109210957e+00 4.557436766819547458e+00 -1.347968897067129079e+00 -7.797285453939962752e-01 1.893423479780746765e+00 6.671745021909221585e+00 -2.188832664261180838e+00 2.049536036226185853e+00 -3.391962073209088047e+00 3.402459806301798118e+00 1.991940157373238707e+00 2.210164812823661951e+00 1.198730869258348264e+01 5.618620601765441869e+00 -3.432511970958871395e-01 -4.156960663137269307e+00 5.666997419321269547e+00 -2.202244075109734300e+00 4.775601994418500418e+00 4.247153564809745596e+00 5.975777643274149398e+00 1.603229922545370112e+00 -5.202283700472744243e+00 -3.468368571829599567e+00 -1.780594161611919857e+00 -1.118379815519818798e+01 -5.555044637976639166e+00 7.761398821624116096e+00 -1.975841977972205288e-01 -8.629315629561555845e-01 1.088115786363347759e+01 -1.204077862992355641e+00 3.219883218636923949e+00 -3.712299836644020079e+00 4.578351356267757133e+00 -2.346100670135030430e+00 -8.561126151799909600e-02 -2.125601268348547845e-01 -2.331901987242375629e+00 3.182133162091409506e-01 -3.004497087765078955e+00 -2.481393565247513866e+00 -5.815631762447855735e+00 -1.041208643218593188e+01 -3.206313540005753193e+00 -1.497903339022352398e+00 5.796245756502013791e+00 -7.376152992651634044e+00 7.140420958420323760e-01 3.494600151117904119e+00 -7.962222535100397458e+00 -2.549332125456411635e+00 -9.739561907984166211e+00 4.447674051192486155e-01 2.007222035417447259e+00 1.961893882581065451e+00 2.483535259776843862e+00 1.038446672901946499e+01 -3.481004609285098361e+00 3.062500233796447979e+00 3.469801894400737385e+00 -2.419581226937456808e+00 -6.838452250149227307e-01 2.932250382432535663e+00
2.012797805590167854e+00 9.393890016525554998e+00 -7.613334853691119397e-01 7.245453493849066673e-01 6.120350783092394220e-01 7.515248001510235198e+00 -4.296132157969964283e+00 4.348144517651177487e+00 -7.315514226142665777e+00 7.709928350312964973e+00 1.902165563586594610e+00 -1.749996888165858300e+00 6.048001196594662510e+00 -5.274238132578366489e+00 9.812473403777296710e+00 -6.301578142007707939e+00 -1.070067915000318060e+00 -2.569371915152197872e+00 2.154520677562878461e+00 -3.190709254596730826e+00 -1.808528727755808641e+00 8.924683220256516281e-01 2.327816775737706401e+00 3.667322476776877060e+00 -6.211204857355650866e+00 -4.380113196003791565e+00 2.825033005882126025e-01 2.342286909301960041e+00 9.536395789541234791e+00 -5.385914664273378172e+00 6.148923596065329455e+00 1.792441044629213609e+00 8.982963100658317046e+00 9.472312047539503510e+00 4.876072125329474538e+00 -2.080519344635078482e+00 7.447052804994683584e+00 -4.331995563790300707e+00 4.036324920821575013e+00 3.088944821066041513e+00 -5.529987951721245132e+00 -3.493698183814105018e+00 9.301842063652063786e+00 -3.872686735502176791e+00 1.600548454504001905e-01 2.900266329951751487e+00 -5.498111685566107631e+00 8.383663818980108262e-01 4.750775126117763314e+00 -6.619043623300250978e+00 8.618161812820515522e+00 -4.951834641919672375e-01 -5.432080581172370692e+00 -2.505118304912130167e+00 4.403881207426860733e-01 -5.031097216414581297e+00 1.594230470892216367e+00 4.309875753008240551e+00 3.428420105044708510e+00 -2.291329012822425515e+00 -6.916010328756583725e+00 3.144939032697758208e+00 2.623873186009190728e-01 -6.503106729923359808e+00 -5.875519336860603126e+00 3.882097970985397328e+00 6.722786720053937515e+00 5.531289362822709776e+00 -8.133317442138265463e+00 1.408013107994033231e+00 1.595676405007177889e+00 -4.750555580255331201e+00 1.907147222695699140e+00 -4.808399111952663674e+00 2.421851003380260714e+00 7.872409211735682533e-01 -1.196745797016548041e+00 -2.730600310885853421e+00 3.929456273885981954e+00 2.144077337591901777e+00 -1.998342573852361470e+00 -1.554338928660970121e+00 5.430515538993206270e+00 2.620954308538872901e+00 -1.606226239232324993e+00 -3.649790619842361306e+00 3.070218474127111907e+00 -2.999413103874916331e+00 9.495808238493760323e-01 -1.563762562320855531e+00 -1.394626428699853982e+01 -3.281571502899641501e+00 -5.840121622192518958e-01 -5.560166388410122673e-01 7.728009849132611464e+00 -5.257649486027111685e+00 6.548302355143418296e+00 1.158878406262728333e+01 5.718586503303262347e+00 -2.009232347104964234e+00
4.923081275931667555e+00 -4.915746119980249240e+00 -5.191847292579737649e-01 7.315019647904767552e+00 2.232660031724232219e+00 -1.031955457912631990e+00 -1.284163172637889438e+01 -3.733093924634596661e+00 2.301666715283279818e-01 7.390913987971860166e+00 -4.465575864874553602e+00 7.864340925771047264e-01 -1.948282559171356398e+00 -7.142725785650485548e+00 -2.563573063251050055e+00 3.910791202543463463e+00 -4.504218616844708478e+00 -5.938614372561899835e+00 3.345979563661363176e-01 -1.824674601538595065e+00 -4.090124072217450113e+00 -2.020991527963473811e+00 -4.563742079349102809e+00 6.487838749778905845e-01 2.023776946636329122e+00 -2.911606011981493491e+00 -5.860727212601750225e+00 -7.727341213400979569e+00 5.929307995261573261e+00 5.303894244367028499e+00 1.047628012061593061e+00 3.554232547497312211e+00 6.383666357347638209e-01 -6.779269165569701272e+00 -5.900837299942426561e+00 -3.759722458583909077e+00 9.393897062895616656e+00 9.607689279597696697e+00 4.764593922555983241e+00 4.638668380149358228e+00 1.500146716392387614e+00 -7.526654267601506909e-01 3.381651679673079780e+00 2.712412384958311495e+00 -3.198333978520152332e+00 -1.047751042505313812e+00 -7.501065675251999743e+00 3.194198516030195556e+00 -4.591528875108939367e+00 -2.321781237956709543e+00 -3.746134783665542312e+00 -3.337314642146472554e+00 -5.771809493155823034e+00 9.705608997852506192e+00 -6.163977815756687129e+00 -7.770228062485069920e+00 4.631906485252782701e+00 -3.274671111560493397e+00 -4.041176731605166772e+00 8.781603199835603946e-02 -3.237412679621143319e+00 -8.058407824881475889e+00 -3.720015016119004425e+00 1.343271124757373425e+00 2.632088812779095122e+00 4.142334769315843879e+00 -1.857006527261009232e+00 3.295985976358078773e+00 -1.223614060409756316e-01 -4.937191233412899227e-01 3.955090196578405326e+00 -2.062572917684624585e+00 1.136440175492364979e+01 -1.740297076902160622e+00 -7.750238786744129804e+00 1.167862394761402411e+00 -7.163052228368222529e+00 2.092700194191484453e+00 7.517302983478512779e+00 3.404852003288208806e+00 -6.683207975845971704e-01 -8.430324281383843044e+00 -4.091231261295058097e+00 -2.896260066510129239e+00 3.478424036332432578e+00 -6.958361886688970266e+00 -5.979969402674341517e+00 -2.644289380473691664e-01 2.635190207767774240e+00 4.899241168634473342e-01 9.838325464106642215e+00 -1.966409633221994691e+00 -1.021440043529451991e+01 5.131502736727795444e+00 1.440316441960327376e+00 6.092084477499661865e+00 -3.159296043351687011e+00 -5.331918127375016248e+00 4.915741008187081706e-01 1.861384241493035496e+00
5.309750546338031896e+00 6.745065042447917492e+00 2.859712895413813794e+00 1.235893300275742179e+00 2.290678773480223196e+00 1.004340690040599338e+00 9.423310343953530399e-01 1.967351923716902595e+00 6.831924925937869375e+00 -5.634199529027507092e-01 4.663835594581943189e-01 -5.962151584520557712e+00 3.703126811170176502e+00 -9.099127129808215475e-01 -5.135847136636673582e+00 -1.318558808260923643e+00 -4.857774208840367258e+00 1.164570427196182978e+00 -8.480818084624465458e-02 9.107418226733308142e-01 -2.024088175513958365e+00 -5.196045117316604234e+00 -4.906829137859531897e+00 1.563408944136888135e-01 3.429571238249136567e+00 -2.061206607338887942e+00 -9.377779618389318061e-01 2.711460772573803801e+00 4.479622158065174276e+00 -5.415626546260139396e-01 -1.213510401296124641e+00 2.939500515998746621e+00 3.159959099840373847e-02 1.209978956698387620e+00 -3.824138698689016902e+00 5.850254453000578003e+00 5.788036682167760461e+00 2.727178349854441297e+00 -8.065662825512088796e-01 -4.666048304355972509e-01 1.133021607449162804e+00 3.992369845602564471e+00 -1.309798203947053929e+00 1.226438920699353563e+00 -2.029784128366787233e+00 2.036023339850971059e+00 1.191988252430799866e+00 1.322572177987347608e+00 7.173230761801600686e+00 3.362185852497226790e+00 -2.053980896920005461e-01 -2.487498812137260984e+00 3.391128228564102898e+00 -1.317822904672405926e+00 2.857717403084885088e+00 2.541490538372464414e+00 3.575882257678052678e+00 9.593871933833013621e-01 -3.113059350971324690e+00 -2.075421185315164951e+00 -1.065505912440261937e+00 -6.692405806355788300e+00 -3.324122103019158114e+00 4.644422977538622987e+00 -1.182286589503984131e-01 -5.164093264134211880e-01 6.511307100005033988e+00 -7.205174468105178809e-01 1.926783242649909855e+00 -2.221433319347630775e+00 2.739767897227693094e+00 -1.403908412723996912e+00 -5.122867338435711793e-02 -1.271995697743111275e-01 -1.395412965056037846e+00 1.904214370114983845e-01 -1.797881568233721916e+00 -1.484856090643854820e+00 -3.480080216669608095e+00 -6.230603971742279867e+00 -1.918653018103151808e+00 -8.963509454693473488e-01 3.468469634816840674e+00 -4.413894874060614093e+00 4.272919443173101017e-01 2.091167117633085049e+00 -4.764599717076329455e+00 -1.525542282804307481e+00 -5.828174960253779346e+00 2.661503431329366176e-01 1.201128236447474018e+00 1.173820557694621014e+00 1.486149850898768054e+00 6.214080072337289096e+00 -2.083020327846888176e+00 1.832602003506150101e+00 2.076330747630183549e+00 -1.447880359743990653e+00 -4.092225562505057423e-01 1.754646908156128227e+00
1.204457377197249324e+00 5.621325074358947127e+00 -4.555841714096575124e-01 4.335699093668125004e-01 3.662462695821618319e-01 4.497123764581134608e+00 -2.570813386678890033e+00 2.601937353759072646e+00 -4.377618910055780965e+00 4.613631578588644366e+00 1.138255979078707236e+00 -1.047192842911875088e+00 3.619127260564769966e+00 -3.156100836666538179e+00 5.871804189100217286e+00 -3.770858910982840762e+00 -6.403161020646852553e-01 -1.537519232345237796e+00 1.289266665995904004e+00 -1.909355206638608582e+00 -1.082204172426858957e+00 5.340599575224929119e-01 1.392973236561062977e+00 2.194514369099268336e+00 -3.716788172164059212e+00 -2.621050588818202520e+00 1.690440343352244412e-01 1.401621427953204435e+00 5.706600102531080410e+00 -3.222935412677421674e+00 3.679515437608262829e+00 1.072541054100054403e+00 5.375403323409470246e+00 5.668246837245613179e+00 2.917833084991842352e+00 -1.244987261412307200e+00 4.456336557061503001e+00 -2.592273818109784855e+00 2.415307230487302448e+00 1.848494741995942769e+00 -3.309131691646098883e+00 -2.090633537226409544e+00 5.566226509092428110e+00 -2.317411235255812940e+00 9.574350483983934401e-02 1.735520894243378631e+00 -3.290063439163644077e+00 5.016754619302412621e-01 2.842878474155099866e+00 -3.960836817152686873e+00 5.157115520223271687e+00 -2.962961278404137033e-01 -3.250558560688553644e+00 -1.499065685435064577e+00 2.635304561626816144e-01 -3.010604262145417209e+00 9.539890664840502410e-01 2.579029544890012460e+00 2.051557507979418826e+00 -1.371125664450386639e+00 -4.138525974321239254e+00 1.881938821906132153e+00 1.570100056391182941e-01 -3.891464914312952050e+00 -3.515901175673306511e+00 2.323032071965741796e+00 4.022929973579103091e+00 3.309910215897453156e+00 -4.866973843566969826e+00 8.425466510379464591e-01 9.548914660748573091e-01 -2.842714496352854336e+00 1.141240663884918627e+00 -2.877330931968002936e+00 1.449228861868471219e+00 4.710910395140998075e-01 -7.161292709851899696e-01 -1.633988561016094465e+00 2.351395010387216100e+00 1.283007785015289448e+00 -1.195843691203770209e+00 -9.301146865311379353e-01 3.249627598381267912e+00 1.568371010514073793e+00 -9.611642963875877133e-01 -2.184047531771883488e+00 1.837217125142005081e+00 -1.794812084271162123e+00 5.682419396323593608e-01 -9.357546508425335086e-01 -8.345484779649835261e+00 -1.963656670617036415e+00 -3.494771820648222005e-01 -3.327171320684074729e-01 4.624441771175201055e+00 -3.146179420581594499e+00 3.918497007478804139e+00 6.934750050084488748e+00 3.422001628067489420e+00 -1.202321751925285565e+00
2.945977259971404472e+00 -2.941593626528566929e+00 -3.106750040276822222e-01 4.377303681783826228e+00 1.336035384283575711e+00 -6.175253159657776436e-01 -7.684456993559255267e+00 -2.233876141598998721e+00 1.377319672002942086e-01 4.422728282760215457e+00 -2.672197462014916702e+00 4.705993631315736891e-01 -1.165865074269579305e+00 -4.274210732446197092e+00 -1.534049535085100002e+00 2.340216478427015190e+00 -2.695326324157957032e+00 -3.553672913709687631e+00 2.002327109650609005e-01 -1.091934468986128781e+00 -2.447518572992518848e+00 -1.209376889114883724e+00 -2.730950917085853025e+00 3.882304863258573824e-01 1.211021942807464002e+00 -1.742292638032096441e+00 -3.507058611041595775e+00 -4.624043033516653800e+00 3.548111633758096684e+00 3.173837854429107264e+00 6.269009195984226457e-01 2.126949108207718986e+00 3.819962000681706438e-01 -4.056722671373916178e+00 -3.531062286394984095e+00 -2.249823583255326831e+00 5.621330638604783658e+00 5.749255303838419096e+00 2.851068696047759143e+00 2.775747734064056171e+00 8.976893224211611733e-01 -4.503953367157947363e-01 2.023577236183195627e+00 1.623093669322146049e+00 -1.913892317828792322e+00 -6.269766751805220251e-01 -4.488643145685127678e+00 1.911394135265878758e+00 -2.747579567387881561e+00 -1.389354520300742024e+00 -2.241688567161433721e+00 -1.997052171378796537e+00 -3.453862087976348416e+00 5.807850335047955781e+00 -3.688531475305495189e+00 -4.649702662910890183e+00 2.771712501178213106e+00 -1.959562410919941211e+00 -2.418245939696808566e+00 5.248406792002148491e-02 -1.937266897194644066e+00 -4.822166340628534442e+00 -2.226055526241795590e+00 8.038132289339706693e-01 1.575039612946298018e+00 2.478830167133570406e+00 -1.111241510899750207e+00 1.972315325098595418e+00 -7.322137076534149247e-02 -2.954543465211539877e-01 2.366628871574356197e+00 -1.234252578563325153e+00 6.800476935544052637e+00 -1.041394703652651188e+00 -4.637741355697174939e+00 6.988407176195060577e-01 -4.286367984121271846e+00 1.252246749167865492e+00 4.498363081051889978e+00 2.037457470874972199e+00 -3.998787862566813844e-01 -5.044699848380932217e+00 -2.448187810193900749e+00 -1.733143503792100804e+00 2.081470048920815330e+00 -4.163891356112381814e+00 -3.578402760892696044e+00 -1.582431973726865782e-01 1.576902416788995787e+00 2.931701191726114875e-01 5.887282325454695986e+00 -1.176640945821527229e+00 -6.112306574347205590e+00 3.070699097008528167e+00 8.618864103555869960e-01 3.645502296464348202e+00 -1.890524285550921668e+00 -3.190629973915554807e+00 2.941675666283919965e-01 1.113849452615477409e+00
1.764020860172820226e+00 2.240877470006487293e+00 9.500527619337397756e-01 4.105930167725697078e-01 7.610077364229668184e-01 3.336615793870845725e-01 3.130658616226020818e-01 6.535917741784188495e-01 2.269730185299999814e+00 -1.871815491829880995e-01 1.549419396417671957e-01 -1.980765806364941373e+00 1.230258442852023792e+00 -3.022903167897135202e-01 -1.706252686737147695e+00 -4.380442721744196022e-01 -1.613858795967511917e+00 3.868984188305216176e-01 -2.816861502385184512e-02 3.026739883420009880e-01 -6.724485463353345738e-01 -1.726238726514234489e+00 -1.630152882988389784e+00 5.193551928410161667e-02 1.139384061591408814e+00 -6.847620272067539426e-01 -3.115557738173143631e-01 9.008084365686085393e-01 1.488240845671738644e+00 -1.799174016412514177e-01 -4.031419810782344570e-01 9.765164176681768726e-01 1.049635654572402162e-02 4.019833179120675393e-01 -1.270470836784563851e+00 1.943590837894258572e+00 1.922929424488928118e+00 9.060338952338922169e-01 -2.679203983423648627e-01 -1.550264728574075601e-01 3.764126451297266640e-01 1.326351271093324069e+00 -4.351441848911863919e-01 4.074476343385570187e-01 -6.743613453881144304e-01 6.764059190584882364e-01 3.960121024065663686e-01 4.393938164401973157e-01 2.383121328498428948e+00 1.116994071166720337e+00 -6.823548268999536648e-02 -8.263841591583996893e-01 1.126605184869973852e+00 -4.378097113455500788e-01 9.493945375628840555e-01 8.443348347278181176e-01 1.187971246133236125e+00 3.187390108488905027e-01 -1.034235071851804522e+00 -6.894669616450428418e-01 -3.539833566118495423e-01 -2.223377916873911175e+00 -1.104335288105570356e+00 1.542980470911871516e+00 -3.927436398745860757e-02 -1.715830929611018019e-01 2.163213777510611724e+00 -2.393698836782912065e-01 6.401230538765503297e-01 -7.380043106298339595e-01 9.102656337088751437e-01 -4.664103463661939397e-01 -1.701855724205655548e-02 -4.226086418593649752e-02 -4.635886624877429418e-01 6.326389222409488367e-02 -5.972894149057296209e-01 -4.932952665536460279e-01 -1.156163075559918596e+00 -2.069950900946263772e+00 -6.374153124118119296e-01 -2.977911467203360751e-01 1.152299167918813705e+00 -1.466395964766422866e+00 1.419618178580885903e-01 6.947305229551287153e-01 -1.582908355521441823e+00 -5.068331408466068000e-01 -1.936261553878274144e+00 8.842199410908524460e-02 3.990454991955825204e-01 3.898517643249288511e-01 4.937331390065029524e-01 2.064463769530441528e+00 -6.920165540974840823e-01 6.088318212735228663e-01 6.898034797491752190e-01 -4.810195731109038753e-01 -1.359590493999356109e-01 5.829244351839140137e-01
4.001466136862357192e-01 1.867541598693815752e+00 -1.513565215298509903e-01 1.440427408679668952e-01 1.216780104859657430e-01 1.494042745094539049e+00 -8.540858354407111497e-01 8.644257487335609280e-01 -1.454351095027442531e+00 1.532756540737511219e+00 3.781536764193417222e-01 -3.478969293755842518e-01 1.202355683218839344e+00 -1.048523774215398330e+00 1.950755471467400248e+00 -1.252758444291527162e+00 -2.127187550647682557e-01 -5.108023039162932211e-01 4.283236576211459923e-01 -6.343527509762721950e-01 -3.595191102547536932e-01 1.774310107379057366e-01 4.627813504753440221e-01 7.290582661310526236e-01 -1.234800675299668749e+00 -8.707644482532005403e-01 5.615620353571983830e-02 4.656473609161251859e-01 1.895871551476864925e+00 -1.070732545570626693e+00 1.222415453246803008e+00 3.562847817479205537e-01 1.785825715702425986e+00 1.883126078482586285e+00 9.693625488814187063e-01 -4.136150492171652981e-01 1.480506108762098316e+00 -8.612153088834397785e-01 8.023984410980792292e-01 6.141569659656331837e-01 -1.099357468849984310e+00 -6.945573317907525190e-01 1.849225345670701515e+00 -7.698918657784982189e-01 3.178603251773676891e-02 5.765791212910910124e-01 -1.093026883719057984e+00 1.666656201814507299e-01 9.444762847787611104e-01 -1.315877616758960533e+00 1.713311867503848784e+00 -9.842173152959371452e-02 -1.079907881774185618e+00 -4.980244202852252000e-01 8.755205831296404562e-02 -1.000185924592889242e+00 3.169371237167691313e-01 8.568101212969729819e-01 6.815663962333374792e-01 -4.555143027108570775e-01 -1.374899445968854161e+00 6.252261968143564275e-01 5.216046917773251718e-02 -1.292833882891786468e+00 -1.168053146752682681e+00 7.717520457088545838e-01 1.336515121956396213e+00 1.099615952259766827e+00 -1.616913284295987685e+00 2.799069241869697744e-01 3.172615478354197660e-01 -9.444002242980221729e-01 3.791476771090193654e-01 -9.559024614442699352e-01 4.814611321601881544e-01 1.565107983172040751e-01 -2.379115934771538210e-01 -5.428450806287361541e-01 7.811905504032341518e-01 4.262379724771073186e-01 -3.973090139975353208e-01 -3.090033585669550442e-01 1.079602275930975130e+00 5.210419272148640868e-01 -3.193188812373837782e-01 -7.255969926490850597e-01 6.103627661240171864e-01 -5.962516352300041289e-01 1.887908958782411328e-01 -3.108776491085457061e-01 -2.772579752864153146e+00 -6.523461431049517589e-01 -1.161068358777859882e-01 -1.105337953030099546e-01 1.536341451575029105e+00 -1.045231124541608603e+00 1.301805951241198134e+00 2.303890438991170964e+00 1.136863655379695581e+00 -3.994357518625205050e-01
9.787218630826636234e-01 -9.772693131964721447e-01 -1.032096501204195771e-01 1.454233610369178864e+00 4.438679577377766527e-01 -2.051575552559205262e-01 -2.552961452858196978e+00 -7.421378505189601960e-01 4.575773385047400554e-02 1.469330900758307079e+00 -8.877605413605833551e-01 1.563415798020821035e-01 -3.873344214747616032e-01 -1.419988967170931815e+00 -5.096498164050186075e-01 7.774706049246249417e-01 -8.954477928599480219e-01 -1.180612119976033769e+00 6.652785255050337743e-02 -3.627972017342547817e-01 -8.131116338786334996e-01 -4.017918332322304997e-01 -9.072868731502718997e-01 1.289775027184828504e-01 4.023239629475945378e-01 -5.788196253391199031e-01 -1.165121439313969942e+00 -1.536209891840386144e+00 1.178769609191641532e+00 1.054410310025701847e+00 2.082704475877674710e-01 7.066830051003724078e-01 1.269059321477727931e-01 -1.347737562126342103e+00 -1.173097177665935575e+00 -7.474444986881607633e-01 1.867544339476135296e+00 1.910038028021681766e+00 9.471449758569195909e-01 9.221434803740788944e-01 2.982330970165913420e-01 -1.496314398337461882e-01 6.722746777840558075e-01 5.392181193195164646e-01 -6.358431481346796810e-01 -2.082970284485187173e-01 -1.491229325908996373e+00 6.349976236214881498e-01 -9.128119581893441303e-01 -4.615744654575510975e-01 -7.447391195383622486e-01 -6.634665857038247738e-01 -1.147456225924142537e+00 1.929504497948031583e+00 -1.225415805610214015e+00 -1.544732027100121252e+00 9.208102293691361462e-01 -6.510091023549711142e-01 -8.033981793368190072e-01 1.739328226946566455e-02 -6.436019982609605394e-01 -1.602039438049190911e+00 -7.395435125944458399e-01 2.670442476328747095e-01 5.232611670779284685e-01 8.235595431327045191e-01 -3.691846364625425148e-01 6.552446418776324277e-01 -2.432594778811301983e-02 -9.816490460269369778e-02 7.861816802447944008e-01 -4.100517049558992100e-01 2.259280149791034198e+00 -3.459747833485603552e-01 -1.540758401202197980e+00 2.321648280960170452e-01 -1.424023840180247635e+00 4.160072585725265171e-01 1.494460838736078712e+00 6.768841162924934540e-01 -1.328191102766739240e-01 -1.675955849832419631e+00 -8.133384018230630508e-01 -5.758025128851509411e-01 6.914975029682284280e-01 -1.383341085870675169e+00 -1.188816660279195414e+00 -5.257776728257498866e-02 5.238846190632546751e-01 9.739723229618391098e-02 1.955903118466932211e+00 -3.908670996526035224e-01 -2.030648522762199093e+00 1.020158805335409813e+00 2.863382689494741173e-01 1.211115136301043282e+00 -6.280746553290843526e-01 -1.060004000950666381e+00 9.773529120778341739e-02 3.700433179359228220e-01
