# 
#                 ----------------------------------------------------
#                 Data from a 3D direct N-body simulation. 
# 
#                 rows are i-particle; 
#                 coumns are :mass, tag, x ,y, z, vx, vy, vz, ax, ay, az
# 
#                 NTHU, Computational Physics Lab
# 
#                 ----------------------------------------------------
#                 Time = 4.699999999999944
1.000000000000000000e+00 2.000000000000000000e+00 3.000000000000000000e+00 4.000000000000000000e+00 5.000000000000000000e+00 6.000000000000000000e+00 7.000000000000000000e+00 8.000000000000000000e+00 9.000000000000000000e+00 1.000000000000000000e+01 1.100000000000000000e+01 1.200000000000000000e+01 1.300000000000000000e+01 1.400000000000000000e+01 1.500000000000000000e+01 1.600000000000000000e+01 1.700000000000000000e+01 1.800000000000000000e+01 1.900000000000000000e+01 2.000000000000000000e+01 2.100000000000000000e+01 2.200000000000000000e+01 2.300000000000000000e+01 2.400000000000000000e+01 2.500000000000000000e+01 2.600000000000000000e+01 2.700000000000000000e+01 2.800000000000000000e+01 2.900000000000000000e+01 3.000000000000000000e+01 3.100000000000000000e+01 3.200000000000000000e+01 3.300000000000000000e+01 3.400000000000000000e+01 3.500000000000000000e+01 3.600000000000000000e+01 3.700000000000000000e+01 3.800000000000000000e+01 3.900000000000000000e+01 4.000000000000000000e+01 4.100000000000000000e+01 4.200000000000000000e+01 4.300000000000000000e+01 4.400000000000000000e+01 4.500000000000000000e+01 4.600000000000000000e+01 4.700000000000000000e+01 4.800000000000000000e+01 4.900000000000000000e+01 5.000000000000000000e+01 5.100000000000000000e+01 5.200000000000000000e+01 5.300000000000000000e+01 5.400000000000000000e+01 5.500000000000000000e+01 5.600000000000000000e+01 5.700000000000000000e+01 5.800000000000000000e+01 5.900000000000000000e+01 6.000000000000000000e+01 6.100000000000000000e+01 6.200000000000000000e+01 6.300000000000000000e+01 6.400000000000000000e+01 6.500000000000000000e+01 6.600000000000000000e+01 6.700000000000000000e+01 6.800000000000000000e+01 6.900000000000000000e+01 7.000000000000000000e+01 7.100000000000000000e+01 7.200000000000000000e+01 7.300000000000000000e+01 7.400000000000000000e+01 7.500000000000000000e+01 7.600000000000000000e+01 7.700000000000000000e+01 7.800000000000000000e+01 7.900000000000000000e+01 8.000000000000000000e+01 8.100000000000000000e+01 8.200000000000000000e+01 8.300000000000000000e+01 8.400000000000000000e+01 8.500000000000000000e+01 8.600000000000000000e+01 8.700000000000000000e+01 8.800000000000000000e+01 8.900000000000000000e+01 9.000000000000000000e+01 9.100000000000000000e+01 9.200000000000000000e+01 9.300000000000000000e+01 9.400000000000000000e+01 9.500000000000000000e+01 9.600000000000000000e+01 9.700000000000000000e+01 9.800000000000000000e+01 9.900000000000000000e+01 1.000000000000000000e+02
2.000000000000000111e-01 2.000000000000000111e-01 2.000000000000000111e-01 2.000000000000000111e-01 2.000000000000000111e-01 2.000000000000000111e-01 2.000000000000000111e-01 2.000000000000000111e-01 2.000000000000000111e-01 2.000000000000000111e-01 2.000000000000000111e-01 2.000000000000000111e-01 2.000000000000000111e-01 2.000000000000000111e-01 2.000000000000000111e-01 2.000000000000000111e-01 2.000000000000000111e-01 2.000000000000000111e-01 2.000000000000000111e-01 2.000000000000000111e-01 2.000000000000000111e-01 2.000000000000000111e-01 2.000000000000000111e-01 2.000000000000000111e-01 2.000000000000000111e-01 2.000000000000000111e-01 2.000000000000000111e-01 2.000000000000000111e-01 2.000000000000000111e-01 2.000000000000000111e-01 2.000000000000000111e-01 2.000000000000000111e-01 2.000000000000000111e-01 2.000000000000000111e-01 2.000000000000000111e-01 2.000000000000000111e-01 2.000000000000000111e-01 2.000000000000000111e-01 2.000000000000000111e-01 2.000000000000000111e-01 2.000000000000000111e-01 2.000000000000000111e-01 2.000000000000000111e-01 2.000000000000000111e-01 2.000000000000000111e-01 2.000000000000000111e-01 2.000000000000000111e-01 2.000000000000000111e-01 2.000000000000000111e-01 2.000000000000000111e-01 2.000000000000000111e-01 2.000000000000000111e-01 2.000000000000000111e-01 2.000000000000000111e-01 2.000000000000000111e-01 2.000000000000000111e-01 2.000000000000000111e-01 2.000000000000000111e-01 2.000000000000000111e-01 2.000000000000000111e-01 2.000000000000000111e-01 2.000000000000000111e-01 2.000000000000000111e-01 2.000000000000000111e-01 2.000000000000000111e-01 2.000000000000000111e-01 2.000000000000000111e-01 2.000000000000000111e-01 2.000000000000000111e-01 2.000000000000000111e-01 2.000000000000000111e-01 2.000000000000000111e-01 2.000000000000000111e-01 2.000000000000000111e-01 2.000000000000000111e-01 2.000000000000000111e-01 2.000000000000000111e-01 2.000000000000000111e-01 2.000000000000000111e-01 2.000000000000000111e-01 2.000000000000000111e-01 2.000000000000000111e-01 2.000000000000000111e-01 2.000000000000000111e-01 2.000000000000000111e-01 2.000000000000000111e-01 2.000000000000000111e-01 2.000000000000000111e-01 2.000000000000000111e-01 2.000000000000000111e-01 2.000000000000000111e-01 2.000000000000000111e-01 2.000000000000000111e-01 2.000000000000000111e-01 2.000000000000000111e-01 2.000000000000000111e-01 2.000000000000000111e-01 2.000000000000000111e-01 2.000000000000000111e-01 2.000000000000000111e-01
2.963941122392096261e+01 3.765145745328797489e+01 1.596311092331246861e+01 6.898846997159815864e+00 1.278672294247460428e+01 5.606297545891287371e+00 5.260162550547043736e+00 1.098188997764756181e+01 3.813630985947025209e+01 -3.145051617546519296e+00 2.603384823551121219e+00 -3.328116424765413228e+01 2.067111424163140754e+01 -5.079193582727103085e+00 -2.866867889647116030e+01 -7.360274985615118837e+00 -2.711643947197901028e+01 6.500718255581254823e+00 -4.733962080368078751e-01 5.083972796981442777e+00 -1.129860652577002433e+01 -2.900469015145666773e+01 -2.739026334077219005e+01 8.726998992811394462e-01 1.914411706989000805e+01 -1.150577911029869860e+01 -5.234750511936751671e+00 1.513556857729856731e+01 2.500558523441950243e+01 -3.023038913487538171e+00 -6.773883289659948126e+00 1.640843035447181819e+01 1.763887649132347135e-01 6.754190758558260121e+00 -2.134662450709683768e+01 3.265654612923325573e+01 3.230925420818196159e+01 1.522331039903480132e+01 -4.502256432142372589e+00 -2.604635309450669123e+00 6.324604162604342328e+00 2.228568928949088601e+01 -7.311387097795062573e+00 6.846065822020325875e+00 -1.133043022390250520e+01 1.136521868388908274e+01 6.653773284014749656e+00 7.382700442066301605e+00 4.004150581022477695e+01 1.876796277810089464e+01 -1.146543542793634129e+00 -1.388537033003141019e+01 1.892951536409076141e+01 -7.356180913363534302e+00 1.595197850741192092e+01 1.418677467163320394e+01 1.996080698338925075e+01 5.355380581484021185e+00 -1.737732973097155664e+01 -1.158510159908460757e+01 -5.947728027836137521e+00 -3.735750291498457187e+01 -1.855546991940600421e+01 2.592550004646998119e+01 -6.599554864127067377e-01 -2.882662121555307433e+00 3.634659824405698458e+01 -4.021976934157152073e+00 1.075544535552782222e+01 -1.240019190170958829e+01 1.529365475900886473e+01 -7.836717910931253250e+00 -2.859610688666831546e-01 -7.100403191094766253e-01 -7.789296675412209048e+00 1.062948340683941950e+00 -1.003589362190941614e+01 -8.288562916119806445e+00 -1.942606013128168030e+01 -3.477968355864967975e+01 -1.071005255996508687e+01 -5.003499658243908854e+00 1.936123984117690355e+01 -2.463867859563224982e+01 2.385182346209705262e+00 1.167304159813885356e+01 -2.659633865040627754e+01 -8.515705371417491065e+00 -3.253330518848500930e+01 1.485671487552729042e+00 6.704789003535389647e+00 6.552186049037461046e+00 8.295795976678489225e+00 3.468744941654031066e+01 -1.162755531588715563e+01 1.022971600160876804e+01 1.159022660401695859e+01 -8.082173518339596185e+00 -2.284318131970468624e+00 9.794552631930669051e+00
6.723365693146176270e+00 3.137865462024998209e+01 -2.543105175993024769e+00 2.420219782479865689e+00 2.044416761126541360e+00 2.510326304206705927e+01 -1.435046982825641138e+01 1.452420580913445214e+01 -2.443619304626720634e+01 2.575362812672786461e+01 6.353825657706398289e+00 -5.845499806223938499e+00 2.020222798613897908e+01 -1.761757558739597229e+01 3.277684570426247745e+01 -2.104919672143786613e+01 -3.574278331677260390e+00 -8.582547855999875352e+00 7.196779293660617860e+00 -1.065818829953466107e+01 -6.040922528205018516e+00 2.981166902322524237e+00 7.775682414754744087e+00 1.224992426974852044e+01 -2.074737797157628094e+01 -1.463088176260453643e+01 9.436103149091191744e-01 7.823947348979938710e+00 3.185466547992043118e+01 -1.799065768302430968e+01 2.053931558531566282e+01 5.986948800235081691e+00 3.000588073110221288e+01 3.164056972349538555e+01 1.628754330976397213e+01 -6.949611271356863185e+00 2.487560509730532488e+01 -1.447026326555785403e+01 1.348238888459806795e+01 1.031849331424351668e+01 -1.847179561401193482e+01 -1.167006878011809157e+01 3.107107481457298803e+01 -1.293594963639656648e+01 5.344163483158644867e-01 9.687802054539336183e+00 -1.836536126360593002e+01 2.800385245895113506e+00 1.586916262986971304e+01 -2.210967289972307981e+01 2.878739128762625654e+01 -1.653926036402286526e+00 -1.814484971793515911e+01 -8.367893577822117734e+00 1.471047715928304855e+00 -1.680540242610209845e+01 5.325236021757659088e+00 1.439632563583002067e+01 1.145193107459001070e+01 -7.653715466322032590e+00 -2.310153190402264300e+01 1.050512262625048798e+01 8.764386179117134024e-01 -2.172243837695357627e+01 -1.962600075539435807e+01 1.296731554055732261e+01 2.245629352759639730e+01 1.847614116842681753e+01 -2.716778993848395629e+01 4.703147405823136395e+00 5.330307629487882615e+00 -1.586821729084515376e+01 6.370489747523809143e+00 -1.606145132750424409e+01 8.089691996686019237e+00 2.629669166632840671e+00 -3.997481211359912301e+00 -9.121037519630915469e+00 1.312566133346438235e+01 7.161832948810030963e+00 -6.675316954835644800e+00 -5.191964520011887352e+00 1.813965813641871350e+01 8.754750747162439950e+00 -5.365285867612954895e+00 -1.219151994221866353e+01 1.025547473970758361e+01 -1.001873446737153905e+01 3.171978546384300657e+00 -5.223447994046957810e+00 -4.658512462672408816e+01 -1.096123768283151811e+01 -1.950810363687021542e+00 -1.857247648082281932e+00 2.581396239086826228e+01 -1.756219835239860316e+01 2.187332150148372278e+01 3.871028628474564925e+01 1.910185516343766920e+01 -6.711442591189040741e+00
1.644465888119954400e+01 -1.642019439572531780e+01 -1.734205166044863189e+00 2.443441568457481949e+01 7.457854917432704234e+00 -3.447073003783724499e+00 -4.289520625588062330e+01 -1.246964828478837894e+01 7.688298165478375523e-01 2.468798770288735867e+01 -1.491639276508271905e+01 2.626916428720758034e+00 -6.507953258191936818e+00 -2.385895061738795064e+01 -8.563180067811092755e+00 1.306325336921758051e+01 -1.504550435013105236e+01 -1.983685969442205632e+01 1.117721741841987804e+00 -6.095301149633726823e+00 -1.366221142236775421e+01 -6.750841839696414937e+00 -1.524436864922411772e+01 2.167128451454675808e+00 6.760004638101921870e+00 -9.725589591283588575e+00 -1.957664925477421036e+01 -2.581173787368048167e+01 1.980582328012457438e+01 1.771657641071910305e+01 3.499405661297342984e+00 1.187286968907308093e+01 2.132327662586570138e+00 -2.264492087484658356e+01 -1.971064112662815049e+01 -1.255867993167680297e+01 3.137868692050857433e+01 3.209276355843434914e+01 1.591480829793089491e+01 1.549439166650129174e+01 5.010966836906961319e+00 -2.514139013327934435e+00 1.129574869305764828e+01 9.060211120227057435e+00 -1.068349111562216081e+01 -3.499830499888504587e+00 -2.505592922571961623e+01 1.066952443049393118e+01 -1.533719190139263766e+01 -7.755475993428242454e+00 -1.251326587488916786e+01 -1.114768962125091178e+01 -1.927971338812707103e+01 3.241984505826012963e+01 -2.058965073562428927e+01 -2.595496818882132928e+01 1.547187692806347492e+01 -1.093841556153577343e+01 -1.349882557406163208e+01 2.929098559912871602e-01 -1.081396035949880208e+01 -2.691768822418221774e+01 -1.242599839611777668e+01 4.486942227028239749e+00 8.791980619381554618e+00 1.383705829951049715e+01 -6.203036986403264841e+00 1.100960148381455284e+01 -4.087271628105510479e-01 -1.649258906032348371e+00 1.321060043438269282e+01 -6.889693618477965131e+00 3.796076171869077598e+01 -5.813139913293780658e+00 -2.588819957966808616e+01 3.900970930867998288e+00 -2.392680765286316102e+01 6.990107067514555794e+00 2.511018984270883792e+01 1.137322653206962464e+01 -2.232110816530555653e+00 -2.815986643659717004e+01 -1.366595331428936788e+01 -9.674549660414252017e+00 1.161889596911070477e+01 -2.324314370311744327e+01 -1.997488780210965587e+01 -8.833329535559729662e-01 8.802385301189332267e+00 1.636495952352273076e+00 3.286325336263831076e+01 -6.568038979906530628e+00 -3.411933717381067055e+01 1.714086725703818104e+01 4.811112004799718456e+00 2.034945125797833398e+01 -1.055304198194227538e+01 -1.781033203623069028e+01 1.642073068849032591e+00 6.217583951816634702e+00
1.007260283874770401e+01 1.279543219823631972e+01 5.424850788761764520e+00 2.344493743498431204e+00 4.345395823179044825e+00 1.905225322630785811e+00 1.787608625267958162e+00 3.732046280235259417e+00 1.296019329822806476e+01 -1.068809841203292921e+00 8.847260943149974910e-01 -1.131021533715297878e+01 7.024820480387554689e+00 -1.726094976801454628e+00 -9.742727150441718109e+00 -2.501274499040329946e+00 -9.215187959433649212e+00 2.209195636172407440e+00 -1.608616983730542516e-01 1.727987690019034961e+00 -3.839697727729385779e+00 -9.856884062780652656e+00 -9.308236102188152117e+00 2.965655319393462053e-01 6.505906077172777024e+00 -3.910057927116257659e+00 -1.778978966296978603e+00 5.143641240948681137e+00 8.497870988901588873e+00 -1.027338687699939968e+00 -2.301989273340843134e+00 5.576079077299474385e+00 5.993928465349643991e-02 2.295333141251522768e+00 -7.254408145513812300e+00 1.109794583096360476e+01 1.097994451531533322e+01 5.173468489372280210e+00 -1.529940718229611862e+00 -8.851784090940288952e-01 2.149334099778699603e+00 7.573513845590412963e+00 -2.484686304251656264e+00 2.326545715552942095e+00 -3.850563439796571341e+00 3.862315817206234403e+00 2.261221619199389021e+00 2.508935753803086754e+00 1.360765534774946417e+01 6.378067000970520262e+00 -3.896331092430406207e-01 -4.718729075017005670e+00 6.432958293281039630e+00 -2.499907802685210623e+00 5.421079292102204406e+00 4.821190989568998830e+00 6.783397125558048302e+00 1.819983977399456609e+00 -5.905493050781578823e+00 -3.936971371806534226e+00 -2.021259624375946640e+00 -1.269552295191899027e+01 -6.305821229229034763e+00 8.810465880889481127e+00 -2.242683595554679776e-01 -9.796883970764524996e-01 1.235198146145038578e+01 -1.366814943102788948e+00 3.655114403731323236e+00 -4.214041553514916494e+00 5.197496282705622583e+00 -2.663215229193145461e+00 -9.717854030263346765e-02 -2.413043783960538424e-01 -2.647101417847982141e+00 3.612341887916586947e-01 -3.410559576397215409e+00 -2.816750159501026474e+00 -6.601718043188336438e+00 -1.181946703598702619e+01 -3.639671586039771700e+00 -1.700387076195143843e+00 6.579673241359071056e+00 -8.373160348835396505e+00 8.105899604781195977e-01 3.966937146283179949e+00 -9.038448431714517284e+00 -2.893993917549238404e+00 -1.105607882021382338e+01 5.048897153876901189e-01 2.278550975937298606e+00 2.226389170380233651e+00 2.819228220551886821e+00 1.178812852643111952e+01 -3.951460762113979897e+00 3.476446383284954145e+00 3.938798263394398536e+00 -2.746632241368485161e+00 -7.763131875703266349e-01 3.328539139664152824e+00
2.284851878000525804e+00 1.066368529280890698e+01 -8.642466916697228996e-01 8.224852034461587191e-01 6.947772815370284460e-01 8.531034526483429303e+00 -4.876843874728129080e+00 4.935885538020838403e+00 -8.304365000531621632e+00 8.752071336467635021e+00 2.159269773583030183e+00 -1.986512604087731670e+00 6.865484512088738889e+00 -5.987111290704161704e+00 1.113884141194560584e+01 -7.153301985270535290e+00 -1.214653985443558515e+00 -2.916685090473938313e+00 2.445739490697610652e+00 -3.622111606050280930e+00 -2.052901410478339184e+00 1.013124309850611526e+00 2.642482767604974025e+00 4.162967552829985429e+00 -7.050746777068474636e+00 -4.972110413881875246e+00 3.206646140103076581e-01 2.658867372248960415e+00 1.082545103568808464e+01 -6.113910716266705236e+00 6.980033370146196070e+00 2.034499475232313337e+00 1.019712702423474049e+01 1.075268409810348835e+01 5.535107594394319541e+00 -2.361747391093697690e+00 8.453701939405672050e+00 -4.917553824010749253e+00 4.581775591966985139e+00 3.506728500499883605e+00 -6.277391312146434643e+00 -3.965936985569569195e+00 1.055913002946589607e+01 -4.396116174272020949e+00 1.815600871666535332e-01 3.292283024837276972e+00 -6.241231593070507344e+00 9.516716283112547359e-01 5.392964033235882582e+00 -7.513702568922497882e+00 9.783053613297695961e+00 -5.620308560319809965e-01 -6.166306817309913590e+00 -2.843730592357168963e+00 4.999211183037142736e-01 -5.711102491967663397e+00 1.809718598195333650e+00 4.892414249717830899e+00 3.891783178165014512e+00 -2.601011948238360461e+00 -7.850747841865802990e+00 3.570048880794695290e+00 2.978426818869971404e-01 -7.382113450738908789e+00 -6.669639507029664571e+00 4.406757660885137540e+00 7.631519161016253605e+00 6.278867699915480216e+00 -9.232634237998111004e+00 1.598293083861637154e+00 1.811503234023729370e+00 -5.392589209432505193e+00 2.164938872617251153e+00 -5.458262132824797774e+00 2.749171314931810439e+00 8.936707410217683556e-01 -1.358489275912986294e+00 -3.099668180115287441e+00 4.460608529954646961e+00 2.433847652652018745e+00 -2.268582800735889471e+00 -1.764422524435756978e+00 6.164551655097699090e+00 2.975181276321005264e+00 -1.823324055204542660e+00 -4.143159363248052784e+00 3.485194466839699245e+00 -3.404683505874796179e+00 1.077978933766642999e+00 -1.775123212536966921e+00 -1.583144844802660955e+01 -3.724983217378476041e+00 -6.629660097380450923e-01 -6.311575010238238415e-01 8.772559133250444674e+00 -5.968300610013979046e+00 7.433367919979121829e+00 1.315525087439297636e+01 6.491529951497136075e+00 -2.280796582570878250e+00
5.588524226880132950e+00 -5.580219675663625978e+00 -5.893398814605128599e-01 8.303729323156314734e+00 2.534479475923682834e+00 -1.171450624469503543e+00 -1.457744928597353251e+01 -4.237644859997955926e+00 2.612777483246357946e-01 8.389918147677780880e+00 -5.069147697357556659e+00 8.927206828241820435e-01 -2.211668985878631144e+00 -8.108177235753311507e+00 -2.910103736632089433e+00 4.439384583825073172e+00 -5.113032962537957360e+00 -6.741323069715857486e+00 3.798592742505678688e-01 -2.071494160781768290e+00 -4.642915548968774786e+00 -2.294216233882724776e+00 -5.180624004195019339e+00 7.364690513200767841e-01 2.297294379887208748e+00 -3.305101780154098723e+00 -6.652882862016153531e+00 -8.771805415830188579e+00 6.730788303521750393e+00 6.020740389894915445e+00 1.189230547860597564e+00 4.035007368337271139e+00 7.246414283119541055e-01 -7.695611337335233060e+00 -6.698421308951583164e+00 -4.267922409735442457e+00 1.066369848380140972e+01 1.090635453322906478e+01 5.408346414931100909e+00 5.265527036514499493e+00 1.702918034810190662e+00 -8.543998273914326091e-01 3.838716296039203613e+00 3.078978614024428850e+00 -3.630668444311140330e+00 -1.189378430992595659e+00 -8.514958707554461270e+00 3.625883390665927575e+00 -5.212170540323053380e+00 -2.635604279205971512e+00 -4.252482180039852011e+00 -3.788410454422680207e+00 -6.551992307622655609e+00 1.101750895252104279e+01 -6.997151627386305250e+00 -8.820474134753508721e+00 5.257893898457593806e+00 -3.717284876702665386e+00 -4.587419553960834229e+00 9.943491908390690581e-02 -3.674990192657900501e+00 -9.147670491602491794e+00 -4.222820516082919973e+00 1.524831850071737271e+00 2.987842781043179574e+00 4.702448050036305283e+00 -2.108040387596249232e+00 3.741473415236831190e+00 -1.389014071703840447e-01 -5.605014469420264156e-01 4.489300598434570411e+00 -2.341392440504122430e+00 1.290052965363608450e+01 -1.975525723775783948e+00 -8.797784096536693355e+00 1.325683678474148586e+00 -8.131227608047279176e+00 2.375460870003213820e+00 8.533404311436189715e+00 3.865041522673047236e+00 -7.584824973727809505e-01 -9.569774504293569350e+00 -4.644198185133685541e+00 -3.287812150723861127e+00 3.948508027047959779e+00 -7.898909361036606569e+00 -6.788202290134191408e+00 -3.002045092403370363e-01 2.991390069167461974e+00 5.561422709689503030e-01 1.116821956909348046e+01 -2.231970996956008868e+00 -1.159505298499359149e+01 5.825126091471522827e+00 1.634999042824734516e+00 6.915509304951442893e+00 -3.586324203266384014e+00 -6.052639263361376365e+00 5.580541750136057688e-01 2.112964802245537843e+00
1.764018697443127559e+00 2.240876389607233676e+00 9.500503127268821180e-01 4.105926400104278340e-01 7.610056764128183548e-01 3.336607037052435332e-01 3.130657352369769497e-01 6.535899314395888782e-01 2.269728506648349242e+00 -1.871813911425442012e-01 1.549415628191260774e-01 -1.980763700252852644e+00 1.230256228370556926e+00 -3.022894627041298188e-01 -1.706251484434374355e+00 -4.380422092371323850e-01 -1.613856113509563706e+00 3.868981387709131692e-01 -2.816767961886041532e-02 3.026879995108561205e-01 -6.724477290784978134e-01 -1.726235712616476015e+00 -1.630149759818116939e+00 5.193484066780917896e-02 1.139382919937862004e+00 -6.847587248121060899e-01 -3.115559966113354284e-01 9.008071967125512725e-01 1.488240066199768341e+00 -1.799168910966510437e-01 -4.031395785515986541e-01 9.765079551233141197e-01 1.049610484655021971e-02 4.019829026469845523e-01 -1.270469864110391311e+00 1.943588753356286336e+00 1.922928558887311956e+00 9.060331559374715793e-01 -2.679146880946418063e-01 -1.550276009862447957e-01 3.764117599116428292e-01 1.326348892677779334e+00 -4.351435414999310081e-01 4.074466587814338236e-01 -6.743633197707954441e-01 6.764040385786983522e-01 3.960124728454960108e-01 4.393939621106976445e-01 2.383119718012920885e+00 1.116992545106233470e+00 -6.823506211048355197e-02 -8.263804202956483991e-01 1.126603073453310122e+00 -4.378090015613698149e-01 9.493927331281879489e-01 8.443329014015094058e-01 1.187967222978802084e+00 3.187397915367228274e-01 -1.034234538322760910e+00 -6.894612676505202931e-01 -3.539826316419913965e-01 -2.223376183496480696e+00 -1.104331986790423770e+00 1.542978126760570667e+00 -3.927378324444768393e-02 -1.715856260221630125e-01 2.163212254587757677e+00 -2.393692452571452578e-01 6.401224719408169506e-01 -7.380024835856741072e-01 9.102716320293549046e-01 -4.664097460229719716e-01 -1.701842971514631181e-02 -4.226111926464726914e-02 -4.635881602234018239e-01 6.326402250800464144e-02 -5.972875838072125854e-01 -4.932935756537256133e-01 -1.156161746013159686e+00 -2.069948556684833019e+00 -6.374138229459230809e-01 -2.977911652811843224e-01 1.152296942514818401e+00 -1.466394016676761947e+00 1.419624124385936159e-01 6.947292439426093758e-01 -1.582906291952932643e+00 -5.068342971453668744e-01 -1.936260300532538059e+00 8.842198775599288685e-02 3.990454410558857967e-01 3.898350418994812605e-01 4.937325456514015665e-01 2.064461771239023857e+00 -6.920142670011086850e-01 6.088309960877152927e-01 6.898024710835219953e-01 -4.810190548277823996e-01 -1.359596922898141103e-01 5.829224262357965980e-01
4.001458859080544439e-01 1.867540472789586126e+00 -1.513564743739377050e-01 1.440426838412615929e-01 1.216782163740528916e-01 1.494040249748804561e+00 -8.540851551611973180e-01 8.644250310617352939e-01 -1.454350093585714099e+00 1.532754983318413977e+00 3.781530690230596736e-01 -3.478958839068548858e-01 1.202354023268532135e+00 -1.048521769104203916e+00 1.950754102947210189e+00 -1.252755908455047251e+00 -2.127172764326672738e-01 -5.108021094117197736e-01 4.283230936711813208e-01 -6.343548834936213465e-01 -3.595167706366829696e-01 1.774313452529375223e-01 4.627812886373791068e-01 7.290560471637401729e-01 -1.234798948142096897e+00 -8.707622022568698439e-01 5.615557572132256342e-02 4.656463250842100554e-01 1.895870340885485561e+00 -1.070731166674864010e+00 1.222413418673979235e+00 3.562791516176906370e-01 1.785822639851115889e+00 1.883124387473557260e+00 9.693602023325307293e-01 -4.136147791720860001e-01 1.480505512375920985e+00 -8.612145961667059257e-01 8.023944538180040054e-01 6.141623062078092055e-01 -1.099354492906340353e+00 -6.945566086590584387e-01 1.849222709140228016e+00 -7.698902029208434250e-01 3.178297058052371310e-02 5.765783179835559658e-01 -1.093024505209032826e+00 1.666650791783111929e-01 9.444760648480257093e-01 -1.315875570254177118e+00 1.713309748171378155e+00 -9.841961332569537646e-02 -1.079906258851894618e+00 -4.980238686903906697e-01 8.755211449906476207e-02 -1.000183903251557149e+00 3.169367468133084120e-01 8.568087138395413804e-01 6.815644644806766461e-01 -4.555130503567617062e-01 -1.374895884446566852e+00 6.252258359116397157e-01 5.216015226616802641e-02 -1.292832301177531118e+00 -1.168050375018501397e+00 7.717493975053276722e-01 1.336514240860013913e+00 1.099612953940548365e+00 -1.616910347117771263e+00 2.799057100228155015e-01 3.172645479454437312e-01 -9.443970620633402868e-01 3.791473983397101177e-01 -9.558995393599050150e-01 4.814597348449494163e-01 1.565110913629663703e-01 -2.379108971933909522e-01 -5.428439544127411365e-01 7.811900317192735921e-01 4.262365460221421709e-01 -3.973115749370429439e-01 -3.090026983639659330e-01 1.079601155246318056e+00 5.210403507111732724e-01 -3.193182262434184904e-01 -7.255969665343648956e-01 6.103616247506433723e-01 -5.962473453897373377e-01 1.887917412543624607e-01 -3.108770636776204133e-01 -2.772578859687707453e+00 -6.523418275726478033e-01 -1.161070348694548532e-01 -1.105333239294958025e-01 1.536339005963255788e+00 -1.045229596789336357e+00 1.301803184347516629e+00 2.303888635327638656e+00 1.136861752372366308e+00 -3.994348398884088325e-01
9.787207557505122058e-01 -9.772687247622222628e-01 -1.032090180027955550e-01 1.454230869897109812e+00 4.438682828256050317e-01 -2.051575065880670568e-01 -2.552959504655835765e+00 -7.421359840439060163e-01 4.575768003943009310e-02 1.469328986457225206e+00 -8.877588099480350214e-01 1.563410722529493257e-01 -3.873349439750152778e-01 -1.419986977241468384e+00 -5.096496539360588773e-01 7.774692483280148947e-01 -8.954465036416280332e-01 -1.180610741896714222e+00 6.652858315014537061e-02 -3.628010925875170822e-01 -8.131092535603526850e-01 -4.017925818846505015e-01 -9.072860840652371417e-01 1.289771311717166635e-01 4.023227485721620478e-01 -5.788175612063332087e-01 -1.165119488497382116e+00 -1.536207570475013995e+00 1.178768924934077145e+00 1.054407464913270642e+00 2.082701362046864013e-01 7.066905985574324367e-01 1.269055089695925731e-01 -1.347736085383305360e+00 -1.173095376052905037e+00 -7.474437903218269508e-01 1.867543335195434917e+00 1.910036178581699051e+00 9.471376148063225253e-01 9.221391363224143989e-01 2.982327484338645474e-01 -1.496312268497163867e-01 6.722732985054014065e-01 5.392159848099199460e-01 -6.358429477338982672e-01 -2.082969098496847693e-01 -1.491227384260721989e+00 6.349953007897904955e-01 -9.128112529365350891e-01 -4.615737689758865336e-01 -7.447380409377697408e-01 -6.634657815915809831e-01 -1.147455372464625700e+00 1.929502605190270392e+00 -1.225414451606327670e+00 -1.544729343130415433e+00 9.208068902838733027e-01 -6.510079697153731138e-01 -8.033973904905954422e-01 1.738737290184682108e-02 -6.436008713791885327e-01 -1.602038186710841972e+00 -7.395421740982791592e-01 2.670437928378661674e-01 5.232601028927456044e-01 8.235633626556453368e-01 -3.691848287163242426e-01 6.552433308834736403e-01 -2.432593564776695805e-02 -9.816590169652650300e-02 7.861715841742359379e-01 -4.100518437233384161e-01 2.259278171514508937e+00 -3.459743030921234030e-01 -1.540755748856801999e+00 2.321637145415245962e-01 -1.424021294009989225e+00 4.160043191629739789e-01 1.494459210430426621e+00 6.768824729587523681e-01 -1.328148775814394500e-01 -1.675952555526962540e+00 -8.133366255162459701e-01 -5.758035122106871517e-01 6.914946695102442975e-01 -1.383339515138043430e+00 -1.188813733637241299e+00 -5.257848650514376082e-02 5.238841795053507111e-01 9.739703083732849376e-02 1.955902487247722643e+00 -3.908611315206728110e-01 -2.030646053734966650e+00 1.020157850128761590e+00 2.863378966784707602e-01 1.211113065084621354e+00 -6.280737689583735239e-01 -1.060003188934256491e+00 9.773600073433676150e-02 3.700424545742787563e-01
