# 
#                 ----------------------------------------------------
#                 Data from a 3D direct N-body simulation. 
# 
#                 rows are i-particle; 
#                 coumns are :mass, tag, x ,y, z, vx, vy, vz, ax, ay, az
# 
#                 NTHU, Computational Physics Lab
# 
#                 ----------------------------------------------------
#                 Time = 7.999999999999874
1.000000000000000000e+00 2.000000000000000000e+00 3.000000000000000000e+00 4.000000000000000000e+00 5.000000000000000000e+00 6.000000000000000000e+00 7.000000000000000000e+00 8.000000000000000000e+00 9.000000000000000000e+00 1.000000000000000000e+01 1.100000000000000000e+01 1.200000000000000000e+01 1.300000000000000000e+01 1.400000000000000000e+01 1.500000000000000000e+01 1.600000000000000000e+01 1.700000000000000000e+01 1.800000000000000000e+01 1.900000000000000000e+01 2.000000000000000000e+01 2.100000000000000000e+01 2.200000000000000000e+01 2.300000000000000000e+01 2.400000000000000000e+01 2.500000000000000000e+01 2.600000000000000000e+01 2.700000000000000000e+01 2.800000000000000000e+01 2.900000000000000000e+01 3.000000000000000000e+01 3.100000000000000000e+01 3.200000000000000000e+01 3.300000000000000000e+01 3.400000000000000000e+01 3.500000000000000000e+01 3.600000000000000000e+01 3.700000000000000000e+01 3.800000000000000000e+01 3.900000000000000000e+01 4.000000000000000000e+01 4.100000000000000000e+01 4.200000000000000000e+01 4.300000000000000000e+01 4.400000000000000000e+01 4.500000000000000000e+01 4.600000000000000000e+01 4.700000000000000000e+01 4.800000000000000000e+01 4.900000000000000000e+01 5.000000000000000000e+01 5.100000000000000000e+01 5.200000000000000000e+01 5.300000000000000000e+01 5.400000000000000000e+01 5.500000000000000000e+01 5.600000000000000000e+01 5.700000000000000000e+01 5.800000000000000000e+01 5.900000000000000000e+01 6.000000000000000000e+01 6.100000000000000000e+01 6.200000000000000000e+01 6.300000000000000000e+01 6.400000000000000000e+01 6.500000000000000000e+01 6.600000000000000000e+01 6.700000000000000000e+01 6.800000000000000000e+01 6.900000000000000000e+01 7.000000000000000000e+01 7.100000000000000000e+01 7.200000000000000000e+01 7.300000000000000000e+01 7.400000000000000000e+01 7.500000000000000000e+01 7.600000000000000000e+01 7.700000000000000000e+01 7.800000000000000000e+01 7.900000000000000000e+01 8.000000000000000000e+01 8.100000000000000000e+01 8.200000000000000000e+01 8.300000000000000000e+01 8.400000000000000000e+01 8.500000000000000000e+01 8.600000000000000000e+01 8.700000000000000000e+01 8.800000000000000000e+01 8.900000000000000000e+01 9.000000000000000000e+01 9.100000000000000000e+01 9.200000000000000000e+01 9.300000000000000000e+01 9.400000000000000000e+01 9.500000000000000000e+01 9.600000000000000000e+01 9.700000000000000000e+01 9.800000000000000000e+01 9.900000000000000000e+01 1.000000000000000000e+02
2.000000000000000111e-01 2.000000000000000111e-01 2.000000000000000111e-01 2.000000000000000111e-01 2.000000000000000111e-01 2.000000000000000111e-01 2.000000000000000111e-01 2.000000000000000111e-01 2.000000000000000111e-01 2.000000000000000111e-01 2.000000000000000111e-01 2.000000000000000111e-01 2.000000000000000111e-01 2.000000000000000111e-01 2.000000000000000111e-01 2.000000000000000111e-01 2.000000000000000111e-01 2.000000000000000111e-01 2.000000000000000111e-01 2.000000000000000111e-01 2.000000000000000111e-01 2.000000000000000111e-01 2.000000000000000111e-01 2.000000000000000111e-01 2.000000000000000111e-01 2.000000000000000111e-01 2.000000000000000111e-01 2.000000000000000111e-01 2.000000000000000111e-01 2.000000000000000111e-01 2.000000000000000111e-01 2.000000000000000111e-01 2.000000000000000111e-01 2.000000000000000111e-01 2.000000000000000111e-01 2.000000000000000111e-01 2.000000000000000111e-01 2.000000000000000111e-01 2.000000000000000111e-01 2.000000000000000111e-01 2.000000000000000111e-01 2.000000000000000111e-01 2.000000000000000111e-01 2.000000000000000111e-01 2.000000000000000111e-01 2.000000000000000111e-01 2.000000000000000111e-01 2.000000000000000111e-01 2.000000000000000111e-01 2.000000000000000111e-01 2.000000000000000111e-01 2.000000000000000111e-01 2.000000000000000111e-01 2.000000000000000111e-01 2.000000000000000111e-01 2.000000000000000111e-01 2.000000000000000111e-01 2.000000000000000111e-01 2.000000000000000111e-01 2.000000000000000111e-01 2.000000000000000111e-01 2.000000000000000111e-01 2.000000000000000111e-01 2.000000000000000111e-01 2.000000000000000111e-01 2.000000000000000111e-01 2.000000000000000111e-01 2.000000000000000111e-01 2.000000000000000111e-01 2.000000000000000111e-01 2.000000000000000111e-01 2.000000000000000111e-01 2.000000000000000111e-01 2.000000000000000111e-01 2.000000000000000111e-01 2.000000000000000111e-01 2.000000000000000111e-01 2.000000000000000111e-01 2.000000000000000111e-01 2.000000000000000111e-01 2.000000000000000111e-01 2.000000000000000111e-01 2.000000000000000111e-01 2.000000000000000111e-01 2.000000000000000111e-01 2.000000000000000111e-01 2.000000000000000111e-01 2.000000000000000111e-01 2.000000000000000111e-01 2.000000000000000111e-01 2.000000000000000111e-01 2.000000000000000111e-01 2.000000000000000111e-01 2.000000000000000111e-01 2.000000000000000111e-01 2.000000000000000111e-01 2.000000000000000111e-01 2.000000000000000111e-01 2.000000000000000111e-01 2.000000000000000111e-01
7.248408158621306541e+01 9.207795524266546749e+01 3.903814155814615106e+01 1.687135313390464120e+01 3.127020429249407130e+01 1.371032331300311036e+01 1.286391389477737057e+01 2.685643918624455040e+01 9.326361883117522211e+01 -7.691326708866174755e+00 6.366637602661194606e+00 -8.139013241626629735e+01 5.055176615776362326e+01 -1.242127280946985124e+01 -7.011021737362565887e+01 -1.799961988609596020e+01 -6.631400526759722425e+01 1.589772411525800777e+01 -1.157612476485472053e+00 1.243447361390843042e+01 -2.763108660483685597e+01 -7.093175988063563864e+01 -6.698360674591923214e+01 2.134151106969016887e+00 4.681754669437917471e+01 -2.813748028467593798e+01 -1.280180358604080659e+01 3.701447939235796980e+01 6.115202636518239387e+01 -7.392903862964543826e+00 -1.656554199354192747e+01 4.012657393926446758e+01 4.313396005227540519e-01 1.651758687346688959e+01 -5.220387943166309697e+01 7.986260734967989094e+01 7.901341678641064448e+01 3.722910667007811014e+01 -1.100985413098342036e+01 -6.369849771326050458e+00 1.546696839175650773e+01 5.450025380631477390e+01 -1.788020824338481418e+01 1.674221337360837580e+01 -2.770919859401678664e+01 2.779388016368922010e+01 1.627209268130922837e+01 1.805468860810295340e+01 9.792285471685922005e+01 4.589760771562694686e+01 -2.803872558354273181e+00 -3.395681626006164322e+01 4.629263067299977763e+01 -1.798974640885778697e+01 3.901098292478722840e+01 3.469409685841913671e+01 4.881449751403521731e+01 1.309686616537227977e+01 -4.249686365912594255e+01 -2.833122158710106220e+01 -1.454531994498738356e+01 -9.135901132373155065e+01 -4.537776640264053896e+01 6.340155247223874113e+01 -1.613886604357422927e+00 -7.049918518672831702e+00 8.888682722047786910e+01 -9.835831546780925194e+00 2.630278952875845633e+01 -3.032495186448714009e+01 3.740182378787551443e+01 -1.916492900868989935e+01 -6.993155537162689672e-01 -1.736456658112794704e+00 -1.904896869788233360e+01 2.599493815234110716e+00 -2.454297042937279016e+01 -2.026982132614563525e+01 -4.750702988095452639e+01 -8.505479378712772132e+01 -2.619168649994110254e+01 -1.223624991162974140e+01 4.734841755292769250e+01 -6.025462243514158445e+01 5.833114775075254776e+00 2.854673443325334858e+01 -6.504214245886313961e+01 -2.082559848233291078e+01 -7.956130216036656577e+01 3.633265269276707343e+00 1.639680962881819326e+01 1.602191581248760244e+01 2.028762259247790567e+01 8.482926714682876934e+01 -2.843539265476112732e+01 2.501707352988695021e+01 2.834423494902305407e+01 -1.976520847352607646e+01 -5.586452417227073752e+00 2.395274364832807734e+01
1.644217096568222658e+01 7.673757353753524058e+01 -6.219255243738514238e+00 5.918733345926492362e+00 4.999719755782793484e+00 6.139072520112529929e+01 -3.509454802893635161e+01 3.551942210890018004e+01 -5.975953343106802862e+01 6.298131383567164221e+01 1.553845914298610786e+01 -1.429528409450464110e+01 4.940514390860556659e+01 -4.308424312559356650e+01 8.015687793968686492e+01 -5.147634824091883843e+01 -8.740881497866372030e+00 -2.098892606718361264e+01 1.759993864597065993e+01 -2.606521974486872040e+01 -1.477306511918689402e+01 7.290590925509221165e+00 1.901571964124444136e+01 2.995742653655700494e+01 -5.073832195914788912e+01 -3.578014547524593780e+01 2.307570414888786114e+00 1.913365352802226127e+01 7.790166744864821169e+01 -4.399669373080470081e+01 5.022946600648021587e+01 1.464073492975302671e+01 7.338020302858134869e+01 7.737803890123390715e+01 3.983156379068404362e+01 -1.699551003302457985e+01 6.083417378799894237e+01 -3.538750409294909360e+01 3.297128463928758890e+01 2.523481313203827980e+01 -4.517317103903835829e+01 -2.853952129475867494e+01 7.598522057177524403e+01 -3.163518454118336010e+01 1.306621759277307726e+00 2.369180467588940431e+01 -4.491294305730358616e+01 6.848392772035065690e+00 3.880861602995517501e+01 -5.406983308774243113e+01 7.040043899345857881e+01 -4.044521859242742323e+00 -4.437375118430585985e+01 -2.046394429022775796e+01 3.597508690905372397e+00 -4.109804124278757342e+01 1.302302784048599804e+01 3.520661557757345861e+01 2.800593334531157552e+01 -1.871732298366083924e+01 -5.649530653389419399e+01 2.569063847371730347e+01 2.143331378068630499e+00 -5.312288404959735999e+01 -4.799584437842685247e+01 3.171179029491841916e+01 5.491762646915297807e+01 4.518379598500208516e+01 -6.643955865959105722e+01 1.150160071712289245e+01 1.303577489576372628e+01 -3.880600249592362161e+01 1.557924550630726657e+01 -3.927858825897475725e+01 1.978350506681492860e+01 6.430985614675299722e+00 -9.775920395293962173e+00 -2.230572742233895767e+01 3.209924901000762532e+01 1.751438765929671959e+01 -1.632500268617691930e+01 -1.269707829500933904e+01 4.436110646719605910e+01 2.140991307589930770e+01 -1.312094274541583161e+01 -2.981482131391694068e+01 2.508003509788995444e+01 -2.450075521916273047e+01 7.757280376821626966e+00 -1.277407998702989822e+01 -1.139255960603912570e+02 -2.680568192577032960e+01 -4.770801075504970790e+00 -4.541921173027346548e+00 6.312877249854400219e+01 -4.294886494554749845e+01 5.349175293585900448e+01 9.466728711144976671e+01 4.671411552955594004e+01 -1.641299367397583353e+01
4.021592292862254681e+01 -4.015614731050295205e+01 -4.240999640218316102e+00 5.975500850719719637e+01 1.823850011022891593e+01 -8.429942669605122063e+00 -1.049016526699477936e+02 -3.049480605412004408e+01 1.880196933601312015e+00 6.037521320173207329e+01 -3.647842623553812302e+01 6.424171629626611590e+00 -1.591549987799571220e+01 -5.834776383826341117e+01 -2.094156470329284048e+01 3.194654204292560351e+01 -3.679421885410366855e+01 -4.851165079597302565e+01 2.733505756826524191e+00 -1.490668529694810829e+01 -3.341121172461170374e+01 -1.650951630136351156e+01 -3.728060029412620224e+01 5.299756660347163084e+00 1.653172300111396709e+01 -2.378408631042606558e+01 -4.787523758081433556e+01 -6.312334509435084584e+01 4.843582122074158747e+01 4.332626727408621292e+01 8.557897243781797059e+00 2.903632717375578309e+01 5.214644713246760155e+00 -5.537886071773012020e+01 -4.820293509138799948e+01 -3.071265505577021671e+01 7.673766499959798182e+01 7.848387981510424538e+01 3.891951301109659056e+01 3.789167685068878200e+01 1.225447353594363165e+01 -6.148400393835230737e+00 2.762404006175575688e+01 2.215687078123914233e+01 -2.612686175698805258e+01 -8.558955951704575682e+00 -6.127502533790909212e+01 2.609248815912061303e+01 -3.750761169153287966e+01 -1.896623902501164949e+01 -3.060155529638571537e+01 -2.726201499922348859e+01 -4.714918218546630158e+01 7.928376557519003143e+01 -5.035263228590917350e+01 -6.347358309770132934e+01 3.783671905501439170e+01 -2.675019362390050404e+01 -3.301180859675873336e+01 7.157171116787330867e-01 -2.644583431623355807e+01 -6.582809830262644368e+01 -3.038811273389398693e+01 1.097294061327146153e+01 2.150101265695383290e+01 3.383944081168733931e+01 -1.516978173011618125e+01 2.692426319785519340e+01 -9.995565215110450152e-01 -4.033427390575181626e+00 3.230599288413656467e+01 -1.684902101341809200e+01 9.283427847578266778e+01 -1.421620470152465110e+01 -6.331030115351315146e+01 9.539858076823621857e+00 -5.851365374797525476e+01 1.709427035116362248e+01 6.140775385902117023e+01 2.781348800425964995e+01 -5.458278473953240173e+00 -6.886568272698110604e+01 -3.342042458328892707e+01 -2.365958025753973715e+01 2.841415986849570530e+01 -5.684182766389883312e+01 -4.884904503879548798e+01 -2.160297963492017637e+00 2.152652172160184207e+01 4.002092203716910213e+00 8.036826674638206214e+01 -1.606177988235266341e+01 -8.343987885855329978e+01 4.191854249370020113e+01 1.176571855356735874e+01 4.976514182495137106e+01 -2.580777319143620829e+01 -4.355575866376386074e+01 4.015824637185872348e+00 1.520524863976981855e+01
1.589386389019796653e+01 2.019032395917418299e+01 8.560016084522416691e+00 3.699449342278927855e+00 6.856713936100798712e+00 3.006305381628399775e+00 2.820725513558538733e+00 5.888892500040538991e+00 2.045029686556783588e+01 -1.686508384465735810e+00 1.396033138345979419e+00 -1.784673491489141384e+01 1.108466536833073768e+01 -2.723649946986254289e+00 -1.537335668766457708e+01 -3.946813169395210874e+00 -1.454091232766613828e+01 3.485959409929616282e+00 -2.538147599269388599e-01 2.726862312252180676e+00 -6.058774988025552588e+00 -1.555346100843144619e+01 -1.468772937075332763e+01 4.679503021534952567e-01 1.026586936979031783e+01 -6.169760726254571281e+00 -2.807113822092598188e+00 8.116304617398375498e+00 1.340906297305264872e+01 -1.621064274852608511e+00 -3.632349160330829996e+00 8.798552781921781474e+00 9.457635498564861964e-02 3.621876595157959233e+00 -1.144695840469436376e+01 1.751178809042836804e+01 1.732560849944508519e+01 8.163377681734454328e+00 -2.414057471598709981e+00 -1.396769831741667911e+00 3.391492641385720042e+00 1.195046447647430732e+01 -3.920659797797175550e+00 3.671119396275349889e+00 -6.075962988781640206e+00 6.094448579239365671e+00 3.568062890953820787e+00 3.958935872576449633e+00 2.147194993308242061e+01 1.006414194108648452e+01 -6.148086877810322592e-01 -7.445783337864850360e+00 1.015074780097997298e+01 -3.944677294477543228e+00 8.554074769011606350e+00 7.607488983021861273e+00 1.070368775189392707e+01 2.871825524165295462e+00 -9.318466866874329568e+00 -6.212191843077956577e+00 -3.189402090868000972e+00 -2.003266383640705683e+01 -9.950115793226329330e+00 1.390229299454162870e+01 -3.538716696887643232e-01 -1.545921724950419573e+00 1.949058144380246205e+01 -2.156733260539946961e+00 5.767518386206043068e+00 -6.649449200137722116e+00 8.201394475035233000e+00 -4.202367210645261864e+00 -1.533393200283626745e-01 -3.807661486410197083e-01 -4.176942195604813612e+00 5.700055022285526185e-01 -5.381608052526012820e+00 -4.444618450869237236e+00 -1.041705140537177421e+01 -1.865029656834876803e+01 -5.743136754131044519e+00 -2.683097927208357270e+00 1.038225248269816881e+01 -1.321226001827639251e+01 1.279066100260512817e+00 6.259543266826629093e+00 -1.426203857484254911e+01 -4.566547445956199880e+00 -1.744573743523053011e+01 7.966822730743058356e-01 3.595400913945086874e+00 3.512839769779037002e+00 4.448545442839134445e+00 1.860085177083456642e+01 -6.235107155712893423e+00 5.485588422323163016e+00 6.215146114765244256e+00 -4.333994966505078317e+00 -1.224980365411054040e+00 5.252182542344524308e+00
3.605333082727153915e+00 1.682656851456943059e+01 -1.363723042928085771e+00 1.297826042980042782e+00 1.096315457474712707e+00 1.346136660055231005e+01 -7.695324682268711136e+00 7.788487924793343176e+00 -1.310372000833230821e+01 1.381016231325939714e+01 3.407174718774398592e+00 -3.134568706713437791e+00 1.083325228989097688e+01 -9.447232526009512910e+00 1.757632954029612549e+01 -1.128739572089345522e+01 -1.916620553191372478e+00 -4.602331993067950933e+00 3.859205530294321562e+00 -5.715483365068966926e+00 -3.239306050251080649e+00 1.598647849743892957e+00 4.169661001530601929e+00 6.568851841420650040e+00 -1.112558278675462731e+01 -7.845625006189905548e+00 5.059778251640031366e-01 4.195499933653070279e+00 1.708182279670842973e+01 -9.647323151799907848e+00 1.101399704015729775e+01 3.210218981112449299e+00 1.609034081113896875e+01 1.696699406844981795e+01 8.733995556711150243e+00 -3.726676081186010681e+00 1.333936995097385214e+01 -7.759561777118544335e+00 7.229676090428127644e+00 5.533465717079522506e+00 -9.905260244155989824e+00 -6.257973576771617807e+00 1.666156417708571169e+01 -6.936753344054342740e+00 2.864429694558717210e-01 5.194991232708686013e+00 -9.848211745272678286e+00 1.501666226971756668e+00 8.509734981123731501e+00 -1.185609133558243755e+01 1.543697514519064207e+01 -8.868149431034665353e-01 -9.729996983668488753e+00 -4.487209193226374460e+00 7.888431130419435444e-01 -9.011708765070823191e+00 2.855609749378803741e+00 7.719882582310126473e+00 6.140945330261344814e+00 -4.104204637815534795e+00 -1.238790318993710216e+01 5.633294030815953590e+00 4.699710890978292532e-01 -1.164845956915972458e+01 -1.052420491140350656e+01 6.953529876364813234e+00 1.204201589099760739e+01 9.907589546605734654e+00 -1.456843750056961539e+01 2.521981561952712170e+00 2.858477146102427646e+00 -8.509098563653779479e+00 3.416125203340646621e+00 -8.612729734334104492e+00 4.337988019883637136e+00 1.410157430623871111e+00 -2.143595027345709170e+00 -4.891052891130942548e+00 7.038535478711829718e+00 3.840427825710516885e+00 -3.579711768262960003e+00 -2.784131230576086136e+00 9.727235130534179319e+00 4.694613959771193556e+00 -2.877074004918112493e+00 -6.537629344977003321e+00 5.499387485408210985e+00 -5.372298455870202716e+00 1.700991934048337706e+00 -2.801017346693263299e+00 -2.498095841650948756e+01 -5.877709948653843774e+00 -1.046119284624063450e+00 -9.959173282968948326e-01 1.384247711777659617e+01 -9.417557820176511996e+00 1.172931759658809092e+01 2.075808282879514266e+01 1.024317316229564412e+01 -3.598931280064074034e+00
8.818302387992542180e+00 -8.805206290496551347e+00 -9.299294508523885394e-01 1.310269037003009451e+01 3.999244906997647675e+00 -1.848470381579319755e+00 -2.300221506571039498e+01 -6.686693046272135454e+00 4.122780762789375331e-01 1.323870322754858719e+01 -7.998751249721196110e+00 1.408646068690219799e+00 -3.489874458065495233e+00 -1.279413366247539763e+01 -4.591947545783118478e+00 7.005032695516301366e+00 -8.068006037014802345e+00 -1.063733810372524502e+01 5.994038182717031926e-01 -3.268738939814957778e+00 -7.326175370177644197e+00 -3.620131979154048274e+00 -8.174667844418880946e+00 1.162093472502361058e+00 3.624959085132762215e+00 -5.215199111617519812e+00 -1.049777658764251065e+01 -1.384128970059351715e+01 1.062072555011742203e+01 9.500284168856964584e+00 1.876521903722659479e+00 6.367088630319970299e+00 1.143429480704974743e+00 -1.214313997519252730e+01 -1.056963550835700083e+01 -6.734486704863150486e+00 1.682659118806142118e+01 1.720947336660890414e+01 8.533898330171995283e+00 8.308584880325005528e+00 2.687085999860644669e+00 -1.348182811970928041e+00 6.057217766494086497e+00 4.858390722254954497e+00 -5.728950111655938038e+00 -1.876758197846247089e+00 -1.343600849195115110e+01 5.721367185015369117e+00 -8.224447463015231108e+00 -4.158797507462475451e+00 -6.710117390906182422e+00 -5.977847291914931915e+00 -1.033859478020959521e+01 1.738486698068773606e+01 -1.104101891067490193e+01 -1.391808016027140482e+01 8.296555632580648876e+00 -5.865610836294965935e+00 -7.238630705453519276e+00 1.568114725603795001e-01 -5.798872729466114428e+00 -1.443439613159809909e+01 -6.663309288251015872e+00 2.406076229726437976e+00 4.714600800694068283e+00 7.420208296035076145e+00 -3.326350380151555264e+00 5.903776013080388019e+00 -2.191769911592578168e-01 -8.844492222686989313e-01 7.083663787235751741e+00 -3.694563566527982790e+00 2.035614702496646444e+01 -3.117240779618390967e+00 -1.388227727046617055e+01 2.091823601722187842e+00 -1.283049711290055939e+01 3.748274239634807881e+00 1.346511921638895259e+01 6.098753189434985345e+00 -1.196770320294863632e+00 -1.510041694725379635e+01 -7.328208515371988696e+00 -5.187964041429615314e+00 6.230439584683673537e+00 -1.246392928883759410e+01 -1.071128673136198906e+01 -4.737137309089597403e-01 4.720207729421726839e+00 8.775524121767406260e-01 1.762269758726791835e+01 -3.521810933038916236e+00 -1.829618422012883983e+01 9.191646709761570833e+00 2.579913989959723430e+00 1.091218179712154956e+01 -5.658967374386392635e+00 -9.550649542753411936e+00 8.805831907376864276e-01 3.334104642813163100e+00
1.764018391888546367e+00 2.240876236966168999e+00 9.500499666923306608e-01 4.105925867807457275e-01 7.610053853677176683e-01 3.336605799864519328e-01 3.130657173808741867e-01 6.535896710828643652e-01 2.269728269484887484e+00 -1.871813688136120257e-01 1.549415095808819032e-01 -1.980763402695732589e+00 1.230255915498723152e+00 -3.022893420360209249e-01 -1.706251314570284672e+00 -4.380419177748385851e-01 -1.613855734522787300e+00 3.868980992027603039e-01 -2.816754745930003315e-02 3.026899851844408462e-01 -6.724476136162534923e-01 -1.726235286801031110e+00 -1.630149318562490013e+00 5.193474479219636203e-02 1.139382758643463500e+00 -6.847582582189086775e-01 -3.115560280915267155e-01 9.008070215414772930e-01 1.488239956074169479e+00 -1.799168189671031537e-01 -4.031392391000072073e-01 9.765067577638109064e-01 1.049606928539029670e-02 4.019828439771317430e-01 -1.270469726689139156e+00 1.943588458847113731e+00 1.922928436593279944e+00 9.060330514879875174e-01 -2.679138809069905314e-01 -1.550277605124083802e-01 3.764116348429462078e-01 1.326348556647616750e+00 -4.351434505992574642e-01 4.074465209498586704e-01 -6.743635988397179704e-01 6.764037728966971752e-01 3.960125251874240249e-01 4.393939827012968147e-01 2.383119490479905345e+00 1.116992329499447933e+00 -6.823500268955787207e-02 -8.263798919439471202e-01 1.126602775143489277e+00 -4.378089012814193604e-01 9.493924781920103362e-01 8.443326282482267464e-01 1.187966654507715880e+00 3.187399018446081533e-01 -1.034234462947458022e+00 -6.894604630036559323e-01 -3.539825292157845471e-01 -2.223375938601265034e+00 -1.104331520352738627e+00 1.542977795568971189e+00 -3.927370119431489864e-02 -1.715859841853317469e-01 2.163212039426240185e+00 -2.393691550580794025e-01 6.401223897231507198e-01 -7.380022254552114358e-01 9.102724812834647183e-01 -4.664096612246094731e-01 -1.701841169793495701e-02 -4.226115530033224682e-02 -4.635880892621313532e-01 6.326404091347215264e-02 -5.972873251007712048e-01 -4.932933367560097815e-01 -1.156161558171709514e+00 -2.069948225473960068e+00 -6.374136125617544391e-01 -2.977911679064735306e-01 1.152296628101443510e+00 -1.466393741446564869e+00 1.419624964447725735e-01 6.947290632419328427e-01 -1.582906000401772539e+00 -5.068344606341662617e-01 -1.936260123463652283e+00 8.842198685920407697e-02 3.990454328418134300e-01 3.898326731621479802e-01 4.937324618204985693e-01 2.064461488915019238e+00 -6.920139438715391389e-01 6.088308795028183340e-01 6.898023285762879819e-01 -4.810189816036126165e-01 -1.359597831351214980e-01 5.829221424016112207e-01
4.001457830854793229e-01 1.867540313719334044e+00 -1.513564677113196921e-01 1.440426757843310257e-01 1.216782454692748316e-01 1.494039897198292222e+00 -8.540850590496175121e-01 8.644249296673297556e-01 -1.454349952099654342e+00 1.532754763282212940e+00 3.781529832075676834e-01 -3.478957362004323484e-01 1.202353788744376706e+00 -1.048521485815041343e+00 1.950753909599527214e+00 -1.252755550181340993e+00 -2.127170675255229404e-01 -5.108020819332304008e-01 4.283230139972248884e-01 -6.343551860274658782e-01 -3.595164400687164696e-01 1.774313925159024807e-01 4.627812799061098992e-01 7.290557336472729411e-01 -1.234798704124529856e+00 -8.707618849392331217e-01 5.615548701897006556e-02 4.656461787374370775e-01 1.895870169850544462e+00 -1.070730971861437952e+00 1.222413131213088811e+00 3.562783551413878924e-01 1.785822205283899455e+00 1.883124148563207534e+00 9.693598708011273990e-01 -4.136147410192927976e-01 1.480505428117367739e+00 -8.612144954721080436e-01 8.023938901982864413e-01 6.141630611071059453e-01 -1.099354072449730824e+00 -6.945565064931160659e-01 1.849222336642363018e+00 -7.698899679866191281e-01 3.178253787575725797e-02 5.765782044898175585e-01 -1.093024169162252424e+00 1.666650027425790326e-01 9.444760337758169033e-01 -1.315875281118133344e+00 1.713309448745133690e+00 -9.841931397312182750e-02 -1.079906029559453362e+00 -4.980237907595907454e-01 8.755212243808534189e-02 -1.000183617664519797e+00 3.169366935615642866e-01 8.568085149915585230e-01 6.815641915543650953e-01 -4.555128733483803094e-01 -1.374895381259642946e+00 6.252257849223318287e-01 5.216010749005112884e-02 -1.292832077707358307e+00 -1.168049983417655202e+00 7.717490232388131144e-01 1.336514116376541716e+00 1.099612530319586057e+00 -1.616909932143789641e+00 2.799055384788042833e-01 3.172649728369145716e-01 -9.443966152833107586e-01 3.791473589545579781e-01 -9.558991265192651188e-01 4.814595374262915506e-01 1.565111327727406465e-01 -2.379107988190408973e-01 -5.428437952946125744e-01 7.811899584380550543e-01 4.262363444771907206e-01 -3.973119369649932842e-01 -3.090026050866320206e-01 1.079600996913361977e+00 5.210401279782403972e-01 -3.193181337046606116e-01 -7.255969628526494075e-01 6.103614634880905054e-01 -5.962467391742191092e-01 1.887918607027834761e-01 -3.108769809665444250e-01 -2.772578733498267667e+00 -6.523412166106195009e-01 -1.161070629835476847e-01 -1.105332573327654638e-01 1.536338660439102055e+00 -1.045229380943967223e+00 1.301802793427690563e+00 2.303888380501800004e+00 1.136861483516771854e+00 -3.994347110424151803e-01
9.787205993031871110e-01 -9.772686416269639187e-01 -1.032089286939288919e-01 1.454230482714640393e+00 4.438683287691427837e-01 -2.051574997114890830e-01 -2.552959229409174746e+00 -7.421357203385641199e-01 4.575767243673346113e-02 1.469328715999518087e+00 -8.877585653277577649e-01 1.563410005451838225e-01 -3.873350177982772813e-01 -1.419986696097270906e+00 -5.096496309820762738e-01 7.774690566648495560e-01 -8.954463214962610218e-01 -1.180610547197979088e+00 6.652868637507246274e-02 -3.628016442795545804e-01 -8.131089172535271858e-01 -4.017926876600561026e-01 -9.072859725847155499e-01 1.289770786798259128e-01 4.023225770009345448e-01 -5.788172695597628703e-01 -1.165119212880399546e+00 -1.536207242504739279e+00 1.178768828260634782e+00 1.054407062941816742e+00 2.082700922056669179e-01 7.066916734874955086e-01 1.269054491820909292e-01 -1.347735876745361772e+00 -1.173095121513468397e+00 -7.474436902420321660e-01 1.867543193308623950e+00 1.910035917288248841e+00 9.471365743654394098e-01 9.221385224647532519e-01 2.982326991863650245e-01 -1.496311967579003477e-01 6.722731036359100854e-01 5.392156832356993501e-01 -6.358429194527781547e-01 -2.082968930939353980e-01 -1.491227109936708262e+00 6.349949726063233157e-01 -9.128111532966326491e-01 -4.615736705741002033e-01 -7.447378885493809442e-01 -6.634656679619499453e-01 -1.147455251887145478e+00 1.929502337776684229e+00 -1.225414260309243275e+00 -1.544728963925548593e+00 9.208064184850760503e-01 -6.510078096941909198e-01 -8.033972790404925179e-01 1.738653763243338743e-02 -6.436007121687445931e-01 -1.602038009919117600e+00 -7.395419849894249165e-01 2.670437285836265162e-01 5.232599525408920815e-01 8.235639028392560679e-01 -3.691848558784670553e-01 6.552431456688529998e-01 -2.432593393286868258e-02 -9.816604256977295995e-02 7.861701556953161196e-01 -4.100518633405463298e-01 2.259277892018987544e+00 -3.459742352419311606e-01 -1.540755374124020083e+00 2.321635572130040792e-01 -1.424020934278993344e+00 4.160039038644849363e-01 1.494458980379068436e+00 6.768822407757056903e-01 -1.328142791948626611e-01 -1.675952090092336366e+00 -8.133363745505725051e-01 -5.758036534050066102e-01 6.914942691854870649e-01 -1.383339293224107314e+00 -1.188813320139214147e+00 -5.257858812076985494e-02 5.238841174122000899e-01 9.739700237619725032e-02 1.955902398067957515e+00 -3.908602863389659676e-01 -2.030645704903161430e+00 1.020157715174438318e+00 2.863378440832662908e-01 1.211112772456231612e+00 -6.280736437294659469e-01 -1.060003074210709162e+00 9.773610098694932025e-02 3.700423325954499409e-01
