# 
#                 ----------------------------------------------------
#                 Data from a 3D direct N-body simulation. 
# 
#                 rows are i-particle; 
#                 coumns are :mass, tag, x ,y, z, vx, vy, vz, ax, ay, az
# 
#                 NTHU, Computational Physics Lab
# 
#                 ----------------------------------------------------
#                 Time = 4.799999999999942
1.000000000000000000e+00 2.000000000000000000e+00 3.000000000000000000e+00 4.000000000000000000e+00 5.000000000000000000e+00 6.000000000000000000e+00 7.000000000000000000e+00 8.000000000000000000e+00 9.000000000000000000e+00 1.000000000000000000e+01 1.100000000000000000e+01 1.200000000000000000e+01 1.300000000000000000e+01 1.400000000000000000e+01 1.500000000000000000e+01 1.600000000000000000e+01 1.700000000000000000e+01 1.800000000000000000e+01 1.900000000000000000e+01 2.000000000000000000e+01 2.100000000000000000e+01 2.200000000000000000e+01 2.300000000000000000e+01 2.400000000000000000e+01 2.500000000000000000e+01 2.600000000000000000e+01 2.700000000000000000e+01 2.800000000000000000e+01 2.900000000000000000e+01 3.000000000000000000e+01 3.100000000000000000e+01 3.200000000000000000e+01 3.300000000000000000e+01 3.400000000000000000e+01 3.500000000000000000e+01 3.600000000000000000e+01 3.700000000000000000e+01 3.800000000000000000e+01 3.900000000000000000e+01 4.000000000000000000e+01 4.100000000000000000e+01 4.200000000000000000e+01 4.300000000000000000e+01 4.400000000000000000e+01 4.500000000000000000e+01 4.600000000000000000e+01 4.700000000000000000e+01 4.800000000000000000e+01 4.900000000000000000e+01 5.000000000000000000e+01 5.100000000000000000e+01 5.200000000000000000e+01 5.300000000000000000e+01 5.400000000000000000e+01 5.500000000000000000e+01 5.600000000000000000e+01 5.700000000000000000e+01 5.800000000000000000e+01 5.900000000000000000e+01 6.000000000000000000e+01 6.100000000000000000e+01 6.200000000000000000e+01 6.300000000000000000e+01 6.400000000000000000e+01 6.500000000000000000e+01 6.600000000000000000e+01 6.700000000000000000e+01 6.800000000000000000e+01 6.900000000000000000e+01 7.000000000000000000e+01 7.100000000000000000e+01 7.200000000000000000e+01 7.300000000000000000e+01 7.400000000000000000e+01 7.500000000000000000e+01 7.600000000000000000e+01 7.700000000000000000e+01 7.800000000000000000e+01 7.900000000000000000e+01 8.000000000000000000e+01 8.100000000000000000e+01 8.200000000000000000e+01 8.300000000000000000e+01 8.400000000000000000e+01 8.500000000000000000e+01 8.600000000000000000e+01 8.700000000000000000e+01 8.800000000000000000e+01 8.900000000000000000e+01 9.000000000000000000e+01 9.100000000000000000e+01 9.200000000000000000e+01 9.300000000000000000e+01 9.400000000000000000e+01 9.500000000000000000e+01 9.600000000000000000e+01 9.700000000000000000e+01 9.800000000000000000e+01 9.900000000000000000e+01 1.000000000000000000e+02
2.000000000000000111e-01 2.000000000000000111e-01 2.000000000000000111e-01 2.000000000000000111e-01 2.000000000000000111e-01 2.000000000000000111e-01 2.000000000000000111e-01 2.000000000000000111e-01 2.000000000000000111e-01 2.000000000000000111e-01 2.000000000000000111e-01 2.000000000000000111e-01 2.000000000000000111e-01 2.000000000000000111e-01 2.000000000000000111e-01 2.000000000000000111e-01 2.000000000000000111e-01 2.000000000000000111e-01 2.000000000000000111e-01 2.000000000000000111e-01 2.000000000000000111e-01 2.000000000000000111e-01 2.000000000000000111e-01 2.000000000000000111e-01 2.000000000000000111e-01 2.000000000000000111e-01 2.000000000000000111e-01 2.000000000000000111e-01 2.000000000000000111e-01 2.000000000000000111e-01 2.000000000000000111e-01 2.000000000000000111e-01 2.000000000000000111e-01 2.000000000000000111e-01 2.000000000000000111e-01 2.000000000000000111e-01 2.000000000000000111e-01 2.000000000000000111e-01 2.000000000000000111e-01 2.000000000000000111e-01 2.000000000000000111e-01 2.000000000000000111e-01 2.000000000000000111e-01 2.000000000000000111e-01 2.000000000000000111e-01 2.000000000000000111e-01 2.000000000000000111e-01 2.000000000000000111e-01 2.000000000000000111e-01 2.000000000000000111e-01 2.000000000000000111e-01 2.000000000000000111e-01 2.000000000000000111e-01 2.000000000000000111e-01 2.000000000000000111e-01 2.000000000000000111e-01 2.000000000000000111e-01 2.000000000000000111e-01 2.000000000000000111e-01 2.000000000000000111e-01 2.000000000000000111e-01 2.000000000000000111e-01 2.000000000000000111e-01 2.000000000000000111e-01 2.000000000000000111e-01 2.000000000000000111e-01 2.000000000000000111e-01 2.000000000000000111e-01 2.000000000000000111e-01 2.000000000000000111e-01 2.000000000000000111e-01 2.000000000000000111e-01 2.000000000000000111e-01 2.000000000000000111e-01 2.000000000000000111e-01 2.000000000000000111e-01 2.000000000000000111e-01 2.000000000000000111e-01 2.000000000000000111e-01 2.000000000000000111e-01 2.000000000000000111e-01 2.000000000000000111e-01 2.000000000000000111e-01 2.000000000000000111e-01 2.000000000000000111e-01 2.000000000000000111e-01 2.000000000000000111e-01 2.000000000000000111e-01 2.000000000000000111e-01 2.000000000000000111e-01 2.000000000000000111e-01 2.000000000000000111e-01 2.000000000000000111e-01 2.000000000000000111e-01 2.000000000000000111e-01 2.000000000000000111e-01 2.000000000000000111e-01 2.000000000000000111e-01 2.000000000000000111e-01 2.000000000000000111e-01
3.065549160124669115e+01 3.894220505504152641e+01 1.651034625371121933e+01 7.135349334703395385e+00 1.322506755314003613e+01 5.798488381658210677e+00 5.440488741747905088e+00 1.135836255529738992e+01 3.944367783179816200e+01 -3.252868508619911836e+00 2.692632140790398587e+00 -3.442208959983538819e+01 2.137974757077488874e+01 -5.253314527706447912e+00 -2.965148286891734486e+01 -7.612592646530750073e+00 -2.804602754844494683e+01 6.723572309887654086e+00 -4.896232162565242740e-01 5.258285006216355306e+00 -1.168593853717465159e+01 -2.999900973624728451e+01 -2.832923769973773886e+01 9.026161266670357231e-01 1.980040459218783511e+01 -1.190020869657901592e+01 -5.414206188553241539e+00 1.565443673735621211e+01 2.586281353362759106e+01 -3.126672366704455808e+00 -7.006097914846508345e+00 1.697092080183534080e+01 1.824351738985970917e-01 6.985733987189685301e+00 -2.207841767095246155e+01 3.377605865606144420e+01 3.341686330249342518e+01 1.574518741373932151e+01 -4.656590077310030829e+00 -2.693928288383930170e+00 6.541419631366927057e+00 2.304967241847343473e+01 -7.562031445916939099e+00 7.080757626853170450e+00 -1.171885838451412987e+01 1.175483228577106942e+01 6.881875508305126843e+00 7.635790987259606588e+00 4.141418694356279673e+01 1.941135444089789530e+01 -1.185848029021439265e+00 -1.436137513957189249e+01 1.957844420875073155e+01 -7.608360738627961695e+00 1.649883340025752787e+01 1.467311543506469462e+01 2.064508653199249011e+01 5.538972678194739707e+00 -1.797305020873238846e+01 -1.198224604250803083e+01 -6.151623903419788597e+00 -3.863817209106488804e+01 -1.919157370220750636e+01 2.681426152515342665e+01 -6.825786912747389135e-01 -2.981488889435558232e+00 3.759261245144943331e+01 -4.159855274683011750e+00 1.112415740825090182e+01 -1.282528606944837435e+01 1.581795574554030281e+01 -8.105371482570618014e+00 -2.957640150433841764e-01 -7.343820625496818577e-01 -8.056324757989704821e+00 1.099388079677831920e+00 -1.037993601743747440e+01 -8.572704399919826912e+00 -2.009201274430829187e+01 -3.597198000499250981e+01 -1.107720678765882383e+01 -5.175027321690140347e+00 2.002496864998807169e+01 -2.548332660056651022e+01 2.466951154329678708e+00 1.207320895896543966e+01 -2.750809802500289791e+01 -8.807638934677536113e+00 -3.364859437198804670e+01 1.536602569030171894e+00 6.934639328333423336e+00 6.776774141004069385e+00 8.580187461451986408e+00 3.587658457800610989e+01 -1.202616146339521386e+01 1.058040479490386687e+01 1.198755544269490336e+01 -8.359241837741892667e+00 -2.362629249199731163e+00 1.013032115799458310e+01
6.953851610363566138e+00 3.245436085187593989e+01 -2.630286627531075450e+00 2.503188516242731865e+00 2.114502880365566995e+00 2.596383669592230348e+01 -1.484242464149362561e+01 1.502211648807981170e+01 -2.527390129677150554e+01 2.663649903526510698e+01 6.571643400399631574e+00 -6.045890546034718760e+00 2.089478820743636689e+01 -1.822152932527828995e+01 3.390048361594882920e+01 -2.177079069946467982e+01 -3.696807316578988978e+00 -8.876770375591068074e+00 7.443494858189279029e+00 -1.102357123459301924e+01 -6.248010253066809128e+00 3.083366490039458618e+00 8.042244597957390440e+00 1.266986630523013346e+01 -2.145862664399487940e+01 -1.513244661496635501e+01 9.759575541782303798e-01 8.092162317812888972e+00 3.294668993517337441e+01 -1.860740241046124055e+01 2.124343098938953744e+01 6.192180143421913918e+00 3.103452254667336874e+01 3.272525375521475155e+01 1.684590087017572557e+01 -7.187854084357566009e+00 2.572837781879776742e+01 -1.496632472092781363e+01 1.394457841599698256e+01 1.067223697591411735e+01 -1.910503151764121554e+01 -1.207013526170621809e+01 3.213623393102107428e+01 -1.337941070481049444e+01 5.527312718340863240e-01 1.001991324859951149e+01 -1.899494954539914815e+01 2.896385734113059218e+00 1.641318141351385052e+01 -2.286762253443229298e+01 2.977426319766135165e+01 -1.710621220036591561e+00 -1.876687993093320017e+01 -8.654756756392039563e+00 1.521477588332113218e+00 -1.738151359478123226e+01 5.507792565304939103e+00 1.488985110434740378e+01 1.184451721469652696e+01 -7.916094226376650056e+00 -2.389348116757174267e+01 1.086525364350346479e+01 9.064836868564304373e-01 -2.246711388350683336e+01 -2.029880495792594886e+01 1.341185005358895310e+01 2.322612801488754641e+01 1.910952600313779826e+01 -2.809913791397010741e+01 4.864376242739057332e+00 5.513044275680372586e+00 -1.641219819704570426e+01 6.588879371772560667e+00 -1.661205703843452852e+01 8.367016426829996689e+00 2.719818796196745936e+00 -4.134519693425501963e+00 -9.433718557395623705e+00 1.357562813660974754e+01 7.407348896781425829e+00 -6.904161792826874589e+00 -5.369951785936213362e+00 1.876151130768592523e+01 9.054874076521667092e+00 -5.549214864253644741e+00 -1.260946386337570502e+01 1.060704599449616836e+01 -1.036218405461403158e+01 3.280720398481412392e+00 -5.402514700609227560e+00 -4.818213236581021164e+01 -1.133699771363476216e+01 -2.017687499838509702e+00 -1.920916064796408973e+00 2.669889999918211743e+01 -1.816425456135833372e+01 2.262316730935698672e+01 4.003733081533133742e+01 1.975669246731733608e+01 -6.941519423630280627e+00
1.700840490764774415e+01 -1.698310270690562263e+01 -1.793655199270330236e+00 2.527205977119398383e+01 7.713522206444652696e+00 -3.565243853762799286e+00 -4.436571598196859156e+01 -1.289712345067709975e+01 7.951863797795960531e-01 2.553432616255532750e+01 -1.542774632883918429e+01 2.716970202355931452e+00 -6.731056831508436034e+00 -2.467686827581612974e+01 -8.856738689741257886e+00 1.351107917381898282e+01 -1.556128487888144285e+01 -2.051689505508002043e+01 1.156040312195044661e+00 -6.304264571240251414e+00 -1.413056852349252601e+01 -6.982272426006662869e+00 -1.576696748005071491e+01 2.241420242236312532e+00 6.991745689813143372e+00 -1.005899385707042093e+01 -2.024776313838560071e+01 -2.669659945307695281e+01 2.048479595508994677e+01 1.832392248698545600e+01 3.619370066759205695e+00 1.227990387902709202e+01 2.205426332955517932e+00 -2.342122068898226672e+01 -2.038634873437337092e+01 -1.298920939159008192e+01 3.245439448554785855e+01 3.319294919261914600e+01 1.646037862737458113e+01 1.602555506576150890e+01 5.182749804124305193e+00 -2.600327152197755343e+00 1.168298168913097079e+01 9.370805061517762269e+00 -1.104973717478858397e+01 -3.619809827535024560e+00 -2.591488123336381122e+01 1.103528774602552787e+01 -1.586297301167780205e+01 -8.021344290182042869e+00 -1.294223778307975792e+01 -1.152984799558765339e+01 -1.994064989573735502e+01 3.353124346650644583e+01 -2.129549297059824653e+01 -2.684473924896733621e+01 1.600227035230466299e+01 -1.131339908903562552e+01 -1.396158451639694320e+01 3.029402846650765535e-01 -1.118467738310259385e+01 -2.784046546425504687e+01 -1.285197815857411818e+01 4.640760630991978886e+00 9.093381197982493447e+00 1.431142092139149291e+01 -6.415686949309695741e+00 1.138702504197067356e+01 -4.227389332056246674e-01 -1.705799880251751111e+00 1.366346135197756340e+01 -7.125883121749321703e+00 3.926211107487879559e+01 -6.012422357178768273e+00 -2.677568176802157041e+01 4.034700117269450992e+00 -2.474705052009524309e+01 7.229733176061408528e+00 2.597100256987730660e+01 1.176311509667416999e+01 -2.308623140584740607e+00 -2.912522364974892497e+01 -1.413443981590053689e+01 -1.000620989306444564e+01 1.201720424511554697e+01 -2.403995133677046070e+01 -2.065965209974219263e+01 -9.136162969245911203e-01 9.104143728996234586e+00 1.692597164599976889e+00 3.398985483197331803e+01 -6.793190385159496358e+00 -3.528899570253729934e+01 1.772848065541996121e+01 4.976043598559342307e+00 2.104705775376417520e+01 -1.091481477109884501e+01 -1.842089597849788518e+01 1.698367166365961412e+00 6.430730644299583965e+00
1.024900470742255898e+01 1.301951983666279311e+01 5.519855818823320881e+00 2.385553007313167662e+00 4.421496389801657045e+00 1.938591392568289384e+00 1.818915198729158744e+00 3.797405272467966775e+00 1.318716614806281484e+01 -1.087527980239396008e+00 9.002202504105739633e-01 -1.150829170613680041e+01 7.147846102129550516e+00 -1.756323922649524860e+00 -9.913352298290623921e+00 -2.545078718943917906e+00 -9.376573569458136248e+00 2.247885449911009914e+00 -1.636784658723782482e-01 1.758256496914625711e+00 -3.906942500233111737e+00 -1.002950763255193323e+01 -9.471251076625556209e+00 3.017590156705567961e-01 6.619844368602025853e+00 -3.978533797964391105e+00 -1.810134566068291484e+00 5.233721960006832319e+00 8.646694995136122941e+00 -1.045330376557147334e+00 -2.342303230007920956e+00 5.673729868622534589e+00 6.098889501368633115e-02 2.335531431310875039e+00 -7.381455131443870776e+00 1.129230470526843888e+01 1.117223737077602941e+01 5.264071804600450655e+00 -1.556732184214258519e+00 -9.006811697508766423e-01 2.186975275332120994e+00 7.706148733682072205e+00 -2.528200658083493479e+00 2.367290380948670947e+00 -3.917999772750299758e+00 3.929956220134209310e+00 2.300822866667133759e+00 2.552875150086217015e+00 1.384596731875437925e+01 6.489766254726513139e+00 -3.964566152461135862e-01 -4.801367115197416879e+00 6.545618599582279096e+00 -2.543688702490363163e+00 5.516018564522736867e+00 4.905624278753107248e+00 6.902193845866317012e+00 1.851857956939203076e+00 -6.008916504350035659e+00 -4.005917495755445756e+00 -2.056657887181650768e+00 -1.291786056941149319e+01 -6.416254426275540546e+00 8.964763692406355844e+00 -2.281957375927350373e-01 -9.968469609320088631e-01 1.256830268615608581e+01 -1.390751867312803869e+00 3.719126650637639919e+00 -4.287841800970016770e+00 5.288523448879406175e+00 -2.709856203498628435e+00 -9.888038321108703899e-02 -2.455304904486475537e-01 -2.693460233621955080e+00 3.675605911068801079e-01 -3.470288333872456832e+00 -2.866079516230250146e+00 -6.717334217132199470e+00 -1.202646189049626102e+01 -3.703412967597969452e+00 -1.730166192732448760e+00 6.694902934510097658e+00 -8.519799749539755496e+00 8.247862020160022789e-01 4.036410070044979648e+00 -9.196739059889374346e+00 -2.944677347835885417e+00 -1.124970484964732442e+01 5.137319141601499606e-01 2.318455520014137683e+00 2.265372666284946490e+00 2.868601474823615050e+00 1.199457470256687230e+01 -4.020662187683125666e+00 3.537329482485674248e+00 4.007778510003969785e+00 -2.794734146594975766e+00 -7.899091571172573989e-01 3.386831381294304943e+00
2.324866466231448214e+00 1.085043933953111406e+01 -8.793823390837974818e-01 8.368894718020852830e-01 7.069451032762625875e-01 8.680438550224371497e+00 -4.962252389907853889e+00 5.022328040772127800e+00 -8.449800009394987654e+00 8.905346834029339576e+00 2.197085080184979944e+00 -2.021302191961438677e+00 6.985719913594748753e+00 -6.091963466623061763e+00 1.133391682156360147e+01 -7.278577574862070243e+00 -1.235925712355643524e+00 -2.967765301318932902e+00 2.488571799785865402e+00 -3.685547095457421207e+00 -2.088853086385023428e+00 1.030867444541326172e+00 2.688760896438148418e+00 4.235873156449051713e+00 -7.174226671028613112e+00 -5.059186632996935273e+00 3.262801712719807234e-01 2.705432004245163391e+00 1.101503806917800610e+01 -6.220983832252337642e+00 7.102274711007479091e+00 2.070127387607291869e+00 1.037570928669885184e+01 1.094099653601464794e+01 5.632043613467204501e+00 -2.403108868877369630e+00 8.601752490348358648e+00 -5.003675283274984231e+00 4.662015035376345651e+00 3.568144733762480758e+00 -6.387326759965459289e+00 -4.035392646077891499e+00 1.074405229907616466e+01 -4.473105193741828245e+00 1.847383827103108445e-01 3.349940856238399878e+00 -6.350534042415238112e+00 9.683381359615587103e-01 5.487411639611931236e+00 -7.645290124935927523e+00 9.954384587066829937e+00 -5.718728163168768086e-01 -6.274297442392572144e+00 -2.893532978953447632e+00 5.086763297814069773e-01 -5.811120881293258655e+00 1.841412272690283292e+00 4.978095120405807705e+00 3.959939623657832364e+00 -2.646563252654562604e+00 -7.988237428549290087e+00 3.632571464207394740e+00 3.030586969568966893e-01 -7.511396680074509113e+00 -6.786444543160897958e+00 4.483932599325826551e+00 7.765170584666558184e+00 6.388828993826854763e+00 -9.394325271257462973e+00 1.626283654263511069e+00 1.843229690304508894e+00 -5.487028914075099628e+00 2.202853612313373066e+00 -5.553852085315829079e+00 2.797317287725334722e+00 9.093218503029950606e-01 -1.382280365288012680e+00 -3.153952574999644654e+00 4.538727532870087344e+00 2.476471306548826412e+00 -2.308313959496523182e+00 -1.795322793945681061e+00 6.272511770068159187e+00 3.027285310612548130e+00 -1.855255877504994322e+00 -4.215719059888596298e+00 3.546230628750343783e+00 -3.464308238292108655e+00 1.096858108310144519e+00 -1.806210918615236638e+00 -1.610870633355370884e+01 -3.790217397998456583e+00 -6.745767133233909751e-01 -6.422108331836818840e-01 8.926193032637419478e+00 -6.072823568937445238e+00 7.563548237045641720e+00 1.338563973703383958e+01 6.605216125793361037e+00 -2.320740066108752941e+00
5.686396301907612916e+00 -5.677946547848870651e+00 -5.996607829482091256e-01 8.449152408790871149e+00 2.578866304367036566e+00 -1.191966375104242415e+00 -1.483274523547574297e+01 -4.311858457479370799e+00 2.658535163019691838e-01 8.536851045376888436e+00 -5.157923577496181800e+00 9.083547897984967090e-01 -2.250402480534515082e+00 -8.250175932493446496e+00 -2.961068701945354320e+00 4.517131507987047101e+00 -5.202577612264604134e+00 -6.859384143224076524e+00 3.865121329268716432e-01 -2.107774271969709456e+00 -4.724226473147730587e+00 -2.334395492441404762e+00 -5.271352612211354760e+00 7.493667642535232210e-01 2.337526654143919025e+00 -3.362983535253973866e+00 -6.769394809901222665e+00 -8.925426171729782254e+00 6.848665195676796102e+00 6.126181134979331588e+00 1.210057561327072984e+00 4.105676431953466654e+00 7.373319789996543028e-01 -7.830384945143322284e+00 -6.815730845665978421e+00 -4.342666788417340662e+00 1.085045281682434393e+01 1.109735815017269900e+01 5.503060172770538827e+00 5.357740947998316017e+00 1.732741309481208081e+00 -8.693629499710822106e-01 3.905943625207695113e+00 3.132900211449902717e+00 -3.694252738985517315e+00 -1.210208121918918245e+00 -8.664081445020391570e+00 3.689382919596257970e+00 -5.303451665267963300e+00 -2.681761655759150376e+00 -4.326955983600263345e+00 -3.854757032184150223e+00 -6.666737844447089500e+00 1.121045921210411045e+01 -7.119693071877390977e+00 -8.974947067739323714e+00 5.349974585834703866e+00 -3.782385673114121882e+00 -4.667759292619814815e+00 1.011736534509396351e-01 -3.739350279238577990e+00 -9.307874309654799561e+00 -4.296774732830860977e+00 1.551536229130631384e+00 3.040168790806217380e+00 4.784804388192057445e+00 -2.144958870562950537e+00 3.806997747676914567e+00 -1.413340007291581102e-01 -5.703180376047402023e-01 4.567917751854084329e+00 -2.382397624945108650e+00 1.312645746980929040e+01 -2.010123153847516608e+00 -8.951859670110794198e+00 1.348900049377646626e+00 -8.273629736189207051e+00 2.417061300465958684e+00 8.682850231674041908e+00 3.932729769156279254e+00 -7.717639830368743237e-01 -9.737369758217226945e+00 -4.725531846806924285e+00 -3.345392502439109794e+00 4.017657492597836999e+00 -8.037243311773700327e+00 -6.907083662050665929e+00 -3.054623582465081921e-01 3.043778486900661662e+00 5.658819739530669413e-01 1.136380981750611774e+01 -2.271057107151666088e+00 -1.179811758914616249e+01 5.927141876012052890e+00 1.663632832308495901e+00 7.036620610435695866e+00 -3.649131579723915220e+00 -6.158639581853265987e+00 5.678277754379207343e-01 2.149969047276035994e+00
1.764018676967306964e+00 2.240876379378464733e+00 9.500502895385323221e-01 4.105926364434040465e-01 7.610056569093592849e-01 3.336606954146159043e-01 3.130657340404069955e-01 6.535899139927451307e-01 2.269728490755569705e+00 -1.871813896462506954e-01 1.549415592515279994e-01 -1.980763680312992658e+00 1.230256207404500479e+00 -3.022894546179456521e-01 -1.706251473051450640e+00 -4.380421897057720781e-01 -1.613856088112975540e+00 3.868981361193966073e-01 -2.816767076263449951e-02 3.026881324723409428e-01 -6.724477213411359511e-01 -1.726235684081846689e+00 -1.630149730248834139e+00 5.193483424297097584e-02 1.139382909129211585e+00 -6.847586935451551726e-01 -3.115559987208312287e-01 9.008071849740253434e-01 1.488240058820036404e+00 -1.799168862630939891e-01 -4.031395558045536842e-01 9.765078749149067594e-01 1.049610246353752802e-02 4.019828987154105970e-01 -1.270469854901532747e+00 1.943588733620685405e+00 1.922928550692145189e+00 9.060331489381109327e-01 -2.679146340104869295e-01 -1.550276116740467447e-01 3.764117515306001360e-01 1.326348870159783644e+00 -4.351435354085157470e-01 4.074466495451207204e-01 -6.743633384697798050e-01 6.764040207749003608e-01 3.960124763529442871e-01 4.393939634903623048e-01 2.383119702765483794e+00 1.116992530658037053e+00 -6.823505812858066122e-02 -8.263803848916486672e-01 1.126603053463067772e+00 -4.378089948414161658e-01 9.493927160444491919e-01 8.443328830971209564e-01 1.187967184885619032e+00 3.187397989285109534e-01 -1.034234533271676693e+00 -6.894612137325870638e-01 -3.539826247782321134e-01 -2.223376167085572064e+00 -1.104331955533849330e+00 1.542978104566850917e+00 -3.927377774613515643e-02 -1.715856500187278033e-01 2.163212240169374745e+00 -2.393692392127576285e-01 6.401224664312608059e-01 -7.380024662878802433e-01 9.102716889098099173e-01 -4.664097403401690212e-01 -1.701842850777721475e-02 -4.226112167951603937e-02 -4.635881554681546279e-01 6.326402374140871476e-02 -5.972875664708633403e-01 -4.932935596447937665e-01 -1.156161733425541849e+00 -2.069948534489868042e+00 -6.374138088468931373e-01 -2.977911654570685740e-01 1.152296921445426170e+00 -1.466393998233056939e+00 1.419624180679719405e-01 6.947292318334898908e-01 -1.582906272415626869e+00 -5.068343080990408422e-01 -1.936260288666720619e+00 8.842198769588531515e-02 3.990454405054453813e-01 3.898348832683470877e-01 4.937325400337364001e-01 2.064461752319943777e+00 -6.920142453476239019e-01 6.088309882751505864e-01 6.898024615338513854e-01 -4.810190499208918391e-01 -1.359596983772873025e-01 5.829224072156098391e-01
4.001458790177212510e-01 1.867540462129974932e+00 -1.513564739274694260e-01 1.440426833013518093e-01 1.216782183236713027e-01 1.494040226123764414e+00 -8.540851487205749493e-01 8.644250242671102091e-01 -1.454350084104462537e+00 1.532754968573381227e+00 3.781530632724218743e-01 -3.478958740087655932e-01 1.202354007552658199e+00 -1.048521750120502416e+00 1.950754089990611950e+00 -1.252755884446516532e+00 -2.127172624334400242e-01 -5.108021075703136349e-01 4.283230883320507942e-01 -6.343549037462508089e-01 -3.595167484850292361e-01 1.774313484200918667e-01 4.627812880522074734e-01 7.290560261546442655e-01 -1.234798931790030974e+00 -8.707621809927864609e-01 5.615556977726170185e-02 4.656463152772646330e-01 1.895870329424104384e+00 -1.070731153620055665e+00 1.222413399410875012e+00 3.562790982614283952e-01 1.785822610729999704e+00 1.883124371463731128e+00 9.693601801160648401e-01 -4.136147766153983052e-01 1.480505506729592913e+00 -8.612145894189738859e-01 8.023944160535260162e-01 6.141623567882135148e-01 -1.099354464730876391e+00 -6.945566018127260488e-01 1.849222684178476905e+00 -7.698901871774840311e-01 3.178294158584639428e-02 5.765783103781366714e-01 -1.093024482689981536e+00 1.666650740562307942e-01 9.444760627658131957e-01 -1.315875550878640388e+00 1.713309728106288343e+00 -9.841959326688325127e-02 -1.079906243486607798e+00 -4.980238634681015686e-01 8.755211503106202775e-02 -1.000183884113929444e+00 3.169367432448486621e-01 8.568087005143425472e-01 6.815644461914214247e-01 -4.555130384962605139e-01 -1.374895850727169133e+00 6.252258324947534973e-01 5.216014926565608334e-02 -1.292832286202395764e+00 -1.168050348776642045e+00 7.717493724269921529e-01 1.336514232518138723e+00 1.099612925553081322e+00 -1.616910319309609934e+00 2.799056985273933318e-01 3.172645764012392289e-01 -9.443970321239478771e-01 3.791473957004350970e-01 -9.558995116946852333e-01 4.814597216155931392e-01 1.565110941378046738e-01 -2.379108906011671021e-01 -5.428439437499961162e-01 7.811900268085665289e-01 4.262365325164075291e-01 -3.973115991937806180e-01 -3.090026921133113835e-01 1.079601144636119114e+00 5.210403357854189732e-01 -3.193182200422148842e-01 -7.255969662875273452e-01 6.103616139442337163e-01 -5.962473047683187755e-01 1.887917492586559387e-01 -3.108770581349934448e-01 -2.772578851231502828e+00 -6.523417866517806640e-01 -1.161070367534332848e-01 -1.105333194667190294e-01 1.536338982809052123e+00 -1.045229582325140738e+00 1.301803158151329409e+00 2.303888618251275666e+00 1.136861734355744558e+00 -3.994348312541988744e-01
9.787207452666917273e-01 -9.772687191911683113e-01 -1.032090120180662457e-01 1.454230843951307417e+00 4.438682859041442885e-01 -2.051575061272656320e-01 -2.552959486211028306e+00 -7.421359663725919376e-01 4.575767952996181998e-02 1.469328968333351915e+00 -8.877587935556040533e-01 1.563410674476759799e-01 -3.873349489220058728e-01 -1.419986958401495247e+00 -5.096496523978663040e-01 7.774692354843095732e-01 -8.954464914357432859e-01 -1.180610728849596391e+00 6.652859006739994530e-02 -3.628011295244225609e-01 -8.131092310239433907e-01 -4.017925889727989031e-01 -9.072860765946729744e-01 1.289771276541103462e-01 4.023227370748657661e-01 -5.788175416628645875e-01 -1.165119470027781157e+00 -1.536207548497128705e+00 1.178768918455805892e+00 1.054407437976517592e+00 2.082701332563250129e-01 7.066906705557510771e-01 1.269055049631151177e-01 -1.347736071402079405e+00 -1.173095358995793536e+00 -7.474437836152885151e-01 1.867543325687315736e+00 1.910036161071936744e+00 9.471375450917943750e-01 9.221390951885699572e-01 2.982327451336862500e-01 -1.496312248332214712e-01 6.722732854468567165e-01 5.392159646009470064e-01 -6.358429458382081068e-01 -2.082969087268481123e-01 -1.491227365877801248e+00 6.349952787977251045e-01 -9.128112462594751841e-01 -4.615737623818151336e-01 -7.447380307259520160e-01 -6.634657739774248997e-01 -1.147455364384475596e+00 1.929502587270387481e+00 -1.225414438787164606e+00 -1.544729317719289119e+00 9.208068586684653445e-01 -6.510079589920407805e-01 -8.033973830221124990e-01 1.738731693499433878e-02 -6.436008607102225998e-01 -1.602038174863695152e+00 -7.395421614257740028e-01 2.670437885320663396e-01 5.232600928174087063e-01 8.235633988454127419e-01 -3.691848305365117433e-01 6.552433184717949555e-01 -2.432593553284193369e-02 -9.816591113668948765e-02 7.861714884835041550e-01 -4.100518450377512725e-01 2.259278152784988780e+00 -3.459742985453267972e-01 -1.540755723745295791e+00 2.321637039986772233e-01 -1.424021269903768649e+00 4.160042913332170911e-01 1.494459195014251174e+00 6.768824573998615257e-01 -1.328148374885832761e-01 -1.675952524337426031e+00 -8.133366086986316690e-01 -5.758035216722812155e-01 6.914946426838343152e-01 -1.383339500267122713e+00 -1.188813705928174924e+00 -5.257849331455993758e-02 5.238841753442424753e-01 9.739702893007295970e-02 1.955902481271607041e+00 -3.908610749165752352e-01 -2.030646030359108067e+00 1.020157841085217676e+00 2.863378931539649619e-01 1.211113045475073591e+00 -6.280737605665563938e-01 -1.060003181246413018e+00 9.773600745232112474e-02 3.700424464002683433e-01
