# 
#                 ----------------------------------------------------
#                 Data from a 3D direct N-body simulation. 
# 
#                 rows are i-particle; 
#                 coumns are :mass, tag, x ,y, z, vx, vy, vz, ax, ay, az
# 
#                 NTHU, Computational Physics Lab
# 
#                 ----------------------------------------------------
#                 Time = 1.9000000000000015
1.000000000000000000e+00 2.000000000000000000e+00 3.000000000000000000e+00 4.000000000000000000e+00 5.000000000000000000e+00 6.000000000000000000e+00 7.000000000000000000e+00 8.000000000000000000e+00 9.000000000000000000e+00 1.000000000000000000e+01 1.100000000000000000e+01 1.200000000000000000e+01 1.300000000000000000e+01 1.400000000000000000e+01 1.500000000000000000e+01 1.600000000000000000e+01 1.700000000000000000e+01 1.800000000000000000e+01 1.900000000000000000e+01 2.000000000000000000e+01 2.100000000000000000e+01 2.200000000000000000e+01 2.300000000000000000e+01 2.400000000000000000e+01 2.500000000000000000e+01 2.600000000000000000e+01 2.700000000000000000e+01 2.800000000000000000e+01 2.900000000000000000e+01 3.000000000000000000e+01 3.100000000000000000e+01 3.200000000000000000e+01 3.300000000000000000e+01 3.400000000000000000e+01 3.500000000000000000e+01 3.600000000000000000e+01 3.700000000000000000e+01 3.800000000000000000e+01 3.900000000000000000e+01 4.000000000000000000e+01 4.100000000000000000e+01 4.200000000000000000e+01 4.300000000000000000e+01 4.400000000000000000e+01 4.500000000000000000e+01 4.600000000000000000e+01 4.700000000000000000e+01 4.800000000000000000e+01 4.900000000000000000e+01 5.000000000000000000e+01 5.100000000000000000e+01 5.200000000000000000e+01 5.300000000000000000e+01 5.400000000000000000e+01 5.500000000000000000e+01 5.600000000000000000e+01 5.700000000000000000e+01 5.800000000000000000e+01 5.900000000000000000e+01 6.000000000000000000e+01 6.100000000000000000e+01 6.200000000000000000e+01 6.300000000000000000e+01 6.400000000000000000e+01 6.500000000000000000e+01 6.600000000000000000e+01 6.700000000000000000e+01 6.800000000000000000e+01 6.900000000000000000e+01 7.000000000000000000e+01 7.100000000000000000e+01 7.200000000000000000e+01 7.300000000000000000e+01 7.400000000000000000e+01 7.500000000000000000e+01 7.600000000000000000e+01 7.700000000000000000e+01 7.800000000000000000e+01 7.900000000000000000e+01 8.000000000000000000e+01 8.100000000000000000e+01 8.200000000000000000e+01 8.300000000000000000e+01 8.400000000000000000e+01 8.500000000000000000e+01 8.600000000000000000e+01 8.700000000000000000e+01 8.800000000000000000e+01 8.900000000000000000e+01 9.000000000000000000e+01 9.100000000000000000e+01 9.200000000000000000e+01 9.300000000000000000e+01 9.400000000000000000e+01 9.500000000000000000e+01 9.600000000000000000e+01 9.700000000000000000e+01 9.800000000000000000e+01 9.900000000000000000e+01 1.000000000000000000e+02
2.000000000000000111e-01 2.000000000000000111e-01 2.000000000000000111e-01 2.000000000000000111e-01 2.000000000000000111e-01 2.000000000000000111e-01 2.000000000000000111e-01 2.000000000000000111e-01 2.000000000000000111e-01 2.000000000000000111e-01 2.000000000000000111e-01 2.000000000000000111e-01 2.000000000000000111e-01 2.000000000000000111e-01 2.000000000000000111e-01 2.000000000000000111e-01 2.000000000000000111e-01 2.000000000000000111e-01 2.000000000000000111e-01 2.000000000000000111e-01 2.000000000000000111e-01 2.000000000000000111e-01 2.000000000000000111e-01 2.000000000000000111e-01 2.000000000000000111e-01 2.000000000000000111e-01 2.000000000000000111e-01 2.000000000000000111e-01 2.000000000000000111e-01 2.000000000000000111e-01 2.000000000000000111e-01 2.000000000000000111e-01 2.000000000000000111e-01 2.000000000000000111e-01 2.000000000000000111e-01 2.000000000000000111e-01 2.000000000000000111e-01 2.000000000000000111e-01 2.000000000000000111e-01 2.000000000000000111e-01 2.000000000000000111e-01 2.000000000000000111e-01 2.000000000000000111e-01 2.000000000000000111e-01 2.000000000000000111e-01 2.000000000000000111e-01 2.000000000000000111e-01 2.000000000000000111e-01 2.000000000000000111e-01 2.000000000000000111e-01 2.000000000000000111e-01 2.000000000000000111e-01 2.000000000000000111e-01 2.000000000000000111e-01 2.000000000000000111e-01 2.000000000000000111e-01 2.000000000000000111e-01 2.000000000000000111e-01 2.000000000000000111e-01 2.000000000000000111e-01 2.000000000000000111e-01 2.000000000000000111e-01 2.000000000000000111e-01 2.000000000000000111e-01 2.000000000000000111e-01 2.000000000000000111e-01 2.000000000000000111e-01 2.000000000000000111e-01 2.000000000000000111e-01 2.000000000000000111e-01 2.000000000000000111e-01 2.000000000000000111e-01 2.000000000000000111e-01 2.000000000000000111e-01 2.000000000000000111e-01 2.000000000000000111e-01 2.000000000000000111e-01 2.000000000000000111e-01 2.000000000000000111e-01 2.000000000000000111e-01 2.000000000000000111e-01 2.000000000000000111e-01 2.000000000000000111e-01 2.000000000000000111e-01 2.000000000000000111e-01 2.000000000000000111e-01 2.000000000000000111e-01 2.000000000000000111e-01 2.000000000000000111e-01 2.000000000000000111e-01 2.000000000000000111e-01 2.000000000000000111e-01 2.000000000000000111e-01 2.000000000000000111e-01 2.000000000000000111e-01 2.000000000000000111e-01 2.000000000000000111e-01 2.000000000000000111e-01 2.000000000000000111e-01 2.000000000000000111e-01
8.351078036116982517e+00 1.060848347818818027e+01 4.497727601674114339e+00 1.943787919716259083e+00 3.602758286167806911e+00 1.579617194918033096e+00 1.482076167637596864e+00 3.094234173956181611e+00 1.074510550891565330e+01 -8.861352226365656337e-01 7.335229412723228704e-01 -9.377156436935319306e+00 5.824222813578620261e+00 -1.431102920706308401e+00 -8.077549509591154475e+00 -2.073833247560356252e+00 -7.640230969709426390e+00 1.831611368210913637e+00 -1.334013910764838273e-01 1.432134709372320014e+00 -3.183448540355867884e+00 -8.172260813093492615e+00 -7.717391431209171593e+00 2.459014454906899572e-01 5.393961874203140994e+00 -3.241873355292091752e+00 -1.474908761921150724e+00 4.264538154599843978e+00 7.045448053618152962e+00 -8.517651472631861953e-01 -1.908622101601322507e+00 4.623325864544602481e+00 4.970366957953045728e-02 1.903031223053905707e+00 -6.014524226615098890e+00 9.201167129379005161e+00 9.103290103168157898e+00 4.289249101441184209e+00 -1.268651871814593157e+00 -7.338431945150456492e-01 1.782003382418227089e+00 6.279139794125588203e+00 -2.060028564904859749e+00 1.928929382500689016e+00 -3.192355466749817960e+00 3.202239502244977221e+00 1.874721392576599976e+00 2.080104564081340701e+00 1.128190122333099232e+01 5.287986987141779061e+00 -3.230525656146108204e-01 -3.912342703381319620e+00 5.333517622763086052e+00 -2.072650833324906738e+00 4.494577227117345863e+00 3.997226185488477856e+00 5.624129274449368054e+00 1.508884898123052043e+00 -4.896148940829348817e+00 -3.264273789114453095e+00 -1.675813487279326663e+00 -1.052567446445391575e+01 -5.228154104699818561e+00 7.304671426639901100e+00 -1.859577038249522474e-01 -8.121485453312596858e-01 1.024084322279020398e+01 -1.133222967842742790e+00 3.030405509744361403e+00 -3.493846526585929091e+00 4.308925893652480354e+00 -2.208041880700780446e+00 -8.057348698835554990e-02 -2.000514741331844148e-01 -2.194678634138148343e+00 2.994874919460404072e-01 -2.827695378340473464e+00 -2.335374432815310541e+00 -5.473404556394124931e+00 -9.799375789931541902e+00 -3.017635315021280018e+00 -1.409757200205735250e+00 5.455160289253985439e+00 -6.942095485414363054e+00 6.720227103943081648e-01 3.288957092195853527e+00 -7.493677105535774707e+00 -2.399312062675540869e+00 -9.166425719950115791e+00 4.185944807776258436e-01 1.889104439278973091e+00 1.846461088590639177e+00 2.337388940487067579e+00 9.773381040987235480e+00 -3.276162659675882161e+00 2.882284192698319814e+00 3.265617837215073926e+00 -2.277198288920387004e+00 -6.436027645230439909e-01 2.759700314148573419e+00
1.894352801067744396e+00 8.841095217282498808e+00 -7.165318508441457235e-01 6.819085721626633179e-01 5.760188413670001006e-01 7.073005839219455915e+00 -4.043321248599739626e+00 4.092272911146021208e+00 -6.885024090789555906e+00 7.256228975433569595e+00 1.790230734168374971e+00 -1.647017088706675070e+00 5.692100249248214006e+00 -4.963870668137843722e+00 9.235046762466943449e+00 -5.930756043579911818e+00 -1.007099898831000484e+00 -2.418174003471698974e+00 2.027735629351257618e+00 -3.002945497310889333e+00 -1.702105906478670549e+00 8.399494812678587330e-01 2.190833358844930245e+00 3.451516331590519293e+00 -5.845700043821580039e+00 -4.122361959760948658e+00 2.658796782835369243e-01 2.204453003494639241e+00 8.975215137259878517e+00 -5.068974785977658826e+00 5.787084129931000298e+00 1.686968364124265651e+00 8.454351897440536945e+00 8.914902994506789469e+00 4.589135629990209964e+00 -1.958088693787751522e+00 7.008821679937948801e+00 -4.077074258649942884e+00 3.798806190684206552e+00 2.907166130750911570e+00 -5.204571570427845906e+00 -3.288107616878465755e+00 8.754465539938035334e+00 -3.644795071599937319e+00 1.506394256711266200e-01 2.729597136276114000e+00 -5.174570476489510185e+00 7.890321639016909527e-01 4.471209660165090582e+00 -6.229539330031162336e+00 8.111016820510986491e+00 -4.660459604405956524e-01 -5.112424264799763307e+00 -2.357701858567723630e+00 4.144728354080344235e-01 -4.735037720180928389e+00 1.500416249929135137e+00 4.056256849374949347e+00 3.226672186569996104e+00 -2.156494018112654842e+00 -6.509032229184955831e+00 2.959871281555123357e+00 2.469471204390107089e-01 -6.120424408186605270e+00 -5.529769485517838312e+00 3.653653524486220494e+00 6.327176298461829163e+00 5.205796421525182183e+00 -7.654704624723148498e+00 1.325157977726168834e+00 1.501773565608255590e+00 -4.471006132301480918e+00 1.794918894742115523e+00 -4.525445531580510661e+00 2.279335423101643165e+00 7.409143711618590977e-01 -1.126322428008707854e+00 -2.569915680386809953e+00 3.698222725691122204e+00 2.017907749205338774e+00 -1.880744749348628009e+00 -1.462872476917595366e+00 5.110950790733181037e+00 2.466722417402698486e+00 -1.511706404115736424e+00 -3.435013851633048620e+00 2.889548575645636053e+00 -2.822913154383487999e+00 8.937005842158448621e-01 -1.471741485585809972e+00 -1.312557870795603954e+01 -3.088467567316878881e+00 -5.496449781569222592e-01 -5.232975946941549328e-01 7.273247379706021754e+00 -4.948257699862186776e+00 6.162961684641689253e+00 1.090682851013317212e+01 5.382070659110389954e+00 -1.890997350833235835e+00
4.633377159446022020e+00 -4.626473103997572167e+00 -4.886332772177386374e-01 6.884560448263499666e+00 2.101275833027008044e+00 -9.712287141009515734e-01 -1.208595083463223752e+01 -3.513417000057794226e+00 2.166222634870794417e-01 6.955987814538604042e+00 -4.202794921686454188e+00 7.401558642528320853e-01 -1.833632723759253125e+00 -6.722404657594086785e+00 -2.412716358853334242e+00 3.680656907965605296e+00 -4.239163223621499554e+00 -5.589150142034834623e+00 3.149073244030158869e-01 -1.717295139960876682e+00 -3.849437773509080341e+00 -1.902062798085581319e+00 -4.295183422145998797e+00 6.106057139246889864e-01 1.904686372385354876e+00 -2.740270846670470828e+00 -5.515846959039602204e+00 -7.272617959919569941e+00 5.580390680052887298e+00 4.991782510978039156e+00 9.859792723948241910e-01 3.345071050358725540e+00 6.008015454636199681e-01 -6.380335586504434886e+00 -5.553596557510276810e+00 -3.538477322877251918e+00 8.841101720910351958e+00 9.042313939681450918e+00 4.484222779133663295e+00 4.365704324913969536e+00 1.411868949697081099e+00 -7.083740503254535303e-01 3.182655329687914758e+00 2.552799109000659428e+00 -3.010123962513452156e+00 -9.860948601505055144e-01 -7.059657507656847741e+00 3.006234091033025635e+00 -4.321334978285980455e+00 -2.185153658377251951e+00 -3.525689622738083173e+00 -3.140926758079486181e+00 -5.432160565638936234e+00 9.134471487172609372e+00 -5.801251747493950006e+00 -7.312981456804741320e+00 4.359339286873046504e+00 -3.081969916180836933e+00 -3.803369128671854948e+00 8.265459266386028514e-02 -3.046904000092525155e+00 -7.584201388230447982e+00 -3.501107181294809134e+00 1.264225023182673491e+00 2.477201157508294838e+00 3.898569549642156851e+00 -1.747728299319303735e+00 3.102030667289755517e+00 -1.151608987055319083e-01 -4.646645130356286124e-01 3.722358219608677299e+00 -1.941197918328507965e+00 1.069565046246849960e+01 -1.637887480538680940e+00 -7.294168443650085543e+00 1.099139147337112155e+00 -6.741535549607858613e+00 1.969555556088048887e+00 7.074938979855335930e+00 3.204490677073160931e+00 -6.289970152595739661e-01 -7.934234076378246847e+00 -3.850479172599320599e+00 -2.725824728518395634e+00 3.273734519456922509e+00 -6.548889456785225605e+00 -5.628073210404691551e+00 -2.488675070191580796e-01 2.480119389262032126e+00 4.610940911433416001e-01 9.259376747265280372e+00 -1.850699875193711819e+00 -9.613323020910813810e+00 4.829533621222762640e+00 1.355559492335436156e+00 5.733589823901491300e+00 -2.973383988230194230e+00 -5.018155150132002085e+00 4.626460204862750114e-01 1.751849512974046563e+00
5.133348448447751622e+00 6.520977289516067366e+00 2.764707605774831656e+00 1.194833996530126896e+00 2.214577988528901642e+00 9.709745272945712324e-01 9.110244475392590413e-01 1.901992736182991361e+00 6.604951898192373605e+00 -5.447017971168482964e-01 4.508893634253272054e-01 -5.764074992321904567e+00 3.580100954727968077e+00 -8.796836766130954333e-01 -4.965221861362533851e+00 -1.274754369718464675e+00 -4.696388314517466966e+00 1.125880583775645594e+00 -8.199131420876258625e-02 8.804745006414276265e-01 -1.956843316393770404e+00 -5.023421228119532955e+00 -4.743813832415217924e+00 1.511473387598203377e-01 3.315632825822485419e+00 -1.992730386489188765e+00 -9.066223856802263503e-01 2.621379922110381955e+00 4.330798069218839252e+00 -5.235709116590551160e-01 -1.173196189999259786e+00 2.841848827807813560e+00 3.054995396205900313e-02 1.169780622627456079e+00 -3.697091609670740020e+00 5.655895357767430021e+00 5.595743734966868388e+00 2.636574956272449199e+00 -7.797742113772320183e-01 -4.511021893403867056e-01 1.095380338076567650e+00 3.859734705436205893e+00 -1.266283781925847896e+00 1.185694151909915783e+00 -1.962348004664395296e+00 1.968382737621697354e+00 1.152387044223663448e+00 1.278632797142816191e+00 6.934918620110484433e+00 3.250486437002786388e+00 -1.985745391141078564e-01 -2.404860375698147035e+00 3.278467698485895809e+00 -1.274041929641265281e+00 2.762777939422608409e+00 2.457057044286257153e+00 3.457085110979719378e+00 9.275132965839963939e-01 -3.009635840857094014e+00 -2.006474457895454755e+00 -1.030107572799135118e+00 -6.470068005152466384e+00 -3.213688556085420256e+00 4.490124917578575570e+00 -1.143012193635072199e-01 -4.992510310176112021e-01 6.294985713893393786e+00 -6.965804549379019939e-01 1.862770934067539352e+00 -2.147632878254535971e+00 2.648741366751866888e+00 -1.357267374791185643e+00 -4.952681696005049178e-02 -1.229734847560792349e-01 -1.349054096049927765e+00 1.840950485043589546e-01 -1.738152616690868735e+00 -1.435526554705814473e+00 -3.364463901814647162e+00 -6.023608868778268288e+00 -1.854911478683961779e+00 -8.665718308991311458e-01 3.353239705807966153e+00 -4.267255266889288912e+00 4.130957657955826590e-01 2.021694058316007236e+00 -4.606308870195662486e+00 -1.474858975065056477e+00 -5.634548797985151403e+00 2.573081436871335059e-01 1.161223686208738615e+00 1.134835289575746531e+00 1.436776533740711459e+00 6.007633684414005693e+00 -2.013818659881482453e+00 1.771718816848693479e+00 2.007350394117883852e+00 -1.399778399587620070e+00 -3.956266548394863358e-01 1.696354453609091761e+00
1.164442711833269861e+00 5.434570908308556270e+00 -4.404485189977973003e-01 4.191656349669499737e-01 3.540784696637082063e-01 4.347719476372728487e+00 -2.485404799400209974e+00 2.515494774945810086e+00 -4.232183795055305175e+00 4.460355915964956175e+00 1.100440608102291939e+00 -1.012403144234892860e+00 3.498891683130110675e+00 -3.051248448237348310e+00 5.676728634440551424e+00 -3.645583052632510146e+00 -6.190442184408453397e-01 -1.486439000885767747e+00 1.246434297137743563e+00 -1.845919943224417548e+00 -1.046252248557750786e+00 5.163168582850818922e-01 1.346695101173913001e+00 2.121608530304779361e+00 -3.593308095152321524e+00 -2.533974131662713791e+00 1.634284105351320737e-01 1.355056686175110769e+00 5.517012940737465954e+00 -3.115862150550455567e+00 3.557273881114367153e+00 1.036912545036919209e+00 5.196820734953442766e+00 5.479934220114035526e+00 2.820896817221694608e+00 -1.203625755008093989e+00 4.308285942911236788e+00 -2.506152283308759721e+00 2.335067364493573550e+00 1.787079074708169291e+00 -3.199195928423884006e+00 -2.021177800077475162e+00 5.381303960051342372e+00 -2.240422039549208044e+00 9.256488478082885996e-02 1.677862977704262626e+00 -3.180760737734265042e+00 4.850088969421230689e-01 2.748430844469838430e+00 -3.829249044241873179e+00 4.985784321838172772e+00 -2.864539430607676018e-01 -3.142567763601630038e+00 -1.449263240378390050e+00 2.547752506398107131e-01 -2.910585658589500468e+00 9.222953520432607410e-01 2.493348525033616259e+00 1.983400857751190793e+00 -1.325574227305590824e+00 -4.001036010172385637e+00 1.819416200243408666e+00 1.517939569816321443e-01 -3.762181517340487780e+00 -3.399095845781797909e+00 2.245856852859140940e+00 3.889278456546406915e+00 3.199948604211512837e+00 -4.705282499012851893e+00 8.145559519537911575e-01 9.231653277415470260e-01 -2.748274456563215118e+00 1.103325894643624183e+00 -2.781740669781918918e+00 1.401082740981502539e+00 4.554399612909629247e-01 -6.923381078150380175e-01 -1.579704046770565640e+00 2.273275952499417940e+00 1.240383979936886538e+00 -1.156112803858871052e+00 -8.992143470500968405e-01 3.141667364635809090e+00 1.516266809137908567e+00 -9.292324046680453531e-01 -2.111487832363425632e+00 1.776180842263817450e+00 -1.735186897200412970e+00 5.493628546852209471e-01 -9.046668827177751782e-01 -8.068226799460033405e+00 -1.898422032638850787e+00 -3.378664995694680706e-01 -3.216637499503580688e-01 4.470807612591795710e+00 -3.041656299740371328e+00 3.788316397165086169e+00 6.704360996283588392e+00 3.308315252082242530e+00 -1.162378171732460386e+00
2.848105067584101313e+00 -2.843866691978522265e+00 -3.003540355454697441e-01 4.231880305702259371e+00 1.291648590294160570e+00 -5.970095601730187607e-01 -7.429160837578162813e+00 -2.159662346300615265e+00 1.331561935198358471e-01 4.275795182175237130e+00 -2.583421398373760614e+00 4.549652023650126442e-01 -1.127131634990453435e+00 -4.132211824804794986e+00 -1.483084552552673241e+00 2.262469410487075283e+00 -2.605781537794422675e+00 -3.435611694146672779e+00 1.935799297207354830e-01 -1.055654770135193044e+00 -2.366207396537361340e+00 -1.169197709901537818e+00 -2.640222225438805914e+00 3.753327340142807445e-01 1.170789539846041727e+00 -1.684410664166925198e+00 -3.390546456400584052e+00 -4.470422031588793033e+00 3.430234669082480536e+00 3.068396807807545201e+00 6.060738731303353388e-01 2.056280849343671502e+00 3.693056045302242629e-01 -3.921948907054238376e+00 -3.413752558737932041e+00 -2.175079129497710984e+00 5.434576199143846154e+00 5.558251490883165502e+00 2.756354158060247528e+00 2.683533362181038662e+00 8.678660108058038336e-01 -4.354321915631939599e-01 1.956349760832841955e+00 1.569171845672253207e+00 -1.850308001914522160e+00 -6.061469716845760969e-01 -4.339520202434994367e+00 1.847894360151980608e+00 -2.656298367697242480e+00 -1.343197069931452825e+00 -2.167214649286298478e+00 -1.930705508394405800e+00 -3.339116460698563049e+00 5.614899874862262941e+00 -3.565989887311233453e+00 -4.495229445466544682e+00 2.679631459911229197e+00 -1.894461494466432194e+00 -2.337906117432501762e+00 5.074470725936119225e-02 -1.872906691182216532e+00 -4.661962389953993480e+00 -2.152101167634328682e+00 7.771088016739312598e-01 1.522713490396337299e+00 2.396474233777774021e+00 -1.074323048308928108e+00 1.906790853713595357e+00 -7.078877591987846329e-02 -2.856378615347102135e-01 2.288010648164469973e+00 -1.193247408829264833e+00 6.574548909704571287e+00 -1.006797222681244719e+00 -4.483665501016125710e+00 6.756242286967795163e-01 -4.143965586125267109e+00 1.210646007174040362e+00 4.348916988239188264e+00 1.969769050224325690e+00 -3.865968519999413711e-01 -4.877104245312714248e+00 -2.366853960260104639e+00 -1.675563257989525212e+00 2.012320283068969928e+00 -4.025557238902214507e+00 -3.459521078798394988e+00 -1.529854245927977086e-01 1.524513952469383371e+00 2.834303948369868986e-01 5.691692010142715752e+00 -1.137554203130030084e+00 -5.909241708516510094e+00 2.968683211231084584e+00 8.332525814169355893e-01 3.524390771463681737e+00 -1.827716815152005347e+00 -3.084629569362665080e+00 2.843940414025756258e-01 1.076845116082197462e+00
1.764021111083100557e+00 2.240877595349658691e+00 9.500530460776694941e-01 4.105930604828742503e-01 7.610079754148197928e-01 3.336616809794237803e-01 3.130658762852872035e-01 6.535919879596117088e-01 2.269730380049682417e+00 -1.871815675179182015e-01 1.549419833590859608e-01 -1.980766050706268766e+00 1.230258699764113173e+00 -3.022904158764395666e-01 -1.706252826222917074e+00 -4.380445115041780579e-01 -1.613859107172910923e+00 3.868984513219764221e-01 -2.816872354298412956e-02 3.026723653576420259e-01 -6.724486411511730877e-01 -1.726239076170828390e+00 -1.630153245320967059e+00 5.193559801360811412e-02 1.139384194041764609e+00 -6.847624103243032945e-01 -3.115557479713433886e-01 9.008085804106233940e-01 1.488240936102575240e+00 -1.799174608731333724e-01 -4.031422597999663737e-01 9.765173987222747209e-01 1.049638574650096912e-02 4.019833660891347082e-01 -1.270470949630203572e+00 1.943591079732652771e+00 1.922929524912192933e+00 9.060339810037204566e-01 -2.679210606352688262e-01 -1.550263420354268951e-01 3.764127478273434080e-01 1.326351547025448330e+00 -4.351442595342451258e-01 4.074477475172164631e-01 -6.743611163853393542e-01 6.764061372218056478e-01 3.960120594325651222e-01 4.393937995448764511e-01 2.383121515339714946e+00 1.116994248212805019e+00 -6.823553148347273611e-02 -8.263845928721346157e-01 1.126605429825184634e+00 -4.378097936914954746e-01 9.493947469046016829e-01 8.443350590195780603e-01 1.187971712851551009e+00 3.187389202824646439e-01 -1.034235133751026936e+00 -6.894676221542178629e-01 -3.539834407193465649e-01 -2.223378117972631962e+00 -1.104335671099691218e+00 1.542980742867455124e+00 -3.927443136202904417e-02 -1.715827992116527867e-01 2.163213954193476063e+00 -2.393699577443947624e-01 6.401231213899742922e-01 -7.380045225946182397e-01 9.102649385627488154e-01 -4.664104160243869868e-01 -1.701857203718406056e-02 -4.226083459230196848e-02 -4.635887207580937086e-01 6.326387710837685918e-02 -5.972896273389433075e-01 -4.932954627229821365e-01 -1.156163229807916526e+00 -2.069951172912867676e+00 -6.374154852371393121e-01 -2.977911445687033143e-01 1.152299426098607249e+00 -1.466396190775533848e+00 1.419617488787940085e-01 6.947306713408059053e-01 -1.582908594925324763e+00 -5.068330067515075532e-01 -1.936261699289294702e+00 8.842199484651797059e-02 3.990455059407013172e-01 3.898537018522416076e-01 4.937332078447711492e-01 2.064464001362797951e+00 -6.920168194341886903e-01 6.088319170075190412e-01 6.898035967698115112e-01 -4.810196332397730368e-01 -1.359589748229148021e-01 5.829246682504984900e-01
4.001466981194666261e-01 1.867541729316156918e+00 -1.513565270006202723e-01 1.440427474839405253e-01 1.216779866029192303e-01 1.494043034592346775e+00 -8.540859143636188033e-01 8.644258319950376412e-01 -1.454351211210181294e+00 1.532756721422043222e+00 3.781537468864216711e-01 -3.478970506659406214e-01 1.202355875797702645e+00 -1.048524006838347233e+00 1.950755630236939986e+00 -1.252758738485596268e+00 -2.127189266077212093e-01 -5.108023264828460697e-01 4.283237230494557068e-01 -6.343525040856328179e-01 -3.595193816769989836e-01 1.774309719300132815e-01 4.627813576524849593e-01 7.290585235581584778e-01 -1.234800875676465903e+00 -8.707647088248122724e-01 5.615627637046684967e-02 4.656474810876257697e-01 1.895871691924284619e+00 -1.070732705544244379e+00 1.222415689283993689e+00 3.562854344948557794e-01 1.785826072547098020e+00 1.883126274665557931e+00 9.693628211147845564e-01 -4.136150805465312330e-01 1.480506177952243263e+00 -8.612153915695198725e-01 8.023989035644311096e-01 6.141563465922792453e-01 -1.099357814101782571e+00 -6.945574156851928027e-01 1.849225651547824034e+00 -7.698920586950599443e-01 3.178638770109878248e-02 5.765792144870879321e-01 -1.093027159660584058e+00 1.666656829454147004e-01 9.444763102942584920e-01 -1.315877854184738904e+00 1.713312113378465229e+00 -9.842197723339987658e-02 -1.079908070057350011e+00 -4.980244842786915593e-01 8.755205179507706548e-02 -1.000186159096112304e+00 3.169371674430112584e-01 8.568102845841207849e-01 6.815666203449023408e-01 -4.555144479710113714e-01 -1.374899859157519444e+00 6.252262386846114683e-01 5.216050594275690316e-02 -1.292834066394325854e+00 -1.168053468315116250e+00 7.717523528884334683e-01 1.336515224177162287e+00 1.099616300105498157e+00 -1.616913625052957881e+00 2.799070650470342203e-01 3.172612002067430326e-01 -9.444005911606386805e-01 3.791477094505696921e-01 -9.559028004501156639e-01 4.814612942691614550e-01 1.565107643233830115e-01 -2.379116742561018794e-01 -5.428452112857973244e-01 7.811906105784919285e-01 4.262381379617269372e-01 -3.973087169810013419e-01 -3.090034351596652740e-01 1.079602405947887034e+00 5.210421101128209775e-01 -3.193189572269621301e-01 -7.255969956828131062e-01 6.103628985378093397e-01 -5.962521328593756165e-01 1.887907978075292759e-01 -3.108777170274769075e-01 -2.772579856486678818e+00 -6.523466432569539064e-01 -1.161068127917486564e-01 -1.105338499894946702e-01 1.536341735302554357e+00 -1.045231301784102396e+00 1.301806272240549678e+00 2.303890648244022010e+00 1.136863876160464804e+00 -3.994358576656665827e-01
9.787219915500151579e-01 -9.772693814639612508e-01 -1.032097234549777531e-01 1.454233928305419976e+00 4.438679200293154659e-01 -2.051575609019107016e-01 -2.552961678879751339e+00 -7.421380670563224591e-01 4.575774009334845210e-02 1.469331122846518012e+00 -8.877607422303260831e-01 1.563416386856507079e-01 -3.873343608584138287e-01 -1.419989198032654443e+00 -5.096498352539363674e-01 7.774707623110270749e-01 -8.954479424284813582e-01 -1.180612279854726054e+00 6.652776779257539574e-02 -3.627967511509038734e-01 -8.131119100276150702e-01 -4.017917463788824306e-01 -9.072869646982557601e-01 1.289775458237436556e-01 4.023241038331278330e-01 -5.788198648005882241e-01 -1.165121665638615633e+00 -1.536210161153583442e+00 1.178769688576176700e+00 1.054410640099375573e+00 2.082704837102880291e-01 7.066821250258019660e-01 1.269059812429494116e-01 -1.347737733451225939e+00 -1.173097386679444520e+00 -7.474445808695615590e-01 1.867544455988356278e+00 1.910038242585262669e+00 9.471458296569840174e-01 9.221439842981959956e-01 2.982331374585199257e-01 -1.496314645428139245e-01 6.722748378008506220e-01 5.392183669528937129e-01 -6.358431713981506084e-01 -2.082970422079969686e-01 -1.491229551168910650e+00 6.349978931021499351e-01 -9.128120400094780207e-01 -4.615745462596917981e-01 -7.447392446722455039e-01 -6.634666789841437984e-01 -1.147456324939400307e+00 1.929504717537122493e+00 -1.225415962695743044e+00 -1.544732338478415512e+00 9.208106167351511884e-01 -6.510092337592873202e-01 -8.033982708552521723e-01 1.739396768155445500e-02 -6.436021289957295499e-01 -1.602039583223861641e+00 -7.395436678790204832e-01 2.670443003963583473e-01 5.232612905395598313e-01 8.235591002482381962e-01 -3.691846141582637575e-01 6.552447939758091477e-01 -2.432594919665453589e-02 -9.816478892520298649e-02 7.861828506726664667e-01 -4.100516888628028545e-01 2.259280379301741082e+00 -3.459748390663872630e-01 -1.540758708913969155e+00 2.321649572836815834e-01 -1.424024135574747163e+00 4.160075995840924468e-01 1.494461027644556461e+00 6.768843069401615509e-01 -1.328196011684882882e-01 -1.675956232019370162e+00 -8.133386078997365543e-01 -5.758023969517600538e-01 6.914978316900421973e-01 -1.383341268101395460e+00 -1.188816999807334573e+00 -5.257768384231795156e-02 5.238846700630099829e-01 9.739725566926668576e-02 1.955903191698290522e+00 -3.908677912295153156e-01 -2.030648809206848870e+00 1.020158916153998341e+00 2.863383121387643171e-01 1.211115376593365545e+00 -6.280747581616803465e-01 -1.060004095157154325e+00 9.773520889629018493e-02 3.700434180990181954e-01
