# 
#                 ----------------------------------------------------
#                 Data from a 3D direct N-body simulation. 
# 
#                 rows are i-particle; 
#                 coumns are :mass, tag, x ,y, z, vx, vy, vz, ax, ay, az
# 
#                 NTHU, Computational Physics Lab
# 
#                 ----------------------------------------------------
#                 Time = 7.099999999999893
1.000000000000000000e+00 2.000000000000000000e+00 3.000000000000000000e+00 4.000000000000000000e+00 5.000000000000000000e+00 6.000000000000000000e+00 7.000000000000000000e+00 8.000000000000000000e+00 9.000000000000000000e+00 1.000000000000000000e+01 1.100000000000000000e+01 1.200000000000000000e+01 1.300000000000000000e+01 1.400000000000000000e+01 1.500000000000000000e+01 1.600000000000000000e+01 1.700000000000000000e+01 1.800000000000000000e+01 1.900000000000000000e+01 2.000000000000000000e+01 2.100000000000000000e+01 2.200000000000000000e+01 2.300000000000000000e+01 2.400000000000000000e+01 2.500000000000000000e+01 2.600000000000000000e+01 2.700000000000000000e+01 2.800000000000000000e+01 2.900000000000000000e+01 3.000000000000000000e+01 3.100000000000000000e+01 3.200000000000000000e+01 3.300000000000000000e+01 3.400000000000000000e+01 3.500000000000000000e+01 3.600000000000000000e+01 3.700000000000000000e+01 3.800000000000000000e+01 3.900000000000000000e+01 4.000000000000000000e+01 4.100000000000000000e+01 4.200000000000000000e+01 4.300000000000000000e+01 4.400000000000000000e+01 4.500000000000000000e+01 4.600000000000000000e+01 4.700000000000000000e+01 4.800000000000000000e+01 4.900000000000000000e+01 5.000000000000000000e+01 5.100000000000000000e+01 5.200000000000000000e+01 5.300000000000000000e+01 5.400000000000000000e+01 5.500000000000000000e+01 5.600000000000000000e+01 5.700000000000000000e+01 5.800000000000000000e+01 5.900000000000000000e+01 6.000000000000000000e+01 6.100000000000000000e+01 6.200000000000000000e+01 6.300000000000000000e+01 6.400000000000000000e+01 6.500000000000000000e+01 6.600000000000000000e+01 6.700000000000000000e+01 6.800000000000000000e+01 6.900000000000000000e+01 7.000000000000000000e+01 7.100000000000000000e+01 7.200000000000000000e+01 7.300000000000000000e+01 7.400000000000000000e+01 7.500000000000000000e+01 7.600000000000000000e+01 7.700000000000000000e+01 7.800000000000000000e+01 7.900000000000000000e+01 8.000000000000000000e+01 8.100000000000000000e+01 8.200000000000000000e+01 8.300000000000000000e+01 8.400000000000000000e+01 8.500000000000000000e+01 8.600000000000000000e+01 8.700000000000000000e+01 8.800000000000000000e+01 8.900000000000000000e+01 9.000000000000000000e+01 9.100000000000000000e+01 9.200000000000000000e+01 9.300000000000000000e+01 9.400000000000000000e+01 9.500000000000000000e+01 9.600000000000000000e+01 9.700000000000000000e+01 9.800000000000000000e+01 9.900000000000000000e+01 1.000000000000000000e+02
2.000000000000000111e-01 2.000000000000000111e-01 2.000000000000000111e-01 2.000000000000000111e-01 2.000000000000000111e-01 2.000000000000000111e-01 2.000000000000000111e-01 2.000000000000000111e-01 2.000000000000000111e-01 2.000000000000000111e-01 2.000000000000000111e-01 2.000000000000000111e-01 2.000000000000000111e-01 2.000000000000000111e-01 2.000000000000000111e-01 2.000000000000000111e-01 2.000000000000000111e-01 2.000000000000000111e-01 2.000000000000000111e-01 2.000000000000000111e-01 2.000000000000000111e-01 2.000000000000000111e-01 2.000000000000000111e-01 2.000000000000000111e-01 2.000000000000000111e-01 2.000000000000000111e-01 2.000000000000000111e-01 2.000000000000000111e-01 2.000000000000000111e-01 2.000000000000000111e-01 2.000000000000000111e-01 2.000000000000000111e-01 2.000000000000000111e-01 2.000000000000000111e-01 2.000000000000000111e-01 2.000000000000000111e-01 2.000000000000000111e-01 2.000000000000000111e-01 2.000000000000000111e-01 2.000000000000000111e-01 2.000000000000000111e-01 2.000000000000000111e-01 2.000000000000000111e-01 2.000000000000000111e-01 2.000000000000000111e-01 2.000000000000000111e-01 2.000000000000000111e-01 2.000000000000000111e-01 2.000000000000000111e-01 2.000000000000000111e-01 2.000000000000000111e-01 2.000000000000000111e-01 2.000000000000000111e-01 2.000000000000000111e-01 2.000000000000000111e-01 2.000000000000000111e-01 2.000000000000000111e-01 2.000000000000000111e-01 2.000000000000000111e-01 2.000000000000000111e-01 2.000000000000000111e-01 2.000000000000000111e-01 2.000000000000000111e-01 2.000000000000000111e-01 2.000000000000000111e-01 2.000000000000000111e-01 2.000000000000000111e-01 2.000000000000000111e-01 2.000000000000000111e-01 2.000000000000000111e-01 2.000000000000000111e-01 2.000000000000000111e-01 2.000000000000000111e-01 2.000000000000000111e-01 2.000000000000000111e-01 2.000000000000000111e-01 2.000000000000000111e-01 2.000000000000000111e-01 2.000000000000000111e-01 2.000000000000000111e-01 2.000000000000000111e-01 2.000000000000000111e-01 2.000000000000000111e-01 2.000000000000000111e-01 2.000000000000000111e-01 2.000000000000000111e-01 2.000000000000000111e-01 2.000000000000000111e-01 2.000000000000000111e-01 2.000000000000000111e-01 2.000000000000000111e-01 2.000000000000000111e-01 2.000000000000000111e-01 2.000000000000000111e-01 2.000000000000000111e-01 2.000000000000000111e-01 2.000000000000000111e-01 2.000000000000000111e-01 2.000000000000000111e-01 2.000000000000000111e-01
5.889403153849643502e+01 7.481421855775126062e+01 3.171889732396191874e+01 1.370813872432671943e+01 2.540736893559859411e+01 1.113978100635401347e+01 1.045205254839132714e+01 2.182113975704125508e+01 7.577759160498985125e+01 -6.249277617563405940e+00 5.172959090357107215e+00 -6.613028017557823546e+01 4.107382097690334888e+01 -1.009241504258135613e+01 -5.696522813976724109e+01 -1.462489501486690280e+01 -5.388079575106690555e+01 1.291705437711316229e+01 -9.405870513253156151e-01 1.010288694600227721e+01 -2.245053040092211916e+01 -5.763277027081670667e+01 -5.442486079311387215e+01 1.734029408161100960e+00 3.803971428132418708e+01 -2.286202273287398512e+01 -1.040158133704548682e+01 3.007463208314494807e+01 4.968660687335580661e+01 -6.006812328399381506e+00 -1.345969914635304399e+01 3.260336169103890569e+01 3.504717896486887474e-01 1.342070099054687660e+01 -4.241615710888204660e+01 6.488915139870262294e+01 6.419915515563010899e+01 3.024901014399234001e+01 -8.945707540853527817e+00 -5.175543163287146697e+00 1.256707172856367194e+01 4.428200694815033955e+01 -1.452784752427217896e+01 1.360322176008643957e+01 -2.251394915730752899e+01 2.258281997452428413e+01 1.322122115133854159e+01 1.466960088545826402e+01 7.956326317426405126e+01 3.729226186544575938e+01 -2.278179916363702873e+00 -2.759029512042894794e+01 3.761323178068508355e+01 -1.461684945040478745e+01 3.169681959030494056e+01 2.818931149238340339e+01 3.966230504123768696e+01 1.064131285215694156e+01 -3.452910843760366788e+01 -2.301948042834827390e+01 -1.181822098912973829e+01 -7.423008112990302720e+01 -3.686991646172577930e+01 5.151439478950167938e+01 -1.311307951895865020e+00 -5.728081284247107163e+00 7.222140480036580357e+01 -7.991716121494723879e+00 2.137127255028813622e+01 -2.463933848968253670e+01 3.038922910206141736e+01 -1.557169443322234947e+01 -5.682026227082980219e-01 -1.410882891672723183e+00 -1.547747389909152638e+01 2.112110799512451287e+00 -1.994142455278414161e+01 -1.646944852546074500e+01 -3.859992905009753628e+01 -6.910785591207606160e+01 -2.128101593757869381e+01 -9.942067200103542390e+00 3.847107045776473200e+01 -4.895747788825428870e+01 4.739450094595905938e+00 2.319451076652949695e+01 -5.284738467619673230e+01 -1.692097373498878454e+01 -6.464432382141258415e+01 2.952062128201736524e+00 1.332256220669614777e+01 1.301824228914685833e+01 1.648389334226228442e+01 6.892460746047409259e+01 -2.310406186690724439e+01 2.032662045780587690e+01 2.302997339102154939e+01 -1.605942569235847373e+01 -4.539033799115522072e+00 1.946186283229994984e+01
1.335943023497471849e+01 6.235001570395020565e+01 -5.053203874629826231e+00 4.809027191062269502e+00 4.062315533018589164e+00 4.988058142447027876e+01 -2.851466026530268039e+01 2.885987507467657309e+01 -4.855519715636721401e+01 5.117293343628568891e+01 1.262515385562134185e+01 -1.161507003391830395e+01 4.014217013578841176e+01 -3.500638505834092484e+01 6.512823668981174308e+01 -4.182505809550390552e+01 -7.102073415587299543e+00 -1.705370211703229089e+01 1.430012449061233681e+01 -2.117819856194150319e+01 -1.200329383732413291e+01 5.923667573974431555e+00 1.545045115836447636e+01 2.434072745627601364e+01 -4.122539093002990995e+01 -2.907174153800485072e+01 1.874933345861850453e+00 1.554629029239662508e+01 6.329585435305703811e+01 -3.574774894081501486e+01 4.081194599294559566e+01 1.189583059296247392e+01 5.962215429844718528e+01 6.287040952350857026e+01 3.236355854246876618e+01 -1.380901553066267162e+01 4.942834553181896950e+01 -2.875269036577289228e+01 2.678954569218975479e+01 2.050343001468581861e+01 -3.670367522517183545e+01 -2.318864046238105914e+01 6.173874786452489616e+01 -2.570391197221869817e+01 1.061695021329175592e+00 1.924982674103307900e+01 -3.649222728028928486e+01 5.564392495058637422e+00 3.153236734110572215e+01 -4.393228037906274608e+01 5.720105169418027202e+01 -3.286248237259519644e+00 -3.605411584453779028e+01 -1.662715565279230034e+01 2.923008498631713525e+00 -3.339257772381448319e+01 1.058133842776477884e+01 2.860572870515495580e+01 2.275511604989574010e+01 -1.520802152608309221e+01 -4.590302630017788488e+01 2.087389028966860849e+01 1.741482242109644973e+00 -4.316286743229663614e+01 -3.899712020753126751e+01 2.576617176641654794e+01 4.462110038632141595e+01 3.671230847441726297e+01 -5.398281343804320187e+01 9.345179057114279431e+00 1.059163777166461351e+01 -3.153029442476563915e+01 1.265828750428911853e+01 -3.191427065072771896e+01 1.607430696464415121e+01 5.225230935243452279e+00 -7.943038745732756034e+00 -1.812363155988731478e+01 2.608094901347277528e+01 1.423062833880150890e+01 -1.326417342358600315e+01 -1.031650624399999394e+01 3.604383325592485932e+01 1.739578176739651028e+01 -1.066089998657747984e+01 -2.422482167345012982e+01 2.037778275624043189e+01 -1.990716654766319138e+01 6.302848337907096088e+00 -1.037906955358230832e+01 -9.256562787455987973e+01 -2.177994117420682940e+01 -3.876317079414908662e+00 -3.690361547814470455e+00 5.129276025539052597e+01 -3.489638081002407688e+01 4.346259723634080530e+01 7.691808736359605803e+01 3.795568858849068050e+01 -1.333572658189193660e+01
3.267583262457743132e+01 -3.262725545020648354e+01 -3.445862751959601677e+00 4.855155052568433405e+01 1.481894636636873308e+01 -6.849408113673721488e+00 -8.523360760299510730e+01 -2.477734728330884550e+01 1.527678522405252259e+00 4.905545843111963222e+01 -2.963909233354691253e+01 5.219708274140177018e+00 -1.293148354679822276e+01 -4.740813815832249389e+01 -1.701522001299234788e+01 2.595688758788762129e+01 -2.989566918382589833e+01 -3.941619377726005524e+01 2.220986436760311378e+00 -1.211175490846715341e+01 -2.714696300816398988e+01 -1.341412355698398784e+01 -3.029085005477780612e+01 4.306108252775807443e+00 1.343220047084517255e+01 -1.932482810867274736e+01 -3.889911193743428441e+01 -5.128834830212603180e+01 3.935456960258328252e+01 3.520304638885093595e+01 6.953376918458245015e+00 2.359215751752063994e+01 4.236954888459808721e+00 -4.499586777337984955e+01 -3.916536666203387540e+01 -2.495433171749610324e+01 6.235008792583681014e+01 6.376891833571709611e+01 3.162259484272506427e+01 3.078741656953120653e+01 9.956880380004573539e+00 -4.995636498215817234e+00 2.244481468191085938e+01 1.800270148760505151e+01 -2.122832303931527065e+01 -6.954233815606291280e+00 -4.978656467893902260e+01 2.120043066161062129e+01 -3.047529749345218164e+01 -1.541025860640659140e+01 -2.486406849179996570e+01 -2.215065603378995718e+01 -3.830916626216508547e+01 6.441883374352494229e+01 -4.091200804469868757e+01 -5.157292618973783505e+01 3.074274559250770977e+01 -2.173480203664707133e+01 -2.682241686159330740e+01 5.816283470931123967e-01 -2.148750715061568428e+01 -5.348596718095177494e+01 -2.469064888132656321e+01 8.915624717592200099e+00 1.746979221944389948e+01 2.749479671751124954e+01 -1.232558625418860387e+01 2.187623826295597951e+01 -8.121492327371623299e-01 -3.277180335585679227e+00 2.624909441088274065e+01 -1.368998480789102956e+01 7.542875370392241052e+01 -1.155080756619510929e+01 -5.144025754243521931e+01 7.751243078388989183e+00 -4.754293483033608680e+01 1.388930512300901832e+01 4.989440245489841175e+01 2.259874744488926979e+01 -4.434974978059466721e+00 -5.595406807817053618e+01 -2.715443815504583114e+01 -1.922361309768866633e+01 2.308681942751948668e+01 -4.618454372114812401e+01 -3.969035638164974955e+01 -1.755249932284282277e+00 1.749050783363879091e+01 3.251740819162331153e+00 6.529997939044383770e+01 -1.305044847172495537e+01 -6.779572457634205307e+01 3.405922433165691388e+01 9.559762790274369593e+00 4.043467888493263729e+01 -2.096907238214427593e+01 -3.538947532212335290e+01 3.262882884864232391e+00 1.235442160783404830e+01
1.430624732106853081e+01 1.817353533769706075e+01 7.704971095892824806e+00 3.329916011314079771e+00 6.171809073620225128e+00 2.706010852988184112e+00 2.538966366955619947e+00 5.300661782066321770e+00 1.840754141027906954e+01 -1.518045151332840126e+00 1.256585776860549508e+00 -1.606404783646548395e+01 9.977435027558582803e+00 -2.451589532665455096e+00 -1.383773049541766476e+01 -3.552575427725732204e+00 -1.308844214621731972e+01 3.137751118519515714e+00 -2.284639601072642190e-01 2.454441432463559281e+00 -5.453572129562494375e+00 -1.399984922741417925e+01 -1.322059496032051662e+01 4.212090266852868137e-01 9.240424878338339809e+00 -5.553478268768303749e+00 -2.526713398502975050e+00 7.305578288592011305e+00 1.206964700666438617e+01 -1.459139133903801344e+00 -3.269523826888128148e+00 7.919696635521678907e+00 8.512989071665194585e-02 3.260092032423836272e+00 -1.030353564328494897e+01 1.576255846163006780e+01 1.559497289993533542e+01 7.347947929778974263e+00 -2.172934935372321075e+00 -1.257244855860736532e+00 3.052722163302030722e+00 1.075675075742295128e+01 -3.529030687370058761e+00 3.304417520009176545e+00 -5.469035764833555469e+00 5.485685169346455226e+00 3.211651621099671949e+00 3.563481289252605766e+00 1.932714237941599578e+01 9.058848832943695584e+00 -5.533971821653381751e-01 -6.702041406703718174e+00 9.136805287310549417e+00 -3.550649277932175885e+00 7.699621524930766014e+00 6.847589602910771234e+00 9.634517732268898627e+00 2.584959618436596607e+00 -8.387655846168721396e+00 -5.591677383105397858e+00 -2.870817809066286586e+00 -1.803162547849782271e+01 -8.956217399828004133e+00 1.251361296072119877e+01 -3.185253342019913614e-01 -1.391494358447003421e+00 1.754369059674954556e+01 -1.941301016137616076e+00 5.191408231034323251e+00 -5.985247183348242572e+00 7.382149287575813013e+00 -3.782598510983782969e+00 -1.380227485314310110e-01 -3.427311108083203606e-01 -3.759712911453275019e+00 5.130678663960777097e-01 -4.844049446024510708e+00 -4.000654434943147209e+00 -9.376505992916932541e+00 -1.678734314761274149e+01 -5.169464491513842574e+00 -2.415085876233737050e+00 9.345185500500718945e+00 -1.189250563617526169e+01 1.151299857977296170e+00 5.634287100192562292e+00 -1.283742315880405194e+01 -4.110396440178408994e+00 -1.570310331459227449e+01 7.171024848528133600e-01 3.236260023945783715e+00 3.161990236458062320e+00 4.004186222693055797e+00 1.674283641563036440e+01 -5.612294588853663058e+00 4.937640624501801412e+00 5.594324011383906559e+00 -3.901077879124537517e+00 -1.102616565474480836e+00 4.727552598921123561e+00
3.245201872421410449e+00 1.514578222366877824e+01 -1.227502221629640733e+00 1.168187634340919212e+00 9.868050381169376495e-01 1.211673067411705418e+01 -6.926648123956098857e+00 7.010505482640710717e+00 -1.179480504383485417e+01 1.243068301447397417e+01 3.066837029273236759e+00 -2.821462536190822323e+00 9.751133867410548106e+00 -8.503563173543362552e+00 1.582065101126016771e+01 -1.015991570646566267e+01 -1.725175181185349071e+00 -4.142610117850534124e+00 3.473714813412750679e+00 -5.144563713933290039e+00 -2.915741236414129745e+00 1.438959599020954938e+00 3.753157849145693614e+00 5.912701664279964575e+00 -1.001426393992163000e+01 -7.061939292682332336e+00 4.554378820773175573e-01 3.776418364920230086e+00 1.537553963464633000e+01 -8.683665266649400749e+00 9.913825206608441576e+00 2.889568418640492187e+00 1.448310080301656555e+01 1.527218232189662217e+01 7.861571655163483996e+00 -3.354422812217149996e+00 1.200691506113760276e+01 -6.984468725779260367e+00 6.507521558938664796e+00 4.980719002681468055e+00 -8.915841556342984475e+00 -5.632872715434301902e+00 1.499726405407816721e+01 -6.243852360233853815e+00 2.578386620992411671e-01 4.676070842565236418e+00 -8.864489974957212581e+00 1.351667720393433747e+00 7.659706549054731362e+00 -1.067180356702916200e+01 1.389499662521973100e+01 -7.982375444299362188e-01 -8.758081544735809132e+00 -4.038987777352370578e+00 7.100462032745621377e-01 -8.111543493816526507e+00 2.570366722309986418e+00 6.948754908125611252e+00 5.527537543187010627e+00 -3.694243042282974177e+00 -1.115049731974676561e+01 5.070590821644143986e+00 4.230269899491357344e-01 -1.048491068720699282e+01 -9.472959905271043368e+00 6.258955735323372238e+00 1.083915317956519786e+01 8.917938246539655722e+00 -1.311321853932685322e+01 2.270066568097734550e+00 2.572938693413520994e+00 -7.659141585875082647e+00 3.074892578163790358e+00 -7.752420498268162596e+00 3.904674425584654607e+00 1.269297413355134907e+00 -1.929475303118916685e+00 -4.402493466809890954e+00 6.335464512177225060e+00 3.456815104843717901e+00 -3.222131044464423777e+00 -2.506028880982523965e+00 8.755594224798519676e+00 4.225677832614345597e+00 -2.589687679608079662e+00 -5.884592078211766442e+00 4.950062159597687028e+00 -4.835676358014644016e+00 1.531079265838793946e+00 -2.521228059375964836e+00 -2.248563754957582006e+01 -5.290602820830814679e+00 -9.416229294505769065e-01 -8.964373931164791864e-01 1.245977230480241538e+01 -8.476851365720833087e+00 1.055769506148314818e+01 1.868458327264141516e+01 9.219997812674188609e+00 -3.239440033197800162e+00
7.937453840207425060e+00 -7.925664508562081600e+00 -8.370414102256538147e-01 1.179388291476794137e+01 3.599763413576053228e+00 -1.663828631469209007e+00 -2.070455174444203550e+01 -6.018770883787804671e+00 3.710961706770750657e-01 1.191630736860640027e+01 -7.199768527772857141e+00 1.267939164343800496e+00 -3.141272946016596457e+00 -1.151614562087057969e+01 -4.133262876665013685e+00 6.305310534212138052e+00 -7.262104337874115245e+00 -9.574788600778029846e+00 5.395280060846232573e-01 -2.942217489662592111e+00 -6.594377326565972197e+00 -3.258518565947646994e+00 -7.358110463098324949e+00 1.046014098868036424e+00 3.262868756606457588e+00 -4.694263553331459171e+00 -9.449169281230089368e+00 -1.245870316470413464e+01 9.559833599484667488e+00 8.551317790595073021e+00 1.689078818371616331e+00 5.731066182016936850e+00 1.029214573226299612e+00 -1.093017767490315606e+01 -9.513849885308140131e+00 -6.061787378263992387e+00 1.514580230645436032e+01 1.549044102699961378e+01 7.681475357290509010e+00 7.478660177097372852e+00 2.418676567944869404e+00 -1.213514733270753432e+00 5.452171962743542544e+00 4.373096591126979682e+00 -5.156691482628291467e+00 -1.689290993160743604e+00 -1.209390407825754465e+01 5.149871692023003433e+00 -7.402917419690589362e+00 -3.743381198654663677e+00 -6.039853283017745156e+00 -5.380728184638864597e+00 -9.305885047027699031e+00 1.564831486230977831e+01 -9.938146066110464361e+00 -1.252782407234830053e+01 7.467829830574521210e+00 -5.279703798965805994e+00 -6.515573148324359742e+00 1.411635437720571429e-01 -5.219632079953402837e+00 -1.299256191316474585e+01 -5.997721491592036713e+00 2.165736870546203008e+00 4.243666835322756903e+00 6.679000812534955145e+00 -2.994084011321449967e+00 5.314057172019457376e+00 -1.972836505274722929e-01 -7.960997915307302941e-01 6.376110570264244437e+00 -3.325516890576496909e+00 1.832279690712081788e+01 -2.805863964252346854e+00 -1.249559741360496368e+01 1.882876391770836877e+00 -1.154887825270656876e+01 3.373870703825823991e+00 1.212010612167783741e+01 5.489559160252140302e+00 -1.077237436837604534e+00 -1.359206004114398247e+01 -6.596205764781885250e+00 -4.669740760957284742e+00 5.608094720891006801e+00 -1.121892391300353609e+01 -9.641354721002523220e+00 -4.263930070642187320e-01 4.248712020412103385e+00 7.898951085078188550e-01 1.586238542421155273e+01 -3.170036629853452581e+00 -1.646860306695912968e+01 8.273504758848018170e+00 2.322209927456722500e+00 9.822180286176170227e+00 -5.093701088296258561e+00 -8.596646769795039944e+00 7.926207052401901265e-01 3.001066536918386429e+00
1.764018431264857245e+00 2.240876256636826103e+00 9.500500112855044810e-01 4.105925936403688192e-01 7.610054228743435845e-01 3.336605959299205337e-01 3.130657196819668364e-01 6.535897046350163109e-01 2.269728300047848979e+00 -1.871813716911333025e-01 1.549415164416117763e-01 -1.980763441041517803e+00 1.230255955818238878e+00 -3.022893575863765392e-01 -1.706251336460427925e+00 -4.380419553353548379e-01 -1.613855783362379004e+00 3.868981043019039667e-01 -2.816756449059263159e-02 3.026897290554357856e-01 -6.724476284956685257e-01 -1.726235341675418589e+00 -1.630149375426696912e+00 5.193475714747027017e-02 1.139382779429212400e+00 -6.847583183488999969e-01 -3.115560240346037513e-01 9.008070441155685559e-01 1.488239970265925249e+00 -1.799168282622916060e-01 -4.031392828452201038e-01 9.765069121330649526e-01 1.049607386812485312e-02 4.019828515378380818e-01 -1.270469744398414536e+00 1.943588496800137566e+00 1.922928452353135587e+00 9.060330649482445375e-01 -2.679139849443935573e-01 -1.550277399490363472e-01 3.764116509604791827e-01 1.326348599951384877e+00 -4.351434623135403412e-01 4.074465387121152249e-01 -6.743635628720041630e-01 6.764038071348809078e-01 3.960125184420050792e-01 4.393939800474623292e-01 2.383119519801716102e+00 1.116992357284440462e+00 -6.823501034706089263e-02 -8.263799600361370068e-01 1.126602813586382812e+00 -4.378089142043514181e-01 9.493925110453073080e-01 8.443326634493968363e-01 1.187966727768414499e+00 3.187398876290433725e-01 -1.034234472660842119e+00 -6.894605667042484898e-01 -3.539825424153357769e-01 -2.223375970160500259e+00 -1.104331580462629026e+00 1.542977838249297573e+00 -3.927371176804927283e-02 -1.715859380186347538e-01 2.163212067153749363e+00 -2.393691666819549591e-01 6.401224003184422529e-01 -7.380022587201605644e-01 9.102723717723216756e-01 -4.664096721517542732e-01 -1.701841401978284804e-02 -4.226115065658235526e-02 -4.635880984068161959e-01 6.326403854162793161e-02 -5.972873584400466562e-01 -4.932933675425542064e-01 -1.156161582378548713e+00 -2.069948268156891480e+00 -6.374136396718492747e-01 -2.977911675680651182e-01 1.152296668619518627e+00 -1.466393776915047020e+00 1.419624856189362350e-01 6.947290865285237205e-01 -1.582906037973775604e+00 -5.068344395609130082e-01 -1.936260146282060779e+00 8.842198697474489000e-02 3.990454339003492445e-01 3.898329786564428967e-01 4.937324726236840822e-01 2.064461525297732081e+00 -6.920139855128891737e-01 6.088308945269644834e-01 6.898023469410157205e-01 -4.810189910399033097e-01 -1.359597714274610181e-01 5.829221789791010355e-01
4.001457963360838810e-01 1.867540334218488418e+00 -1.513564685699351764e-01 1.440426768226193421e-01 1.216782417195676758e-01 1.494039942631045337e+00 -8.540850714353822593e-01 8.644249427339182335e-01 -1.454349970332766695e+00 1.532754791637965353e+00 3.781529942665400323e-01 -3.478957552351394367e-01 1.202353818967260235e+00 -1.048521522322194199e+00 1.950753934515978338e+00 -1.252755596351728729e+00 -2.127170944471728775e-01 -5.108020854742877370e-01 4.283230242646323127e-01 -6.343551469921013819e-01 -3.595164826692995863e-01 1.774313864251324258e-01 4.627812810311305869e-01 7.290557740502322526e-01 -1.234798735570751926e+00 -8.707619258314542865e-01 5.615549845003534046e-02 4.656461975970014877e-01 1.895870191891577017e+00 -1.070730996966805959e+00 1.222413168258212224e+00 3.562784578219523879e-01 1.785822261286083457e+00 1.883124179351258976e+00 9.693599135253032628e-01 -4.136147459360012824e-01 1.480505438975648902e+00 -8.612145084484907898e-01 8.023939628421977721e-01 6.141629638084524778e-01 -1.099354126633656614e+00 -6.945565196591070301e-01 1.849222384645749617e+00 -7.698899982623214067e-01 3.178259364170155782e-02 5.765782191156201275e-01 -1.093024212468310497e+00 1.666650125927943149e-01 9.444760377800525131e-01 -1.315875318378707082e+00 1.713309487331833081e+00 -9.841935255342350308e-02 -1.079906059108139083e+00 -4.980238008024315821e-01 8.755212141496984679e-02 -1.000183654467946992e+00 3.169367004241360752e-01 8.568085406167633700e-01 6.815642267261082798e-01 -4.555128961618980510e-01 -1.374895446104878127e+00 6.252257914932431992e-01 5.216011326032757994e-02 -1.292832106505684919e+00 -1.168050033882831462e+00 7.717490714745847136e-01 1.336514132418546996e+00 1.099612584911432656e+00 -1.616909985620977430e+00 2.799055605855853002e-01 3.172649180422632553e-01 -9.443966728596432381e-01 3.791473640300665471e-01 -9.558991797214695385e-01 4.814595628674483985e-01 1.565111274360768412e-01 -2.379108114964690046e-01 -5.428438158000726821e-01 7.811899678816954795e-01 4.262363704504005812e-01 -3.973118903029974613e-01 -3.090026171072299821e-01 1.079601017317513456e+00 5.210401566815182628e-01 -3.193181456299871712e-01 -7.255969633268460894e-01 6.103614842699883747e-01 -5.962468173015220696e-01 1.887918453092464199e-01 -3.108769916254015553e-01 -2.772578749760069350e+00 -6.523412953929761393e-01 -1.161070593605236373e-01 -1.105332659149805274e-01 1.536338704966369706e+00 -1.045229408759686285e+00 1.301802843805213161e+00 2.303888413340861696e+00 1.136861518163584384e+00 -3.994347276466250207e-01
9.787206194643751633e-01 -9.772686523404764403e-01 -1.032089402030967884e-01 1.454230532610371052e+00 4.438683228479493592e-01 -2.051575005976929433e-01 -2.552959264879791412e+00 -7.421357543220866715e-01 4.575767341648868947e-02 1.469328750853015508e+00 -8.877585968517021087e-01 1.563410097860616632e-01 -3.873350082846797049e-01 -1.419986732328033519e+00 -5.096496339401156428e-01 7.774690813642162190e-01 -8.954463449691383303e-01 -1.180610572288538052e+00 6.652867307253115814e-02 -3.628015731068984229e-01 -8.131089605932426689e-01 -4.017926740287849352e-01 -9.072859869509550812e-01 1.289770854443168802e-01 4.023225991111081257e-01 -5.788173071445757989e-01 -1.165119248398825746e+00 -1.536207284769853798e+00 1.178768840718815269e+00 1.054407114743540985e+00 2.082700978759808863e-01 7.066915348819421405e-01 1.269054568868152877e-01 -1.347735903632207632e+00 -1.173095154315723088e+00 -7.474437031391691910e-01 1.867543211593358565e+00 1.910035950960779161e+00 9.471367084626992616e-01 9.221386015761569022e-01 2.982327055328001242e-01 -1.496312006358270774e-01 6.722731287485181895e-01 5.392157220993324396e-01 -6.358429230961232248e-01 -2.082968952532228135e-01 -1.491227145288586797e+00 6.349950148991405641e-01 -9.128111661370769125e-01 -4.615736832550482172e-01 -7.447379081874911932e-01 -6.634656826061278156e-01 -1.147455267425722347e+00 1.929502372237920982e+00 -1.225414284961440892e+00 -1.544729012793392364e+00 9.208064792867942661e-01 -6.510078303158669533e-01 -8.033972934029101065e-01 1.738664528661890488e-02 -6.436007326860331279e-01 -1.602038032701990966e+00 -7.395420093597010469e-01 2.670437368639743680e-01 5.232599719165897945e-01 8.235638332057920730e-01 -3.691848523781263713e-01 6.552431695369790310e-01 -2.432593415384988120e-02 -9.816602441559528491e-02 7.861703398612176485e-01 -4.100518608121057618e-01 2.259277928037124017e+00 -3.459742439856304808e-01 -1.540755422415427400e+00 2.321635774877809366e-01 -1.424020980637079159e+00 4.160039573838312799e-01 1.494459010025480872e+00 6.768822706971022729e-01 -1.328143563223633805e-01 -1.675952150072505420e+00 -8.133364068923296664e-01 -5.758036352092565924e-01 6.914943207750280374e-01 -1.383339321821760004e+00 -1.188813373426630848e+00 -5.257857502561735785e-02 5.238841254137571735e-01 9.739700604389418814e-02 1.955902409560392075e+00 -3.908603953334663927e-01 -2.030645749856702764e+00 1.020157732565833753e+00 2.863378508611322260e-01 1.211112810166917297e+00 -6.280736598675583648e-01 -1.060003088994980525e+00 9.773608806723212139e-02 3.700423483147414760e-01
