# 
#                 ----------------------------------------------------
#                 Data from a 3D direct N-body simulation. 
# 
#                 rows are i-particle; 
#                 coumns are :mass, tag, x ,y, z, vx, vy, vz, ax, ay, az
# 
#                 NTHU, Computational Physics Lab
# 
#                 ----------------------------------------------------
#                 Time = 8.699999999999859
1.000000000000000000e+00 2.000000000000000000e+00 3.000000000000000000e+00 4.000000000000000000e+00 5.000000000000000000e+00 6.000000000000000000e+00 7.000000000000000000e+00 8.000000000000000000e+00 9.000000000000000000e+00 1.000000000000000000e+01 1.100000000000000000e+01 1.200000000000000000e+01 1.300000000000000000e+01 1.400000000000000000e+01 1.500000000000000000e+01 1.600000000000000000e+01 1.700000000000000000e+01 1.800000000000000000e+01 1.900000000000000000e+01 2.000000000000000000e+01 2.100000000000000000e+01 2.200000000000000000e+01 2.300000000000000000e+01 2.400000000000000000e+01 2.500000000000000000e+01 2.600000000000000000e+01 2.700000000000000000e+01 2.800000000000000000e+01 2.900000000000000000e+01 3.000000000000000000e+01 3.100000000000000000e+01 3.200000000000000000e+01 3.300000000000000000e+01 3.400000000000000000e+01 3.500000000000000000e+01 3.600000000000000000e+01 3.700000000000000000e+01 3.800000000000000000e+01 3.900000000000000000e+01 4.000000000000000000e+01 4.100000000000000000e+01 4.200000000000000000e+01 4.300000000000000000e+01 4.400000000000000000e+01 4.500000000000000000e+01 4.600000000000000000e+01 4.700000000000000000e+01 4.800000000000000000e+01 4.900000000000000000e+01 5.000000000000000000e+01 5.100000000000000000e+01 5.200000000000000000e+01 5.300000000000000000e+01 5.400000000000000000e+01 5.500000000000000000e+01 5.600000000000000000e+01 5.700000000000000000e+01 5.800000000000000000e+01 5.900000000000000000e+01 6.000000000000000000e+01 6.100000000000000000e+01 6.200000000000000000e+01 6.300000000000000000e+01 6.400000000000000000e+01 6.500000000000000000e+01 6.600000000000000000e+01 6.700000000000000000e+01 6.800000000000000000e+01 6.900000000000000000e+01 7.000000000000000000e+01 7.100000000000000000e+01 7.200000000000000000e+01 7.300000000000000000e+01 7.400000000000000000e+01 7.500000000000000000e+01 7.600000000000000000e+01 7.700000000000000000e+01 7.800000000000000000e+01 7.900000000000000000e+01 8.000000000000000000e+01 8.100000000000000000e+01 8.200000000000000000e+01 8.300000000000000000e+01 8.400000000000000000e+01 8.500000000000000000e+01 8.600000000000000000e+01 8.700000000000000000e+01 8.800000000000000000e+01 8.900000000000000000e+01 9.000000000000000000e+01 9.100000000000000000e+01 9.200000000000000000e+01 9.300000000000000000e+01 9.400000000000000000e+01 9.500000000000000000e+01 9.600000000000000000e+01 9.700000000000000000e+01 9.800000000000000000e+01 9.900000000000000000e+01 1.000000000000000000e+02
2.000000000000000111e-01 2.000000000000000111e-01 2.000000000000000111e-01 2.000000000000000111e-01 2.000000000000000111e-01 2.000000000000000111e-01 2.000000000000000111e-01 2.000000000000000111e-01 2.000000000000000111e-01 2.000000000000000111e-01 2.000000000000000111e-01 2.000000000000000111e-01 2.000000000000000111e-01 2.000000000000000111e-01 2.000000000000000111e-01 2.000000000000000111e-01 2.000000000000000111e-01 2.000000000000000111e-01 2.000000000000000111e-01 2.000000000000000111e-01 2.000000000000000111e-01 2.000000000000000111e-01 2.000000000000000111e-01 2.000000000000000111e-01 2.000000000000000111e-01 2.000000000000000111e-01 2.000000000000000111e-01 2.000000000000000111e-01 2.000000000000000111e-01 2.000000000000000111e-01 2.000000000000000111e-01 2.000000000000000111e-01 2.000000000000000111e-01 2.000000000000000111e-01 2.000000000000000111e-01 2.000000000000000111e-01 2.000000000000000111e-01 2.000000000000000111e-01 2.000000000000000111e-01 2.000000000000000111e-01 2.000000000000000111e-01 2.000000000000000111e-01 2.000000000000000111e-01 2.000000000000000111e-01 2.000000000000000111e-01 2.000000000000000111e-01 2.000000000000000111e-01 2.000000000000000111e-01 2.000000000000000111e-01 2.000000000000000111e-01 2.000000000000000111e-01 2.000000000000000111e-01 2.000000000000000111e-01 2.000000000000000111e-01 2.000000000000000111e-01 2.000000000000000111e-01 2.000000000000000111e-01 2.000000000000000111e-01 2.000000000000000111e-01 2.000000000000000111e-01 2.000000000000000111e-01 2.000000000000000111e-01 2.000000000000000111e-01 2.000000000000000111e-01 2.000000000000000111e-01 2.000000000000000111e-01 2.000000000000000111e-01 2.000000000000000111e-01 2.000000000000000111e-01 2.000000000000000111e-01 2.000000000000000111e-01 2.000000000000000111e-01 2.000000000000000111e-01 2.000000000000000111e-01 2.000000000000000111e-01 2.000000000000000111e-01 2.000000000000000111e-01 2.000000000000000111e-01 2.000000000000000111e-01 2.000000000000000111e-01 2.000000000000000111e-01 2.000000000000000111e-01 2.000000000000000111e-01 2.000000000000000111e-01 2.000000000000000111e-01 2.000000000000000111e-01 2.000000000000000111e-01 2.000000000000000111e-01 2.000000000000000111e-01 2.000000000000000111e-01 2.000000000000000111e-01 2.000000000000000111e-01 2.000000000000000111e-01 2.000000000000000111e-01 2.000000000000000111e-01 2.000000000000000111e-01 2.000000000000000111e-01 2.000000000000000111e-01 2.000000000000000111e-01 2.000000000000000111e-01
8.404197081347076903e+01 1.067601966911982174e+02 4.526291505700707773e+01 1.956156285693131736e+01 3.625635036537612166e+01 1.589648392147298317e+01 1.491512285491600664e+01 3.113879340407478580e+01 1.081349100616267833e+02 -8.917742013213146635e+00 7.381821469020780846e+00 -9.436813388850679019e+01 5.861244461295348174e+01 -1.440188866041127191e+01 -8.128959862600795816e+01 -2.086970937272125326e+01 -7.688803854957301098e+01 1.843268573626821194e+01 -1.342183856742864112e+00 1.441743629117512349e+01 -3.203697876107520415e+01 -8.224211022916514935e+01 -7.766440388575988152e+01 2.474440330356418194e+00 5.428280402810054284e+01 -3.262407856342626644e+01 -1.484311448858313476e+01 4.291659034372895576e+01 7.090298923487490868e+01 -8.571728475561329219e+00 -1.920695551724940486e+01 4.652480503483767649e+01 5.001145857672562034e-01 1.915138628648829311e+01 -6.052801539713640722e+01 9.259703818357226623e+01 9.161246020222969833e+01 4.316544914425954005e+01 -1.276533325692159870e+01 -7.385570455859673977e+00 1.793323409048798567e+01 6.319053433414307364e+01 -2.073128024667634506e+01 1.941182134777970347e+01 -3.212759176960933161e+01 3.222571309187004118e+01 1.886675977397219484e+01 2.093359524479591371e+01 1.135370839437745047e+02 5.321617019377875124e+01 -3.250956215091707069e+00 -3.937132766681889251e+01 5.367417181174729279e+01 -2.085828369518458203e+01 4.523143641867255127e+01 4.022620063876254193e+01 5.659813076719236591e+01 1.518523530892350948e+01 -4.927317790889302529e+01 -3.284867368570470347e+01 -1.686462712761811389e+01 -1.059266031126561529e+02 -5.261340867749483863e+01 7.351118712627982177e+01 -1.871218829423699326e+00 -8.174102294483722275e+00 1.030602211794656569e+02 -1.140419027158915632e+01 3.049688238407537000e+01 -3.516037684822046572e+01 4.336581668358171981e+01 -2.222085642261615845e+01 -8.108225884904649572e-01 -2.013346945433394097e+00 -2.208640731623518505e+01 3.013997356931954030e+00 -2.845643145918749184e+01 -2.350191110777888071e+01 -5.508222544530279663e+01 -9.861713869816044564e+01 -3.036804856160684452e+01 -1.418737729682895399e+01 5.489830696275282662e+01 -6.986247091288385036e+01 6.763241857407172652e+00 3.309862333940647972e+01 -7.541338142954464274e+01 -2.414635613837105410e+01 -9.224770209417926026e+01 4.212606247203670051e+00 1.901135639957509227e+01 1.857641264156379535e+01 2.352256885509182638e+01 9.835565644944755093e+01 -3.296951107800623504e+01 2.900614899026886917e+01 3.286383879897680771e+01 -2.291685460011873587e+01 -6.477248820445916877e+00 2.777208735109872251e+01
1.906393983980999707e+01 8.897371887360939979e+01 -7.210943708336160718e+00 6.862502031529754909e+00 5.796951746335382794e+00 7.117972159414073019e+01 -4.069052614539602786e+01 4.118314776339567373e+01 -6.928845317428827855e+01 7.302395237059376143e+01 1.801612892648223863e+01 -1.657471664365782260e+01 5.728299718831827647e+01 -4.995419365606934292e+01 9.293824332454776993e+01 -5.968445035311845004e+01 -1.013463156534949050e+01 -2.433570497223454154e+01 2.040632165511225793e+01 -3.022147512287153148e+01 -1.712866088013092281e+01 8.453115111789234248e+00 2.204786375583876179e+01 3.473424147835216047e+01 -5.882875559087448636e+01 -4.148541963942258093e+01 2.675512986273541838e+00 2.218458679446317561e+01 9.032343159689754941e+01 -5.101214902396345252e+01 5.823875514995610558e+01 1.697517640860316135e+01 8.508096803398015595e+01 8.971630016406622588e+01 4.618285384667362337e+01 -1.970551890116808735e+01 7.053445658304720212e+01 -4.103019488769877654e+01 3.822864440219244386e+01 2.925870908864426667e+01 -5.237619495509212442e+01 -3.309026914195649738e+01 8.810137496590427020e+01 -3.667953492272221894e+01 1.514918556994277576e+00 2.746956019818217953e+01 -5.207448219835672631e+01 7.940392056113558361e+00 4.499682714482434420e+01 -6.269148646473230002e+01 8.162608240817904459e+01 -4.689405049483303500e+00 -5.144932604869494952e+01 -2.372700655373937551e+01 4.171149140081260143e+00 -4.765128236289517361e+01 1.509960415464374073e+01 4.082045147013121777e+01 3.247157830173400583e+01 -2.170186688300497835e+01 -6.550368813214051045e+01 2.978712461227846475e+01 2.485090366494694614e+00 -6.159354960566261639e+01 -5.564896005991989369e+01 3.676833971674768975e+01 6.367448355059215714e+01 5.238851373492920516e+01 -7.703360784079340817e+01 1.333556466635404014e+01 1.511443881901595887e+01 -4.499374865845692995e+01 1.806342425134552343e+01 -4.554169435644748631e+01 2.293805426617952747e+01 7.456441043897962473e+00 -1.133472505953699816e+01 -2.586246117499173991e+01 3.721761538446910578e+01 2.030711504044201732e+01 -1.892814235076138729e+01 -1.472167579408077742e+01 5.143467330183258923e+01 2.482379767771353585e+01 -1.521312749104269102e+01 -3.456893311127692670e+01 2.907914489523092527e+01 -2.840744458561252728e+01 8.994228737267889073e+00 -1.481095698953942374e+01 -1.320915487408730087e+02 -3.107990248410849077e+01 -5.531530805347006030e+00 -5.266143950469004409e+00 7.319490945065393817e+01 -4.979723661666473333e+01 6.202121693543794123e+01 1.097623977432501903e+02 5.416286780495840958e+01 -1.903010707342761521e+01
4.662852114607712650e+01 -4.655922253053393689e+01 -4.917236442791550033e+00 6.928317823208396931e+01 2.114671928596044026e+01 -9.774135524097347982e+00 -1.216286782254445882e+02 -3.535731443635930304e+01 2.180002216696453665e+00 7.000229099475997430e+01 -4.229505295733234504e+01 7.448527422398965037e+00 -1.845330907845962187e+01 -6.765155414079775653e+01 -2.428079214478936620e+01 3.704054484748215259e+01 -4.266120742765186691e+01 -5.624703705143767252e+01 3.169387958418295792e+00 -1.728368896109066810e+01 -3.873874616637906598e+01 -1.914204789590355915e+01 -4.322515284781185585e+01 6.144821475050084914e+00 1.916776339100891136e+01 -2.757653591779310887e+01 -5.550913539761179294e+01 -7.318861865714748660e+01 5.615912746814856149e+01 5.023479592021580231e+01 9.922488748705374562e+00 3.366642868165054381e+01 6.046137184419350774e+00 -6.420925398887456481e+01 -5.588908825043132111e+01 -3.560991945266350456e+01 8.897382691272233046e+01 9.099846996984682335e+01 4.512529029648786150e+01 4.393361020111582604e+01 1.420850074684155828e+01 -7.128788005234085290e+00 3.202879940748481857e+01 2.568985212734149215e+01 -3.029290835023795125e+01 -9.923719428901126349e+00 -7.104558192250938475e+01 3.025301895488615500e+01 -4.348836364758376050e+01 -2.199048282891625306e+01 -3.548109825177028398e+01 -3.160905719151039861e+01 -5.466732506757814747e+01 9.192590053276956041e+01 -5.838157201597186940e+01 -7.359469780370311298e+01 4.386990556742583891e+01 -3.101561812169042298e+01 -3.827568242325045134e+01 8.297448390139213759e-01 -3.066272740035455868e+01 -7.632467490607974980e+01 -3.523361702082021196e+01 1.272261968718478364e+01 2.492943190488047023e+01 3.923535977845632772e+01 -1.758867728608080583e+01 3.121744097655257022e+01 -1.158940269125452227e+00 -4.676592527465855298e+00 3.745716921448973125e+01 -1.953567821662771919e+01 1.076371044750717800e+02 -1.648303693447133966e+01 -7.340538030717765139e+01 1.106101466857137616e+01 -6.784388685367478899e+01 1.981998327278116534e+01 7.119947975926072559e+01 3.224845138441533976e+01 -6.328557192853313751e+00 -7.984658284924712746e+01 -3.874943795425895843e+01 -2.743222698249969227e+01 3.294488367124391459e+01 -6.590549629154988054e+01 -5.663820501162051357e+01 -2.504779329847592884e+00 2.495901874057827285e+01 4.640241157646423531e+00 9.318335114444359135e+01 -1.862280830039058444e+01 -9.674471600818306172e+01 4.860263382991472270e+01 1.364181111801363322e+01 5.770039171037483072e+01 -2.992292839544436589e+01 -5.050091409616193516e+01 4.656178216065337772e+00 1.762978226046901042e+01
1.712867675661616573e+01 2.175893732110213108e+01 9.225051052256109330e+00 3.986864151648557897e+00 7.389417698329708628e+00 3.239867784418672514e+00 3.039871515263267820e+00 6.346405263063786606e+00 2.203910664807253994e+01 -1.817535342057675196e+00 1.504492193675481593e+00 -1.923326928908151245e+01 1.194584450108672691e+01 -2.935252483290132997e+00 -1.656773260346990284e+01 -4.253442504298280191e+00 -1.567061133202878409e+01 3.756788078348025195e+00 -2.735320397298500184e-01 2.938745353307739894e+00 -6.529488314570261132e+00 -1.676182569817753887e+01 -1.582883388233303101e+01 5.043046210280347497e-01 1.106343729666852838e+01 -6.649091494938213387e+00 -3.025203042570999035e+00 8.746869527946236289e+00 1.445083093945594577e+01 -1.747006046263813062e+00 -3.914546618920069943e+00 9.482107481366522705e+00 1.019236025655544942e-01 3.903264584424332106e+00 -1.233628720982207660e+01 1.887230000400324670e+01 1.867165840189699466e+01 8.797600815074238412e+00 -2.601597167349735340e+00 -1.505289268228269473e+00 3.654980782540598216e+00 1.287890845743551438e+01 -4.225260210865316779e+00 3.956331957374926933e+00 -6.548017515189319404e+00 6.567931213394609280e+00 3.845271659939000219e+00 4.266511661000063960e+00 2.314013357053272912e+01 1.084603656615898259e+01 -6.625731881266753165e-01 -8.024249248557591585e+00 1.093936973586398409e+01 -4.251143522780593820e+00 9.218649497151556460e+00 8.198521815729874263e+00 1.153526439534394221e+01 3.094943458309949325e+00 -1.004243098898783515e+01 -6.694814146364860719e+00 -3.437189858669578157e+00 -2.158902698709324142e+01 -1.072314784540768784e+01 1.498237744287291484e+01 -3.813632584023762817e-01 -1.666031923147609284e+00 2.100482986583522660e+01 -2.324291666747404062e+00 6.215604056885517537e+00 -7.166050751279278153e+00 8.838585233919582507e+00 -4.528853971309185766e+00 -1.652522077508660203e-01 -4.103489582833580451e-01 -4.501453856252740415e+00 6.142903313440669644e-01 -5.799709173404550278e+00 -4.789923780418826382e+00 -1.122636449123308999e+01 -2.009926031761301601e+01 -6.189326277482737559e+00 -2.891551744810820335e+00 1.118886011423620630e+01 -1.423873563016960375e+01 1.378439849944867568e+00 6.745853606421804649e+00 -1.537007276758216889e+01 -4.921331572630328388e+00 -1.880111951707489837e+01 8.585776638525581816e-01 3.874732716721883019e+00 3.785722579657250009e+00 4.794158163945024143e+00 2.004597480577216473e+01 -6.719516908064539606e+00 5.911770034959425324e+00 6.698007741082399491e+00 -4.670708251733516114e+00 -1.320152215955685771e+00 5.660228034683655984e+00
3.885435128227275658e+00 1.813384673005828773e+01 -1.469672570153664815e+00 1.398655915820664619e+00 1.181490230055877833e+00 1.450719451947164274e+01 -8.293184221117314792e+00 8.393585372937685918e+00 -1.412176497114224816e+01 1.488309064186525355e+01 3.671881804799889348e+00 -3.378095718233012690e+00 1.167489993594556630e+01 -1.018119755875217436e+01 1.894185727201445602e+01 -1.216432459675287348e+01 -2.065522495055401198e+00 -4.959893449710437885e+00 4.159031638031465583e+00 -6.159532003126606092e+00 -3.490967549748162035e+00 1.722849825727595041e+00 4.493607897239071391e+00 7.079190846863852471e+00 -1.198994187332979600e+01 -8.455158317439305904e+00 5.452866637827815666e-01 4.521452254983698182e+00 1.840893191117962502e+01 -1.039683482706366746e+01 1.186968622457056632e+01 3.459613809098410986e+00 1.734041634359670425e+01 1.828518096626415357e+01 9.412547457696145869e+00 -4.016206398912609998e+00 1.437572374847649748e+01 -8.362411921344348187e+00 7.791351798984817556e+00 5.963379879385713345e+00 -1.067480808399475478e+01 -6.744163128674062868e+00 1.795601980309992385e+01 -7.475676315567905128e+00 3.086907347750769692e-01 5.598595972915801688e+00 -1.061332865499365141e+01 1.618331726914381541e+00 9.170868203963074450e+00 -1.277720402488603568e+01 1.663629175156694018e+01 -9.557084551404495532e-01 -1.048593119842897003e+01 -4.835825844742243085e+00 8.501295989539693343e-01 -9.711837290048634941e+00 3.077465433494411151e+00 8.319648537660619070e+00 6.618040257289562689e+00 -4.423063644580002673e+00 -1.335032994380281934e+01 6.070952078942640107e+00 5.064831631826277603e-01 -1.255344201777434776e+01 -1.134183988966627510e+01 7.493754182949607490e+00 1.297757576924115952e+01 1.067731830687151984e+01 -1.570027444233608094e+01 2.717915434450495660e+00 3.080562638089388905e+00 -9.170176182795096054e+00 3.681528353590062697e+00 -9.281859112218604935e+00 4.675009690975376664e+00 1.519715224636002393e+00 -2.310132583974366494e+00 -5.271043543721216196e+00 7.585368447722897756e+00 4.138793261631073861e+00 -3.857830133505158354e+00 -3.000433051723895961e+00 1.048295582427792283e+01 5.059342043594515559e+00 -3.100596696117671858e+00 -7.045547218878693840e+00 5.926640505678424375e+00 -5.789671157609785013e+00 1.833146239630167873e+00 -3.018631231230356260e+00 -2.692176352669412864e+01 -6.334348784464661541e+00 -1.127394229439776296e+00 -1.073290606707172135e+00 1.491791417114626483e+01 -1.014921838125400200e+01 1.264057954187548027e+01 2.237080468855481641e+01 1.103897619380295048e+01 -3.878535574460896473e+00
9.503406803457929541e+00 -9.489294337484972530e+00 -1.002175698627965073e+00 1.412065169791505248e+01 4.309952738324607679e+00 -1.992080631199478313e+00 -2.478928651917697934e+01 -7.206188043687794753e+00 4.443084467879903077e-01 1.426723332175229153e+01 -8.620182239123007406e+00 1.518084767216979936e+00 -3.761008972433905306e+00 -1.378812434247109486e+01 -4.948702286876815570e+00 7.549261030223931357e+00 -8.694818457350608654e+00 -1.146376548172755427e+01 6.459739014044023619e-01 -3.522700105101611356e+00 -7.895351603555753606e+00 -3.901386863252223947e+00 -8.809768022344536931e+00 1.252377426220445900e+00 3.906584884595364571e+00 -5.620371192765123425e+00 -1.131336002952938102e+01 -1.491663476186317538e+01 1.144586372739920677e+01 1.023836910251835519e+01 2.022310967128442716e+00 6.861772829587843070e+00 1.232263293585915243e+00 -1.308655508351741226e+01 -1.139080208683222750e+01 -7.257697285443799551e+00 1.813387141970726546e+01 1.854649850195178118e+01 9.196893905310144390e+00 8.954081830170466105e+00 2.895848888017218403e+00 -1.452924648923062723e+00 6.527808933998519691e+00 5.235841692719063190e+00 -6.174040154541653891e+00 -2.022566022578579759e+00 -1.447986746181087270e+01 6.165863657350576510e+00 -8.863415267745477166e+00 -4.481899074318969056e+00 -7.231433908948900147e+00 -6.442273256548797455e+00 -1.114181345341162377e+01 1.873551861021421416e+01 -1.189880888794306024e+01 -1.499939042521030430e+01 8.941120113315715656e+00 -6.321316298941625611e+00 -7.801008797898979275e+00 1.689820272933742207e-01 -6.249393223865911118e+00 -1.555582273396839810e+01 -7.180988672851902344e+00 2.593006838072913656e+00 5.080882763583521644e+00 7.996703042000991246e+00 -3.584779779969085922e+00 6.362446210257689749e+00 -2.362051448679105825e-01 -9.531654557115278870e-01 7.633982859250837194e+00 -3.981599871373909139e+00 2.193764154215002549e+01 -3.359422742532676587e+00 -1.496080602265971393e+01 2.254338087701646565e+00 -1.382731175759064968e+01 4.039476961597288529e+00 1.451124049670354310e+01 6.572570751972011571e+00 -1.289740300249001770e+00 -1.627358339827892664e+01 -7.897543971065607238e+00 -5.591026602465467121e+00 6.714485562758223836e+00 -1.343226678835423726e+01 -1.154345604476333698e+01 -5.105187452220201205e-01 5.086926610004186777e+00 9.457303131038862221e-01 1.899182926360867896e+01 -3.795413111593445521e+00 -1.971763620453778643e+01 9.905757106892815855e+00 2.780350479457525115e+00 1.175996073027145883e+01 -6.098618921757714695e+00 -1.029265169173332772e+01 9.489984640218703804e-01 3.593134272474732160e+00
1.764018370463834362e+00 2.240876226263349036e+00 9.500499424291086736e-01 4.105925830484193351e-01 7.610053649603165660e-01 3.336605713115866623e-01 3.130657161288539769e-01 6.535896528270246364e-01 2.269728252855581108e+00 -1.871813672479465951e-01 1.549415058479500784e-01 -1.980763381831755598e+00 1.230255893560787239e+00 -3.022893335750442834e-01 -1.706251302659847147e+00 -4.380418973380842407e-01 -1.613855707949072515e+00 3.868980964283016410e-01 -2.816753819253928204e-02 3.026901245913952154e-01 -6.724476055203268965e-01 -1.726235256943792429e+00 -1.630149287622578935e+00 5.193473806969482048e-02 1.139382747333903545e+00 -6.847582255019668551e-01 -3.115560302989285324e-01 9.008070092588701394e-01 1.488239948352425124e+00 -1.799168139095873864e-01 -4.031392152980721733e-01 9.765066737581198364e-01 1.049606679191563904e-02 4.019828398633404354e-01 -1.270469717053496206e+00 1.943588438196824031e+00 1.922928428018326530e+00 9.060330441642480137e-01 -2.679138242969235639e-01 -1.550277717020363821e-01 3.764116260733624819e-01 1.326348533085973225e+00 -4.351434442255089352e-01 4.074465112853762339e-01 -6.743636184106703846e-01 6.764037542676295534e-01 3.960125288576524794e-01 4.393939841453170514e-01 2.383119474525852155e+00 1.116992314381596074e+00 -6.823499852309908298e-02 -8.263798548940753941e-01 1.126602754226644132e+00 -4.378088942500380498e-01 9.493924603164710652e-01 8.443326090951659424e-01 1.187966614645934005e+00 3.187399095793783110e-01 -1.034234457662403628e+00 -6.894604065787186542e-01 -3.539825220338864709e-01 -2.223375921429840307e+00 -1.104331487646760035e+00 1.542977772346503906e+00 -3.927369544112395416e-02 -1.715860093067867187e-01 2.163212024339632222e+00 -2.393691487335045942e-01 6.401223839582447228e-01 -7.380022073556969930e-01 9.102725408821606967e-01 -4.664096552792728612e-01 -1.701841043461502223e-02 -4.226115782697845852e-02 -4.635880842864946172e-01 6.326404220398798572e-02 -5.972873069608196639e-01 -4.932933200049841038e-01 -1.156161545000766511e+00 -2.069948202250054603e+00 -6.374135978114766621e-01 -2.977911680906137892e-01 1.152296606055495332e+00 -1.466393722148129131e+00 1.419625023351391846e-01 6.947290505716859910e-01 -1.582905979958781684e+00 -5.068344721010785703e-01 -1.936260111048194954e+00 8.842198679634281910e-02 3.990454322658645303e-01 3.898325068953997774e-01 4.937324559424804971e-01 2.064461469119089454e+00 -6.920139212144216234e-01 6.088308713281648243e-01 6.898023185840257421e-01 -4.810189764693182934e-01 -1.359597895053797911e-01 5.829221224997249706e-01
4.001457758758211192e-01 1.867540302565689814e+00 -1.513564672441422565e-01 1.440426752193952886e-01 1.216782475095432026e-01 1.494039872478247988e+00 -8.540850523104916991e-01 8.644249225577930185e-01 -1.454349942179020916e+00 1.532754747853811272e+00 3.781529771903625603e-01 -3.478957258436230493e-01 1.202353772300056800e+00 -1.048521465951463005e+00 1.950753896042466851e+00 -1.252755525059984665e+00 -2.127170528774001701e-01 -5.108020800065403710e-01 4.283230084107331193e-01 -6.343552072761446947e-01 -3.595164168895359502e-01 1.774313958299107707e-01 4.627812792940212416e-01 7.290557116638779478e-01 -1.234798687014631691e+00 -8.707618626897447589e-01 5.615548079929075231e-02 4.656461684759157782e-01 1.895870157857955984e+00 -1.070730958201609795e+00 1.222413111056713131e+00 3.562782992649525249e-01 1.785822174813054275e+00 1.883124131811405588e+00 9.693598475548138582e-01 -4.136147383441016734e-01 1.480505422209387190e+00 -8.612144884116406107e-01 8.023938506704572093e-01 6.141631140505249276e-01 -1.099354042968135214e+00 -6.945564993294819356e-01 1.849222310523701562e+00 -7.698899515135489979e-01 3.178250753268298950e-02 5.765781965318839131e-01 -1.093024145599323704e+00 1.666649973830575393e-01 9.444760315971161280e-01 -1.315875260844620920e+00 1.713309427750077774e+00 -9.841929298092041978e-02 -1.079906013481980898e+00 -4.980237852952689170e-01 8.755212299476794469e-02 -1.000183597639693556e+00 3.169366898276216871e-01 8.568085010488585285e-01 6.815641724173395755e-01 -4.555128609349911595e-01 -1.374895345977236172e+00 6.252257813470922798e-01 5.216010435042971877e-02 -1.292832062038129282e+00 -1.168049955959494568e+00 7.717489969927893156e-01 1.336514107648040461e+00 1.099612500616030442e+00 -1.616909903046749974e+00 2.799055264504504148e-01 3.172650026585016603e-01 -9.443965839558710051e-01 3.791473561929714631e-01 -9.558990975718645311e-01 4.814595235837162424e-01 1.565111356764730122e-01 -2.379107919212256339e-01 -5.428437841375319817e-01 7.811899532997446105e-01 4.262363303450629193e-01 -3.973119623554045576e-01 -3.090025985461990476e-01 1.079600985811441705e+00 5.210401123607509843e-01 -3.193181272160789952e-01 -7.255969625946963042e-01 6.103614521805736937e-01 -5.962466966640559418e-01 1.887918690785017062e-01 -3.108769751670570347e-01 -2.772578724650152093e+00 -6.523411737355024886e-01 -1.161070649548406469e-01 -1.105332526631740003e-01 1.536338636211760811e+00 -1.045229365809402067e+00 1.301802766017213786e+00 2.303888362634033626e+00 1.136861464665467558e+00 -3.994347020080459831e-01
9.787205883334588741e-01 -9.772686357977379279e-01 -1.032089224317661036e-01 1.454230455566312807e+00 4.438683319909735303e-01 -2.051574992293012656e-01 -2.552959210109492005e+00 -7.421357018480480017e-01 4.575767190364671971e-02 1.469328697035662046e+00 -8.877585481755270180e-01 1.563409955172088694e-01 -3.873350229746509443e-01 -1.419986676384059621e+00 -5.096496293726050508e-01 7.774690432258869466e-01 -8.954463087246431474e-01 -1.180610533546185614e+00 6.652869361301656792e-02 -3.628016830198078080e-01 -8.131088936722656868e-01 -4.017926950768730410e-01 -9.072859647680421302e-01 1.289770749992721066e-01 4.023225649707522500e-01 -5.788172491096741368e-01 -1.165119193554786436e+00 -1.536207219508200827e+00 1.178768821482117035e+00 1.054407034756397410e+00 2.082700891203995985e-01 7.066917489188095924e-01 1.269054449899457149e-01 -1.347735862116152150e+00 -1.173095103665712680e+00 -7.474436832246706963e-01 1.867543183359876791e+00 1.910035898967000101e+00 9.471365013996184690e-01 9.221384794192787338e-01 2.982326957332696593e-01 -1.496311946479093324e-01 6.722730899721168774e-01 5.392156620899278829e-01 -6.358429174706675679e-01 -2.082968919190635038e-01 -1.491227090701686686e+00 6.349949495946894951e-01 -9.128111463101277190e-01 -4.615736636743770771e-01 -7.447378778642469443e-01 -6.634656599938646426e-01 -1.147455243432582428e+00 1.929502319026293433e+00 -1.225414246895923709e+00 -1.544728937336454111e+00 9.208063854024636230e-01 -6.510077984739105483e-01 -8.033972712258878879e-01 1.738647905488521772e-02 -6.436007010052529065e-01 -1.602037997522907320e+00 -7.395419717295180773e-01 2.670437240782878030e-01 5.232599419985490830e-01 8.235639407309648385e-01 -3.691848577830022515e-01 6.552431326822161228e-01 -2.432593381263554316e-02 -9.816605244749150583e-02 7.861700554747476088e-01 -4.100518647163506891e-01 2.259277872421426192e+00 -3.459742304844954375e-01 -1.540755347848573376e+00 2.321635461814615387e-01 -1.424020909055470296e+00 4.160038747444655405e-01 1.494458964248407407e+00 6.768822244953736078e-01 -1.328142372269043581e-01 -1.675952057456987720e+00 -8.133363569533693660e-01 -5.758036633053719155e-01 6.914942411155075019e-01 -1.383339277664110023e+00 -1.188813291145371265e+00 -5.257859524587733119e-02 5.238841130586106010e-01 9.739700038060820908e-02 1.955902391814905217e+00 -3.908602270197560902e-01 -2.030645680443885492e+00 1.020157705711804752e+00 2.863378403954169316e-01 1.211112751937786891e+00 -6.280736349487190395e-01 -1.060003066166570251e+00 9.773610801663883130e-02 3.700423240425576021e-01
