# 
#                 ----------------------------------------------------
#                 Data from a 3D direct N-body simulation. 
# 
#                 rows are i-particle; 
#                 coumns are :mass, tag, x ,y, z, vx, vy, vz, ax, ay, az
# 
#                 NTHU, Computational Physics Lab
# 
#                 ----------------------------------------------------
#                 Time = 3.799999999999963
1.000000000000000000e+00 2.000000000000000000e+00 3.000000000000000000e+00 4.000000000000000000e+00 5.000000000000000000e+00 6.000000000000000000e+00 7.000000000000000000e+00 8.000000000000000000e+00 9.000000000000000000e+00 1.000000000000000000e+01 1.100000000000000000e+01 1.200000000000000000e+01 1.300000000000000000e+01 1.400000000000000000e+01 1.500000000000000000e+01 1.600000000000000000e+01 1.700000000000000000e+01 1.800000000000000000e+01 1.900000000000000000e+01 2.000000000000000000e+01 2.100000000000000000e+01 2.200000000000000000e+01 2.300000000000000000e+01 2.400000000000000000e+01 2.500000000000000000e+01 2.600000000000000000e+01 2.700000000000000000e+01 2.800000000000000000e+01 2.900000000000000000e+01 3.000000000000000000e+01 3.100000000000000000e+01 3.200000000000000000e+01 3.300000000000000000e+01 3.400000000000000000e+01 3.500000000000000000e+01 3.600000000000000000e+01 3.700000000000000000e+01 3.800000000000000000e+01 3.900000000000000000e+01 4.000000000000000000e+01 4.100000000000000000e+01 4.200000000000000000e+01 4.300000000000000000e+01 4.400000000000000000e+01 4.500000000000000000e+01 4.600000000000000000e+01 4.700000000000000000e+01 4.800000000000000000e+01 4.900000000000000000e+01 5.000000000000000000e+01 5.100000000000000000e+01 5.200000000000000000e+01 5.300000000000000000e+01 5.400000000000000000e+01 5.500000000000000000e+01 5.600000000000000000e+01 5.700000000000000000e+01 5.800000000000000000e+01 5.900000000000000000e+01 6.000000000000000000e+01 6.100000000000000000e+01 6.200000000000000000e+01 6.300000000000000000e+01 6.400000000000000000e+01 6.500000000000000000e+01 6.600000000000000000e+01 6.700000000000000000e+01 6.800000000000000000e+01 6.900000000000000000e+01 7.000000000000000000e+01 7.100000000000000000e+01 7.200000000000000000e+01 7.300000000000000000e+01 7.400000000000000000e+01 7.500000000000000000e+01 7.600000000000000000e+01 7.700000000000000000e+01 7.800000000000000000e+01 7.900000000000000000e+01 8.000000000000000000e+01 8.100000000000000000e+01 8.200000000000000000e+01 8.300000000000000000e+01 8.400000000000000000e+01 8.500000000000000000e+01 8.600000000000000000e+01 8.700000000000000000e+01 8.800000000000000000e+01 8.900000000000000000e+01 9.000000000000000000e+01 9.100000000000000000e+01 9.200000000000000000e+01 9.300000000000000000e+01 9.400000000000000000e+01 9.500000000000000000e+01 9.600000000000000000e+01 9.700000000000000000e+01 9.800000000000000000e+01 9.900000000000000000e+01 1.000000000000000000e+02
2.000000000000000111e-01 2.000000000000000111e-01 2.000000000000000111e-01 2.000000000000000111e-01 2.000000000000000111e-01 2.000000000000000111e-01 2.000000000000000111e-01 2.000000000000000111e-01 2.000000000000000111e-01 2.000000000000000111e-01 2.000000000000000111e-01 2.000000000000000111e-01 2.000000000000000111e-01 2.000000000000000111e-01 2.000000000000000111e-01 2.000000000000000111e-01 2.000000000000000111e-01 2.000000000000000111e-01 2.000000000000000111e-01 2.000000000000000111e-01 2.000000000000000111e-01 2.000000000000000111e-01 2.000000000000000111e-01 2.000000000000000111e-01 2.000000000000000111e-01 2.000000000000000111e-01 2.000000000000000111e-01 2.000000000000000111e-01 2.000000000000000111e-01 2.000000000000000111e-01 2.000000000000000111e-01 2.000000000000000111e-01 2.000000000000000111e-01 2.000000000000000111e-01 2.000000000000000111e-01 2.000000000000000111e-01 2.000000000000000111e-01 2.000000000000000111e-01 2.000000000000000111e-01 2.000000000000000111e-01 2.000000000000000111e-01 2.000000000000000111e-01 2.000000000000000111e-01 2.000000000000000111e-01 2.000000000000000111e-01 2.000000000000000111e-01 2.000000000000000111e-01 2.000000000000000111e-01 2.000000000000000111e-01 2.000000000000000111e-01 2.000000000000000111e-01 2.000000000000000111e-01 2.000000000000000111e-01 2.000000000000000111e-01 2.000000000000000111e-01 2.000000000000000111e-01 2.000000000000000111e-01 2.000000000000000111e-01 2.000000000000000111e-01 2.000000000000000111e-01 2.000000000000000111e-01 2.000000000000000111e-01 2.000000000000000111e-01 2.000000000000000111e-01 2.000000000000000111e-01 2.000000000000000111e-01 2.000000000000000111e-01 2.000000000000000111e-01 2.000000000000000111e-01 2.000000000000000111e-01 2.000000000000000111e-01 2.000000000000000111e-01 2.000000000000000111e-01 2.000000000000000111e-01 2.000000000000000111e-01 2.000000000000000111e-01 2.000000000000000111e-01 2.000000000000000111e-01 2.000000000000000111e-01 2.000000000000000111e-01 2.000000000000000111e-01 2.000000000000000111e-01 2.000000000000000111e-01 2.000000000000000111e-01 2.000000000000000111e-01 2.000000000000000111e-01 2.000000000000000111e-01 2.000000000000000111e-01 2.000000000000000111e-01 2.000000000000000111e-01 2.000000000000000111e-01 2.000000000000000111e-01 2.000000000000000111e-01 2.000000000000000111e-01 2.000000000000000111e-01 2.000000000000000111e-01 2.000000000000000111e-01 2.000000000000000111e-01 2.000000000000000111e-01 2.000000000000000111e-01
2.128849627169681114e+01 2.704312342774490929e+01 1.146551562426419402e+01 4.955092652473759962e+00 9.184074029311547704e+00 4.026727352745778532e+00 3.778106412340772824e+00 7.887752273387938828e+00 2.739137595968584193e+01 -2.258931226082032673e+00 1.869882676868524829e+00 -2.390417977221307311e+01 1.484702961267964483e+01 -3.648135347921163785e+00 -2.059125632904959247e+01 -5.286535060011854803e+00 -1.947638207189831050e+01 4.669135933137016359e+00 -3.400286028020277906e-01 3.651372319814108369e+00 -8.115219912496357324e+00 -2.083262000062784480e+01 -1.967306154511852512e+01 6.268245404773402640e-01 1.375025169894286847e+01 -8.264054305534768829e+00 -3.759849617787386578e+00 1.087111839241760158e+01 1.796023858209774815e+01 -2.171300442577102974e+00 -4.865364506498872643e+00 1.178544502495114443e+01 1.266943347008403220e-01 4.851194012799624922e+00 -1.533219748467429611e+01 2.345554835556839990e+01 2.320609022282836875e+01 1.093413219707249162e+01 -3.233815314138265951e+00 -1.870760903911316220e+00 4.542650247922569662e+00 1.600669816318875149e+01 -5.251402567255651910e+00 4.917190588444790400e+00 -8.138040245028781428e+00 8.163078110273172427e+00 4.779058873067285163e+00 5.302612816264615780e+00 2.875977950552239903e+01 1.348008447929415254e+01 -8.235089504995377618e-01 -9.973198284925473445e+00 1.359612717435487639e+01 -5.283576546485376113e+00 1.145751122662072952e+01 1.018965763307195971e+01 1.433687635184765341e+01 3.846484606500402137e+00 -1.248125098073489525e+01 -8.321059257338440318e+00 -4.271957341830950661e+00 -2.683199963676557331e+01 -1.332748531382651436e+01 1.862098692772418929e+01 -4.740198531320796715e-01 -2.070434707353472348e+00 2.610591591311446535e+01 -2.888788038604072295e+00 7.725092001427533717e+00 -8.906445534897788008e+00 1.098456803171093199e+01 -5.628720160174155218e+00 -2.053928484087839956e-01 -5.099821282953225232e-01 -5.594658611249420765e+00 7.634594980689664023e-01 -7.208291500150085795e+00 -5.953271694308076789e+00 -1.395275941810346865e+01 -2.498049242443719109e+01 -7.692500751606809573e+00 -3.593756711347904531e+00 1.390621421673153435e+01 -1.769672388562315390e+01 1.713146150518533917e+00 8.384163528131344023e+00 -1.910281213890489838e+01 -6.116378719820795062e+00 -2.336701968950021779e+01 1.067081648833598795e+00 4.815706529630887189e+00 4.706319221457308188e+00 5.958452267451852080e+00 2.491424078799350994e+01 -8.351506440040347812e+00 7.347490821584673704e+00 8.324678181828405243e+00 -5.805017225546683868e+00 -1.640699929560867076e+00 7.034951016896883402e+00
4.829058096895805896e+00 2.253769176391554652e+01 -1.826582526269872497e+00 1.738320387129937528e+00 1.468396882500745404e+00 1.803041830420694325e+01 -1.030721483833578489e+01 1.043200097251194691e+01 -1.755127634766767031e+01 1.849752971388726053e+01 4.563634862913264811e+00 -4.198536310118465842e+00 1.451024532785029386e+01 -1.265382677023411517e+01 2.354194386430494745e+01 -1.511859111301066250e+01 -2.567240262370143800e+00 -6.164406131599591276e+00 5.169084612840258330e+00 -7.655201552059622827e+00 -4.338915583536921972e+00 2.141214713615586351e+00 5.584874346671072409e+00 8.798521202273143160e+00 -1.490179947031750274e+01 -1.050864111337121010e+01 6.777551792293522448e-01 5.619553490071814039e+00 2.287958705275551097e+01 -1.292178418013227592e+01 1.475236301514352988e+01 4.300192407577200449e+00 2.155172462135930900e+01 2.272581943572983931e+01 1.169853738950398103e+01 -4.991552608706154359e+00 1.786687809267598226e+01 -1.039325674534283017e+01 9.683760661291907823e+00 7.411173323248505085e+00 -1.326738204424182044e+01 -8.382020929704873780e+00 2.231679302205265714e+01 -9.291250634942656461e+00 3.838844156924377526e-01 6.958261562180609872e+00 -1.319092778764841256e+01 2.011380145032873212e+00 1.139800780929034119e+01 -1.588027022220810203e+01 2.067653351324656086e+01 -1.187958238939272437e+00 -1.303253563984188190e+01 -6.010235719218680828e+00 1.056577315042849019e+00 -1.207048469235963850e+01 3.824848671101654496e+00 1.034016035983225379e+01 8.225359849317124272e+00 -5.497287515785477474e+00 -1.659269172925148084e+01 7.545295102116461372e+00 6.295050703043880702e-01 -1.560213337534093903e+01 -1.409638563963441449e+01 9.313792188718405640e+00 1.612921456252719210e+01 1.327050352669592748e+01 -1.951326785586156731e+01 3.378045459852779153e+00 3.828446818845197885e+00 -1.139736785662642582e+01 4.575599462386535698e+00 -1.153615476218518943e+01 5.810429025361553812e+00 1.888752487624798082e+00 -2.871194786119420694e+00 -6.551187974782704870e+00 9.427495626590596700e+00 5.143995882471491754e+00 -4.794503586266696260e+00 -3.729130350071454103e+00 1.302880013034648421e+01 6.288108962514272093e+00 -3.853618108698923628e+00 -8.756543287105767348e+00 7.365996193506012091e+00 -7.195999546847735573e+00 2.278258149402948352e+00 -3.751742321723756657e+00 -3.345971547413927993e+01 -7.872951287670396425e+00 -1.401164301267654677e+00 -1.333971899931064353e+00 1.854087650249057617e+01 -1.261404581140800829e+01 1.571052070178014759e+01 2.780363542027269119e+01 1.371990724336020406e+01 -4.820496789758125900e+00
1.181136899854102218e+01 -1.179379052936929639e+01 -1.245598933843872214e+00 1.755002283429029930e+01 5.356590039107661738e+00 -2.475856232608618424e+00 -3.080945052508033299e+01 -8.956333010378017434e+00 5.522117042226629691e-01 1.773213963620973033e+01 -1.071370217965465343e+01 1.886785955525100533e+00 -4.674321815918497158e+00 -1.713668585876557771e+01 -6.150494816953830046e+00 9.382682308281328432e+00 -1.080643053581496638e+01 -1.424781630137926136e+01 8.027924609952832302e-01 -4.377890792994640456e+00 -9.812896709209638857e+00 -4.848773214416326027e+00 -1.094925792050773516e+01 1.556542048576623261e+00 4.855380426323817389e+00 -6.985419130243179175e+00 -1.406092809902794194e+01 -1.853927709787422273e+01 1.422551523110321803e+01 1.272494512281216217e+01 2.513447577731962035e+00 8.527572643867248559e+00 1.531547114144623079e+00 -1.626470380643545255e+01 -1.415716560101778043e+01 -9.020264507881645244e+00 2.253771334985777841e+01 2.305060915666570054e+01 1.143088736125490890e+01 1.112888374448504969e+01 3.599124873558445792e+00 -1.805779818522374791e+00 8.113174731767227144e+00 6.507512871243984698e+00 -7.673405912369154258e+00 -2.513750162139513744e+00 -1.799641350664521866e+01 7.663402508133864366e+00 -1.101592698238412815e+01 -5.570369528298704687e+00 -8.987650834486768048e+00 -8.006823865039258692e+00 -1.384763974902615402e+01 2.328553558250972699e+01 -1.478850714277447587e+01 -1.864215688897061085e+01 1.111269925662189983e+01 -7.856517416045835311e+00 -9.695523929655189832e+00 2.104603973410484052e-01 -7.767127554742843110e+00 -1.933361026482228695e+01 -8.924974530834022701e+00 3.222746304410386120e+00 6.314842472966745390e+00 9.938398163009054542e+00 -4.455320490513533294e+00 7.907648977405859370e+00 -2.935679004639702994e-01 -1.184564780055468836e+00 9.488629528426448800e+00 -4.948511416794664441e+00 2.726529271749171457e+01 -4.175286361350532438e+00 -1.859420000809000939e+01 2.801881940172238128e+00 -1.718543146523066767e+01 5.020674074797635278e+00 1.803538196536623772e+01 8.168826586148156821e+00 -1.603266653414995746e+00 -2.022583021369917944e+01 -9.815576305794673218e+00 -6.948719133260404135e+00 8.345294125465123614e+00 -1.669437780373729652e+01 -1.434697534395899687e+01 -6.344431722362123827e-01 6.322307337772434366e+00 1.175413708780917554e+00 2.360399626659914674e+01 -4.717563924337651926e+00 -2.450620117353846439e+01 1.231141771734741575e+01 3.455579719607865474e+00 1.461599370378858609e+01 -7.579720087801415040e+00 -1.279225800205681018e+01 1.179407381730988691e+00 4.465782835947894824e+00
8.484985904203877993e+00 1.077864339421498130e+01 4.569805386308503969e+00 1.974960348875927973e+00 3.660490612636478680e+00 1.604930646034717689e+00 1.505849457310852957e+00 3.143815250900539482e+00 1.091743755931432780e+01 -9.003465813672117957e-01 7.452786691616762882e-01 -9.527527902877158894e+00 5.917589765451124251e+00 -1.454034418173208332e+00 -8.207100755053531316e+00 -2.107036408810433858e+00 -7.762717324753123371e+00 1.860987297442736166e+00 -1.355107405034662316e-01 1.455569184024186669e+00 -3.234494731184334171e+00 -8.303271772529345895e+00 -7.841101164056492934e+00 2.498241418127763458e-01 5.480461392827974620e+00 -3.293774911632000979e+00 -1.498578580354227530e+00 4.332914702654584005e+00 7.158454890813607641e+00 -8.654134604909026196e-01 -1.939163533948564222e+00 4.697221499221275742e+00 5.049277785681028502e-02 1.933548508353877038e+00 -6.110985219761638554e+00 9.348715849960536062e+00 9.249308769553545417e+00 4.358038612505155562e+00 -1.288817216744392757e+00 -7.456536239709115055e-01 1.810563472125164663e+00 6.379799724679265260e+00 -2.093057085116126537e+00 1.959843674453705109e+00 -3.243636549571432770e+00 3.253552089583441997e+00 1.904810411940475845e+00 2.113481195102307364e+00 1.146284752197519374e+01 5.372773634982758395e+00 -3.282215325656360205e-01 -3.974986512013589657e+00 5.419015422861997777e+00 -2.105879666214566015e+00 4.566625743142162186e+00 4.061291282793717983e+00 5.714226426105686762e+00 1.533118203587158446e+00 -4.974681939933902619e+00 -3.316455949578775986e+00 -1.702675220082369600e+00 -1.069448430113831350e+01 -5.311922278018370136e+00 7.421785450995971978e+00 -1.889219259447458832e-01 -8.252614588620285074e-01 1.040509035708471330e+01 -1.151382590831160790e+00 3.079004150235169934e+00 -3.549839228026170801e+00 4.378252110616925208e+00 -2.243446428118266223e+00 -8.186194725881897061e-02 -2.032693836590197811e-01 -2.229872048833551279e+00 3.042965749705305312e-01 -2.873000660507992521e+00 -2.372785857876531068e+00 -5.561172406093001896e+00 -9.956513219155418426e+00 -3.065999071816307264e+00 -1.432375028359762936e+00 5.542605883153540525e+00 -7.053405637585130172e+00 6.828238186579795865e-01 3.341680763548136035e+00 -7.613832667009407196e+00 -2.437843107271013388e+00 -9.313444487817209350e+00 4.253099260936189507e-01 1.919410076114738128e+00 1.875536805159272014e+00 2.374868900152088624e+00 9.930112833594378685e+00 -3.328647808822939869e+00 2.928498446039245806e+00 3.317975989588064056e+00 -2.313715066418794208e+00 -6.539494962739664796e-01 2.803908856802797445e+00
1.924720544728807603e+00 8.982898811675346096e+00 -7.280258624034794401e-01 6.928467851717247106e-01 5.852668969734323712e-01 7.186398178431618433e+00 -4.108167201475232844e+00 4.157902974610233393e+00 -6.995449866830324659e+00 7.372591774539895226e+00 1.818931981454896540e+00 -1.673406256922297608e+00 5.783365809140105895e+00 -5.043441599451491619e+00 9.383162651684221700e+00 -6.025821542382148621e+00 -1.023208363604811932e+00 -2.456963182394698908e+00 2.060248678533328270e+00 -3.051192316537290949e+00 -1.729336201316482580e+00 8.534361156494443268e-01 2.225979604777656551e+00 3.506817000755535041e+00 -5.939427638413794064e+00 -4.188424320892415231e+00 2.701245648445088632e-01 2.239785628499567416e+00 9.119167669084438543e+00 -5.150252598137931237e+00 5.879861192823167215e+00 1.713847960398473758e+00 8.589886496411846650e+00 9.057872065836351183e+00 4.662683296367390540e+00 -1.989494076497769992e+00 7.121246948804179411e+00 -4.142460652250357533e+00 3.859620386483062493e+00 2.953982688830429471e+00 -5.287972121508520473e+00 -3.340836002051556619e+00 8.894829460986768410e+00 -3.703214909492835272e+00 1.529552623509892462e-01 2.773362498966229772e+00 -5.257509420875809525e+00 8.016730303232748600e-01 4.542935564007478888e+00 -6.329414454590188477e+00 8.241074735241786797e+00 -4.734530993731884685e-01 -5.194391104165617001e+00 -2.395509083285377816e+00 4.211242180305436178e-01 -4.810936879179404713e+00 1.524475507442841549e+00 4.121286337729926252e+00 3.278375064697315544e+00 -2.191050141030737475e+00 -6.613341369912757450e+00 3.007345610644551304e+00 2.508985291905188597e-01 -6.218564301537391259e+00 -5.618394032580384945e+00 3.712183072273700368e+00 6.428656300713469385e+00 5.289215893240579724e+00 -7.777414780486318513e+00 1.346377884856926554e+00 1.525965289317830820e+00 -4.542631697349087005e+00 1.823706200339495931e+00 -4.597952403040926228e+00 2.315857484539284528e+00 7.528107732742282954e-01 -1.144369434040085842e+00 -2.611108565504639767e+00 3.757537475782724012e+00 2.050234690758185430e+00 -1.911002509858527709e+00 -1.486320063291706406e+00 5.192910560010929544e+00 2.506244882796798912e+00 -1.535937619226923179e+00 -3.490122092078831173e+00 2.935868948175389903e+00 -2.868060683062517935e+00 9.080664084045367845e-01 -1.495333826305093039e+00 -1.333612743018227675e+01 -3.137875359083083016e+00 -5.584696881863308038e-01 -5.316774862000338553e-01 7.389853907062563287e+00 -5.027593897427919956e+00 6.261744917372181973e+00 1.108175101349181091e+01 5.468354280349185359e+00 -1.921305181617102065e+00
4.707675491999046891e+00 -4.700677794307272173e+00 -4.964517340291173531e-01 6.994921404861075054e+00 2.134998037444247654e+00 -9.868088661357644620e-01 -1.227978563553634217e+01 -3.569722382147858752e+00 2.200958336306962915e-01 7.067521965294026209e+00 -4.270164682866981032e+00 7.520136927221140466e-01 -1.863067562114934850e+00 -6.830188857927155688e+00 -2.451419040063190558e+00 3.739662193310044458e+00 -4.307131045568969085e+00 -5.678773333927617628e+00 3.199835855102741711e-01 -1.744973370115501243e+00 -3.911117103167478515e+00 -1.932602947173095220e+00 -4.364066489554009109e+00 6.203896149102345881e-01 1.935203846178215947e+00 -2.784165873089345933e+00 -5.604275225992248366e+00 -7.389218487719904971e+00 5.669896237276772055e+00 5.071773530914411410e+00 1.001787409891755631e+00 3.398986205247782610e+00 6.104264493330936459e-01 -6.482648787534769141e+00 -5.642635381498274150e+00 -3.595222963450396936e+00 8.982909432511188896e+00 9.187321881137760826e+00 4.555922197845312382e+00 4.435601599188196076e+00 1.434508543999013286e+00 -7.197317127044469132e-01 3.233670259243526246e+00 2.593684122243157475e+00 -3.058409781457486876e+00 -1.001911206268802257e+00 -7.172853965795964015e+00 3.054387505198521424e+00 -4.390640377838586517e+00 -2.220187852719168298e+00 -3.582217889909574904e+00 -3.191291211259704053e+00 -5.519282430241400306e+00 9.280956514341967889e+00 -5.894278554048835161e+00 -7.430217593338443116e+00 4.429167532231332416e+00 -3.131377648003337288e+00 -3.864361863547986609e+00 8.378599144601836524e-02 -3.095749352744914695e+00 -7.705836061743000620e+00 -3.557232493268116080e+00 1.284492414049530851e+00 2.516908635865592103e+00 3.961241212466840356e+00 -1.775774051249487950e+00 3.151754352676059412e+00 -1.170080644876886067e-01 -4.721521846748648055e-01 3.781745673435078281e+00 -1.972345788011435896e+00 1.086717920154036676e+01 -1.664148827267149411e+00 -7.411103791531235885e+00 1.116736280373184398e+00 -6.849608317649606981e+00 2.001056837538399691e+00 7.188390941605630857e+00 3.255847215822559537e+00 -6.389488983555039470e-01 -8.061417041569262310e+00 -3.912195134413173125e+00 -2.769589039105576411e+00 3.326162684505997724e+00 -6.653903719814239004e+00 -5.718269785272434902e+00 -2.528839069178653864e-01 2.519894285899209496e+00 4.684849332630400265e-01 9.407907299386547351e+00 -1.880195683299721310e+00 -9.767471414654567141e+00 4.906983979165543630e+00 1.377294917422867915e+00 5.825507444050680661e+00 -3.021057767414464745e+00 -5.098636353204573979e+00 4.700918094075197118e-01 1.779926550475885438e+00
1.764018965271040962e+00 2.240876523401681197e+00 9.500506160344415196e-01 4.105926866678492604e-01 7.610059315216961551e-01 3.336608121482492195e-01 3.130657508883438189e-01 6.535901596463897789e-01 2.269728714529124058e+00 -1.871814107142696082e-01 1.549416094840410929e-01 -1.980763961070077572e+00 1.230256502610152625e+00 -3.022895684729206556e-01 -1.706251633325174488e+00 -4.380424647104325664e-01 -1.613856445701480791e+00 3.868981734531318217e-01 -2.816779545967198345e-02 3.026862612393544372e-01 -6.724478302848884148e-01 -1.726236085854363278e+00 -1.630150146589272486e+00 5.193492470619143903e-02 1.139383061317324586e+00 -6.847591337868462746e-01 -3.115559690191586073e-01 9.008073502545924649e-01 1.488240162728068139e+00 -1.799169543207079502e-01 -4.031398760851581109e-01 9.765090040123211024e-01 1.049613601675853866e-02 4.019829540727309358e-01 -1.270469984564203347e+00 1.943589011501812847e+00 1.922928666081649807e+00 9.060332474905012923e-01 -2.679153954644192259e-01 -1.550274612081722625e-01 3.764118695369486622e-01 1.326349187217255476e+00 -4.351436211766771534e-01 4.074467795938695458e-01 -6.743630752016775975e-01 6.764042714554561186e-01 3.960124269681100651e-01 4.393939440658237161e-01 2.383119917452227288e+00 1.116992734091330375e+00 -6.823511419450206672e-02 -8.263808833705785784e-01 1.126603334929190181e+00 -4.378090894596760596e-01 9.493929565866572329e-01 8.443331408254328707e-01 1.187967721234997498e+00 3.187396948520561657e-01 -1.034234604392336276e+00 -6.894619728814623816e-01 -3.539827214212171169e-01 -2.223376398154438771e+00 -1.104332395629731733e+00 1.542978417058224805e+00 -3.927385516327422388e-02 -1.715853121831348305e-01 2.163212443183273326e+00 -2.393693243187401121e-01 6.401225440068303296e-01 -7.380027098440358202e-01 9.102708882811767488e-01 -4.664098203579054580e-01 -1.701844550778894641e-02 -4.226108767728269100e-02 -4.635882224229481707e-01 6.326400637466651766e-02 -5.972878105695235140e-01 -4.932937850532125301e-01 -1.156161910661670067e+00 -2.069948846998065584e+00 -6.374140073711260790e-01 -2.977911629809483762e-01 1.152297218106261401e+00 -1.466394257924078959e+00 1.419623388055448743e-01 6.947294023324627199e-01 -1.582906547503927230e+00 -5.068341538868890161e-01 -1.936260455740720587e+00 8.842198854232244387e-02 3.990454482557764249e-01 3.898371159335479730e-01 4.937326191314923562e-01 2.064462018704002588e+00 -6.920145502325756315e-01 6.088310982775305691e-01 6.898025959950329078e-01 -4.810191190109299186e-01 -1.359596126666757776e-01 5.829226750228960752e-01
4.001459760349437289e-01 1.867540612219333429e+00 -1.513564802137690180e-01 1.440426909033666047e-01 1.216781908736207646e-01 1.494040558768787497e+00 -8.540852394057526498e-01 8.644251199367039007e-01 -1.454350217602329520e+00 1.532755176186444412e+00 3.781531442423641809e-01 -3.478960133758178253e-01 1.202354228834852767e+00 -1.048522017414552643e+00 1.950754272422126290e+00 -1.252756222490706284e+00 -2.127174595450035122e-01 -5.108021334978452010e-01 4.283231635083510902e-01 -6.343546187658999358e-01 -3.595170603817296473e-01 1.774313038261770836e-01 4.627812962922425721e-01 7.290563219647454574e-01 -1.234799162030329578e+00 -8.707624803955392734e-01 5.615565347036062527e-02 4.656464533607526657e-01 1.895870490802688435e+00 -1.070731337434445374e+00 1.222413670637552796e+00 3.562798493784473663e-01 1.785823020760576307e+00 1.883124596885179969e+00 9.693604929275846382e-01 -4.136148126140238301e-01 1.480505586231092519e+00 -8.612146844283168345e-01 8.023949477433323096e-01 6.141616446660442818e-01 -1.099354861445835718e+00 -6.945566982103850151e-01 1.849223035644479429e+00 -7.698904088468423446e-01 3.178334982162714373e-02 5.765784174638484139e-01 -1.093024799761960208e+00 1.666651461759395547e-01 9.444760920837296236e-01 -1.315875823689923729e+00 1.713310010626437396e+00 -9.841987568668859876e-02 -1.079906459832593146e+00 -4.980239369989276632e-01 8.755210754054665312e-02 -1.000184153574480650e+00 3.169367934891613170e-01 8.568088881359221531e-01 6.815647037071920211e-01 -4.555132054841460887e-01 -1.374896325502149352e+00 6.252258806051853579e-01 5.216019151323719044e-02 -1.292832497054967611e+00 -1.168050718266703258e+00 7.717497255174807780e-01 1.336514349973365601e+00 1.099613325252835949e+00 -1.616910710853658006e+00 2.799058603846865112e-01 3.172641758865022976e-01 -9.443974536748100945e-01 3.791474328619560130e-01 -9.558999012262622275e-01 4.814599078871916182e-01 1.565110550685287483e-01 -2.379109834207393526e-01 -5.428440938830385587e-01 7.811900959522620758e-01 4.262367226782227125e-01 -3.973112576844128885e-01 -3.090027801234500604e-01 1.079601294029689962e+00 5.210405459429736652e-01 -3.193183073564405117e-01 -7.255969697640652916e-01 6.103617660997132655e-01 -5.962478767063864593e-01 1.887916365581779332e-01 -3.108771361763043029e-01 -2.772578970296647682e+00 -6.523423626439595058e-01 -1.161070102266505838e-01 -1.105333823035235946e-01 1.536339308824458350e+00 -1.045229785983756043e+00 1.301803526997846738e+00 2.303888858689897123e+00 1.136861988034132409e+00 -3.994349528255693449e-01
9.787208928808097674e-01 -9.772687976327397719e-01 -1.032090962839997544e-01 1.454231209273031844e+00 4.438682425596705561e-01 -2.051575126153306339e-01 -2.552959745917578349e+00 -7.421362151874947299e-01 4.575768670335329802e-02 1.469329223520997152e+00 -8.877590243639862377e-01 1.563411351068637878e-01 -3.873348792677794306e-01 -1.419987223671649090e+00 -5.096496740559089966e-01 7.774694163262561020e-01 -8.954466632967951201e-01 -1.180610912555508651e+00 6.652849267154097024e-02 -3.628006097331784585e-01 -8.131095483397093870e-01 -4.017924891708077317e-01 -9.072861817821217256e-01 1.289771771829168745e-01 4.023228989588935045e-01 -5.788178168358080189e-01 -1.165119730083241212e+00 -1.536207857949681399e+00 1.178769009671156276e+00 1.054407817250413437e+00 2.082701747689781058e-01 7.066896571092858848e-01 1.269055613751409461e-01 -1.347736268260472992e+00 -1.173095599162916836e+00 -7.474438780446222008e-01 1.867543459563462571e+00 1.910036407612870191e+00 9.471385266212555276e-01 9.221396743443428523e-01 2.982327916009492319e-01 -1.496312532257250416e-01 6.722734693135871131e-01 5.392162491465618546e-01 -6.358429725344594274e-01 -2.082969245366114996e-01 -1.491227624712417432e+00 6.349955884492188840e-01 -9.128113402737718651e-01 -4.615738552274622486e-01 -7.447381745101914197e-01 -6.634658811829127201e-01 -1.147455478154693509e+00 1.929502839585901075e+00 -1.225414619283607287e+00 -1.544729675512082734e+00 9.208073038132683630e-01 -6.510081099787721204e-01 -8.033974881797955048e-01 1.738810490527639696e-02 -6.436010109311276484e-01 -1.602038341674085986e+00 -7.395423398567687601e-01 2.670438491586252239e-01 5.232602346799709592e-01 8.235628893651498750e-01 -3.691848049079092808e-01 6.552434932314603611e-01 -2.432593715106147816e-02 -9.816577821750203936e-02 7.861728355275213742e-01 -4.100518265321373423e-01 2.259278416500457798e+00 -3.459743625653514121e-01 -1.540756077319801909e+00 2.321638524437195372e-01 -1.424021609323788295e+00 4.160046831800685019e-01 1.494459412076921678e+00 6.768826764709574562e-01 -1.328154019496048666e-01 -1.675952963491380343e+00 -8.133368454933165292e-01 -5.758033884521088774e-01 6.914950204039976844e-01 -1.383339709653022664e+00 -1.188814096075248683e+00 -5.257839743695859325e-02 5.238842339346888588e-01 9.739705578481204495e-02 1.955902565416490990e+00 -3.908618716247635461e-01 -2.030646359495444031e+00 1.020157968419937555e+00 2.863379427797180243e-01 1.211113321581121394e+00 -6.280738787249915411e-01 -1.060003289492790435e+00 9.773591286298786984e-02 3.700425614917972617e-01
