# 
#                 ----------------------------------------------------
#                 Data from a 3D direct N-body simulation. 
# 
#                 rows are i-particle; 
#                 coumns are :mass, tag, x ,y, z, vx, vy, vz, ax, ay, az
# 
#                 NTHU, Computational Physics Lab
# 
#                 ----------------------------------------------------
#                 Time = 1.500000000000001
1.000000000000000000e+00 2.000000000000000000e+00 3.000000000000000000e+00 4.000000000000000000e+00 5.000000000000000000e+00 6.000000000000000000e+00 7.000000000000000000e+00 8.000000000000000000e+00 9.000000000000000000e+00 1.000000000000000000e+01 1.100000000000000000e+01 1.200000000000000000e+01 1.300000000000000000e+01 1.400000000000000000e+01 1.500000000000000000e+01 1.600000000000000000e+01 1.700000000000000000e+01 1.800000000000000000e+01 1.900000000000000000e+01 2.000000000000000000e+01 2.100000000000000000e+01 2.200000000000000000e+01 2.300000000000000000e+01 2.400000000000000000e+01 2.500000000000000000e+01 2.600000000000000000e+01 2.700000000000000000e+01 2.800000000000000000e+01 2.900000000000000000e+01 3.000000000000000000e+01 3.100000000000000000e+01 3.200000000000000000e+01 3.300000000000000000e+01 3.400000000000000000e+01 3.500000000000000000e+01 3.600000000000000000e+01 3.700000000000000000e+01 3.800000000000000000e+01 3.900000000000000000e+01 4.000000000000000000e+01 4.100000000000000000e+01 4.200000000000000000e+01 4.300000000000000000e+01 4.400000000000000000e+01 4.500000000000000000e+01 4.600000000000000000e+01 4.700000000000000000e+01 4.800000000000000000e+01 4.900000000000000000e+01 5.000000000000000000e+01 5.100000000000000000e+01 5.200000000000000000e+01 5.300000000000000000e+01 5.400000000000000000e+01 5.500000000000000000e+01 5.600000000000000000e+01 5.700000000000000000e+01 5.800000000000000000e+01 5.900000000000000000e+01 6.000000000000000000e+01 6.100000000000000000e+01 6.200000000000000000e+01 6.300000000000000000e+01 6.400000000000000000e+01 6.500000000000000000e+01 6.600000000000000000e+01 6.700000000000000000e+01 6.800000000000000000e+01 6.900000000000000000e+01 7.000000000000000000e+01 7.100000000000000000e+01 7.200000000000000000e+01 7.300000000000000000e+01 7.400000000000000000e+01 7.500000000000000000e+01 7.600000000000000000e+01 7.700000000000000000e+01 7.800000000000000000e+01 7.900000000000000000e+01 8.000000000000000000e+01 8.100000000000000000e+01 8.200000000000000000e+01 8.300000000000000000e+01 8.400000000000000000e+01 8.500000000000000000e+01 8.600000000000000000e+01 8.700000000000000000e+01 8.800000000000000000e+01 8.900000000000000000e+01 9.000000000000000000e+01 9.100000000000000000e+01 9.200000000000000000e+01 9.300000000000000000e+01 9.400000000000000000e+01 9.500000000000000000e+01 9.600000000000000000e+01 9.700000000000000000e+01 9.800000000000000000e+01 9.900000000000000000e+01 1.000000000000000000e+02
2.000000000000000111e-01 2.000000000000000111e-01 2.000000000000000111e-01 2.000000000000000111e-01 2.000000000000000111e-01 2.000000000000000111e-01 2.000000000000000111e-01 2.000000000000000111e-01 2.000000000000000111e-01 2.000000000000000111e-01 2.000000000000000111e-01 2.000000000000000111e-01 2.000000000000000111e-01 2.000000000000000111e-01 2.000000000000000111e-01 2.000000000000000111e-01 2.000000000000000111e-01 2.000000000000000111e-01 2.000000000000000111e-01 2.000000000000000111e-01 2.000000000000000111e-01 2.000000000000000111e-01 2.000000000000000111e-01 2.000000000000000111e-01 2.000000000000000111e-01 2.000000000000000111e-01 2.000000000000000111e-01 2.000000000000000111e-01 2.000000000000000111e-01 2.000000000000000111e-01 2.000000000000000111e-01 2.000000000000000111e-01 2.000000000000000111e-01 2.000000000000000111e-01 2.000000000000000111e-01 2.000000000000000111e-01 2.000000000000000111e-01 2.000000000000000111e-01 2.000000000000000111e-01 2.000000000000000111e-01 2.000000000000000111e-01 2.000000000000000111e-01 2.000000000000000111e-01 2.000000000000000111e-01 2.000000000000000111e-01 2.000000000000000111e-01 2.000000000000000111e-01 2.000000000000000111e-01 2.000000000000000111e-01 2.000000000000000111e-01 2.000000000000000111e-01 2.000000000000000111e-01 2.000000000000000111e-01 2.000000000000000111e-01 2.000000000000000111e-01 2.000000000000000111e-01 2.000000000000000111e-01 2.000000000000000111e-01 2.000000000000000111e-01 2.000000000000000111e-01 2.000000000000000111e-01 2.000000000000000111e-01 2.000000000000000111e-01 2.000000000000000111e-01 2.000000000000000111e-01 2.000000000000000111e-01 2.000000000000000111e-01 2.000000000000000111e-01 2.000000000000000111e-01 2.000000000000000111e-01 2.000000000000000111e-01 2.000000000000000111e-01 2.000000000000000111e-01 2.000000000000000111e-01 2.000000000000000111e-01 2.000000000000000111e-01 2.000000000000000111e-01 2.000000000000000111e-01 2.000000000000000111e-01 2.000000000000000111e-01 2.000000000000000111e-01 2.000000000000000111e-01 2.000000000000000111e-01 2.000000000000000111e-01 2.000000000000000111e-01 2.000000000000000111e-01 2.000000000000000111e-01 2.000000000000000111e-01 2.000000000000000111e-01 2.000000000000000111e-01 2.000000000000000111e-01 2.000000000000000111e-01 2.000000000000000111e-01 2.000000000000000111e-01 2.000000000000000111e-01 2.000000000000000111e-01 2.000000000000000111e-01 2.000000000000000111e-01 2.000000000000000111e-01 2.000000000000000111e-01
6.438860377582714456e+00 8.179362785974566563e+00 3.467848839241459924e+00 1.498701771510177805e+00 2.777807759229530493e+00 1.217920331418257174e+00 1.142711660592287570e+00 2.385724465748660261e+00 8.284703204847748026e+00 -6.832290315265565628e-01 5.655625601391518487e-01 -7.229987755184560605e+00 4.490603160391125392e+00 -1.103412695951746514e+00 -6.227961008910140706e+00 -1.598975091076382693e+00 -5.890784412114149937e+00 1.412211014944841914e+00 -1.028583770982808149e-01 1.104158491706180412e+00 -2.454507117167120889e+00 -6.300991492474675937e+00 -5.950278204018561112e+00 1.895973678555005759e-01 4.158859496267599987e+00 -2.499562242319230521e+00 -1.137184264194850636e+00 3.288050890509540913e+00 5.432188112336908681e+00 -6.567301870137536302e-01 -1.471595041885794375e+00 3.564707850251631172e+00 3.832340257369290515e-02 1.467277649426314445e+00 -4.637325273090272759e+00 7.094296303453348607e+00 7.018826983965197996e+00 3.307101848336916117e+00 -9.781759564640323257e-01 -5.658044094809088209e-01 1.373964280094230439e+00 4.841354070858309377e+00 -1.588326602404463772e+00 1.487247555953517208e+00 -2.461365125029006951e+00 2.468998925961238378e+00 1.445447534168283976e+00 1.603802947036036652e+00 8.698583520311766293e+00 4.077151974747854624e+00 -2.490815987024108669e-01 -3.016509375771704971e+00 4.112259008954373130e+00 -1.598058855452039184e+00 3.465417657764292336e+00 3.081950201063210049e+00 4.336333026530071244e+00 1.163378681576910267e+00 -3.775033423070697669e+00 -2.516841499854184150e+00 -1.292089144129903611e+00 -8.115517537444480567e+00 -4.031025584734853062e+00 5.632059953676487929e+00 -1.433791791699224882e-01 -6.261747194507731873e-01 7.895906076072250812e+00 -8.737403919208368563e-01 2.336506994427657524e+00 -2.693833764089403893e+00 3.322250453520844360e+00 -1.702447772938876058e+00 -6.212424785175137132e-02 -1.542429432288248137e-01 -1.692144100800659245e+00 2.309105807876609684e-01 -2.180217528908541258e+00 -1.800627472936682238e+00 -4.220112073699311850e+00 -7.555528370893230594e+00 -2.326663984380137773e+00 -1.086951759137600115e+00 4.206048393902732663e+00 -5.352505102707272755e+00 5.181413352006034589e-01 2.535857941476460375e+00 -5.777786275544111838e+00 -1.849915096111853119e+00 -7.067507155220190462e+00 3.227449829844336593e-01 1.456538606129852864e+00 1.423715515609559334e+00 1.802176992386223198e+00 7.535484716858893428e+00 -2.525996575073614636e+00 2.222303231512975596e+00 2.517861982214301797e+00 -1.755768507403071776e+00 -4.962288110745943226e-01 2.127792535850340894e+00
1.460587462938153447e+00 6.816670208941603804e+00 -5.524609661018842210e-01 5.257657388172690682e-01 4.441216893879028627e-01 5.453441528310769115e+00 -3.117486212041074456e+00 3.155229078332262294e+00 -5.308498684462325201e+00 5.594707169774947531e+00 1.380306799653690630e+00 -1.269887610514611964e+00 4.388732070588525325e+00 -3.827253239018891584e+00 7.120415779331997541e+00 -4.572743559076879905e+00 -7.764997474324853988e-01 -1.864462592110344596e+00 1.563427816673715665e+00 -2.315325688918025371e+00 -1.312366592160169043e+00 6.476172107653467291e-01 1.689177827901831908e+00 2.661197634141218682e+00 -4.507160901336552783e+00 -3.178433516990649021e+00 2.050008254559606280e-01 1.699682142817688257e+00 6.920079714207487243e+00 -3.908288562576717418e+00 4.461967862691643916e+00 1.300706263994786172e+00 6.518489734713810435e+00 6.873579433422039031e+00 3.538325963464707513e+00 -1.509727602218626119e+00 5.403947805822318706e+00 -3.143510587183639515e+00 2.928971216071969863e+00 2.241466929711866563e+00 -4.012841868160679226e+00 -2.535201100787843664e+00 6.749882047000538954e+00 -2.810217645047429880e+00 1.161564280125174375e-01 2.104578294223657497e+00 -3.989708389314957859e+00 6.083618677546278608e-01 3.447395430450584275e+00 -4.803109970909861026e+00 6.253768092162775183e+00 -3.593381726885558347e-01 -3.941789828945104990e+00 -1.817838529309445006e+00 3.195668984655646860e-01 -3.650818379341112863e+00 1.156853088076641445e+00 3.127462282925958625e+00 2.487837201641919460e+00 -1.662705501528634944e+00 -5.018609866475920889e+00 2.282122905885500597e+00 1.904023828044227040e-01 -4.718978549934465860e+00 -4.263575465627355676e+00 2.817051010697016800e+00 4.878386146797195622e+00 4.013786328153556404e+00 -5.901944758524076740e+00 1.021728180089559901e+00 1.157888286264896038e+00 -3.447248443695773101e+00 1.383920357760022091e+00 -3.489221530882533173e+00 1.757419250898188068e+00 5.712592434617466131e-01 -8.684201291118898158e-01 -1.981461695223065256e+00 2.851407601202093023e+00 1.555853229344887012e+00 -1.450084287335939859e+00 -1.127907022665828762e+00 3.940652053914818431e+00 1.901899085852039484e+00 -1.165558968505396420e+00 -2.648466478728864093e+00 2.227905287488428865e+00 -2.176538629512698719e+00 6.890586936754251601e-01 -1.134744958511656021e+00 -1.012009438988926746e+01 -2.381286549409440401e+00 -4.237869204120336408e-01 -4.034748096785235050e-01 5.607831709631545536e+00 -3.815213706683950878e+00 4.751779668440152093e+00 8.409395390131578552e+00 4.149693696491034700e+00 -1.458000964229550167e+00
3.572432908099128834e+00 -3.567107986418440735e+00 -3.767484502164655247e-01 5.308147080742217305e+00 1.620125825709044731e+00 -7.488374956230157142e-01 -9.318523462699491944e+00 -2.708923134482100537e+00 1.670204060817610803e-01 5.363216259783367690e+00 -3.240447247299923728e+00 5.706771219016210095e-01 -1.413766810911174732e+00 -5.183119092919379334e+00 -1.860254527053348372e+00 2.837866824801817955e+00 -3.268486462948374527e+00 -4.309354467128152066e+00 2.427975631427359282e-01 -1.324056914634232918e+00 -2.968003802868986352e+00 -1.466527042772925116e+00 -3.311677500806793351e+00 4.707908294751382838e-01 1.468556502698001420e+00 -2.112812200687355535e+00 -4.252838138557198278e+00 -5.607345994478445839e+00 4.302598397617120263e+00 3.848776681103997177e+00 7.602113664403066240e-01 2.579093168557574867e+00 4.632317884041645129e-01 -4.919375064180310453e+00 -4.281943351571245948e+00 -2.728241248015092157e+00 6.816674812571926090e+00 6.971816430063750403e+00 3.457452891023280017e+00 3.366062562967900185e+00 1.088581201522536679e+00 -5.461716940107587126e-01 2.453897432759991837e+00 1.968267871628701204e+00 -2.320868218423003171e+00 -7.602998366058554280e-01 -5.443147819467452742e+00 2.317876212743754216e+00 -3.331840604829184205e+00 -1.684800804397115659e+00 -2.718382918535505066e+00 -2.421721900921194770e+00 -4.188310499966168443e+00 7.042871942599512103e+00 -4.472889089592954726e+00 -5.638468305356192367e+00 3.361151601585129711e+00 -2.376266073831870163e+00 -2.932478555023890099e+00 6.374831446929501988e-02 -2.349229510590817416e+00 -5.847579617397510532e+00 -2.699430227449767461e+00 9.747450532652522925e-01 1.909976680318105968e+00 3.005864527749148252e+00 -1.347533846287528148e+00 2.391733928695061628e+00 -8.879146445271754451e-02 -3.582625368020694312e-01 2.870048737444835574e+00 -1.496703087856301906e+00 8.246573358163356460e+00 -1.262846585688238266e+00 -5.623962979149645491e+00 8.474626688955118059e-01 -5.197871283627820915e+00 1.518577804619266169e+00 5.454929090832303373e+00 2.470733825821076035e+00 -4.849839050718788847e-01 -6.117468925493351861e+00 -2.968804703374944065e+00 -2.101663602312560997e+00 2.524126274633396338e+00 -5.049333885883048545e+00 -4.339370182114980601e+00 -1.918795412617372576e-01 1.912224588375267986e+00 3.555137166391228454e-01 7.139172207871467890e+00 -1.426947705299711489e+00 -7.412078278724898439e+00 3.723673064137495992e+00 1.045165530240742546e+00 4.420722776049250236e+00 -2.292543255920007628e+00 -3.869103661998491095e+00 3.567072101531921224e-01 1.350714952746763231e+00
4.427739752120277039e+00 5.624626125541455579e+00 2.384686102086146509e+00 1.030596728455238198e+00 1.910174558434415193e+00 8.375097529122108586e-01 7.857980823049566244e-01 1.640555726381479396e+00 5.697059550659064442e+00 -4.698291517028947428e-01 3.889125261929126665e-01 -4.971768326739938182e+00 3.087997216903409115e+00 -7.587674107873684237e-01 -4.282720590840568775e+00 -1.099536324849605284e+00 -4.050844359222899094e+00 9.711211706277247391e-01 -7.072371584796841026e-02 7.594071830596981210e-01 -1.687863764744922390e+00 -4.332925246624156124e+00 -4.091752170534712185e+00 1.303730205166158951e-01 2.859879015235553990e+00 -1.718825037743742179e+00 -7.820001124384378111e-01 2.261056345540154666e+00 3.735501603992316344e+00 -4.516038678452944932e-01 -1.011939006267784213e+00 2.451240883649977942e+00 2.635137034824280161e-02 1.008987227825845601e+00 -3.188903116530284354e+00 4.878458683087670167e+00 4.826571824184884285e+00 2.274161277764788824e+00 -6.726051222931088702e-01 -3.890917838429667763e-01 9.448151358457607119e-01 3.329193809612096544e+00 -1.092226003176440807e+00 1.022714939280866098e+00 -1.692603787991483255e+00 1.697820063714579719e+00 9.939822635921790051e-01 1.102875294284728191e+00 5.981669826400583645e+00 2.803688559977445927e+00 -1.712802775359996699e-01 -2.074306103152661951e+00 2.827825280640642536e+00 -1.098917929495802914e+00 2.383019830498317670e+00 2.119322795508554069e+00 2.981895957300157551e+00 8.000178193904561308e-01 -2.595941725214069074e+00 -1.730686745962261464e+00 -8.885141120741038012e-01 -5.580716556076087187e+00 -2.771953903152920784e+00 3.872932347410374732e+00 -9.859137918011093293e-02 -4.306182061927388838e-01 5.429699954840189413e+00 -6.008323974837960213e-01 1.606721617733389840e+00 -1.852430856420871130e+00 2.284636088960000144e+00 -1.170703138446826053e+00 -4.271937329202073891e-02 -1.060691806288432126e-01 -1.163618549247857015e+00 1.587895128363273622e-01 -1.499236552490065044e+00 -1.238208172678295860e+00 -2.901998455038597768e+00 -5.195628126581454787e+00 -1.599945111077210491e+00 -7.474553752309920363e-01 2.892319676176808407e+00 -3.680696563683341083e+00 3.563111354933861663e-01 1.743801640811992737e+00 -3.973145191883344030e+00 -1.272125906967860987e+00 -4.860043972286784530e+00 2.219393450080653640e-01 1.001605477060883098e+00 9.788918644986382978e-01 1.239283181494612140e+00 5.181847851127510118e+00 -1.737011665731357679e+00 1.528185953936375130e+00 1.731428837930453213e+00 -1.207370485927055537e+00 -3.412431397766901853e-01 1.463184352329209403e+00
1.004383947821296141e+00 4.687554085447508179e+00 -3.799059027053081627e-01 3.615485293314477655e-01 3.054072989981319042e-01 3.750101971902971343e+00 -2.143770354422364299e+00 2.169724358559483868e+00 -3.650443193932884078e+00 3.847253046003116683e+00 9.491790386043195138e-01 -8.732442022026246642e-01 3.017949139477313913e+00 -2.631838611967110886e+00 4.896426222953597751e+00 -3.144479261891278465e+00 -5.339564755825587650e-01 -1.282118047637123670e+00 1.075104742232448229e+00 -1.592179189288228214e+00 -9.024442234036722521e-01 4.453445084727409853e-01 1.161582550906399725e+00 1.829984862447614491e+00 -3.099387543719180460e+00 -2.185667986538756491e+00 1.409658268670572479e-01 1.168797573097695608e+00 4.758664122969532784e+00 -2.687568907731571866e+00 3.068307368439394889e+00 8.943977160709626339e-01 4.482489947691138177e+00 4.726683513295562022e+00 2.433151415475792056e+00 -1.038179691337255184e+00 3.716083402268803404e+00 -2.161666043670628312e+00 2.014107338825757321e+00 1.541417157816100669e+00 -2.759452456178712598e+00 -1.743354749579941521e+00 4.641613392355993462e+00 -1.932465022398251797e+00 7.984997314116648592e-02 1.447231198347942005e+00 -2.743549596847251415e+00 4.183425607541566005e-01 2.370640294736507503e+00 -3.302897664211269291e+00 4.300459229648161852e+00 -2.470849055144874462e-01 -2.710604346557471622e+00 -1.250053382422512183e+00 2.197544364649739179e-01 -2.510510959529621999e+00 7.955204411683034493e-01 2.150624247272407530e+00 1.710773984623345845e+00 -1.143368302298354067e+00 -3.451075651701426938e+00 1.569325662735121751e+00 1.309297176961318476e-01 -3.245047706560850731e+00 -2.931874135632835277e+00 1.937155603337153087e+00 3.354672264253913294e+00 2.760101734961655229e+00 -4.058516706898785742e+00 7.025929845231082549e-01 7.962611965139115844e-01 -2.370513851799615601e+00 9.516667783950193416e-01 -2.399379209267127333e+00 1.208498060529570317e+00 3.928356896871303405e-01 -5.971733570171107175e-01 -1.362565831087205970e+00 1.960799647856804384e+00 1.069888558621060914e+00 -9.971896152172734507e-01 -7.756128960935263494e-01 2.709826271729780967e+00 1.307849781478060747e+00 -8.015047454896355728e-01 -1.821249031043109312e+00 1.532035549916789252e+00 -1.496685544494863906e+00 4.738466340151749612e-01 -7.803157277215837517e-01 -6.959194752836392439e+00 -1.637482873383883097e+00 -2.914237976292992638e-01 -2.774501550537205596e-01 3.856270633631103451e+00 -2.623563601089279995e+00 3.267593566011820716e+00 5.782804526912550536e+00 2.853569479970675005e+00 -1.002603722448079049e+00
2.456616141993043456e+00 -2.452958870857736784e+00 -2.590700725416533179e-01 3.650186415197333556e+00 1.114101460136337929e+00 -5.149465301441776832e-01 -6.407975939118375486e+00 -1.862806902092541295e+00 1.148530912151443512e-01 3.688062510077596556e+00 -2.228316899824438480e+00 3.924284877762521662e-01 -9.721979515004213201e-01 -3.564215913824932969e+00 -1.279224599528259843e+00 1.951480947558921430e+00 -2.247602210668222522e+00 -2.963366621698920511e+00 1.669689076926068882e-01 -9.105365217711093306e-01 -2.040962355296149777e+00 -1.008481098543230869e+00 -2.277307347651688296e+00 3.237416724106021437e-01 1.009859756875106429e+00 -1.452882477849718690e+00 -2.924497562932961259e+00 -3.855937696758441557e+00 2.958726713956134180e+00 2.646632220400932933e+00 5.227656433829875882e-01 1.773608882577544676e+00 3.185431627453849668e-01 -3.382853641677061152e+00 -2.944513394233489123e+00 -1.876101214646225035e+00 4.687558299779337467e+00 4.794235978444097768e+00 2.377494969113512102e+00 2.314675262579491744e+00 7.485727152213859092e-01 -3.755795809402147079e-01 1.687439665068512173e+00 1.353484250287630752e+00 -1.595970709995959913e+00 -5.228281409878396957e-01 -3.743028155824530856e+00 1.593894932374966711e+00 -2.291173469552503228e+00 -1.158567170308730798e+00 -1.869318825792948946e+00 -1.665318743157386594e+00 -2.880133831318921533e+00 4.843097767397207321e+00 -3.075823344531254389e+00 -3.877336197477220914e+00 2.311306824338548171e+00 -1.634057669042796812e+00 -2.016546717213012041e+00 4.378643214221410174e-02 -1.615465708336826678e+00 -4.021146410920478864e+00 -1.856283544589895751e+00 6.702910285448723249e-01 1.313408850234736747e+00 2.067051038220533599e+00 -9.266492250372885264e-01 1.644692783427744498e+00 -6.105839482715135630e-02 -2.463720620954186757e-01 1.973536333155485378e+00 -1.029226749437981647e+00 5.670836527573102082e+00 -8.684072311181564308e-01 -3.867361708532489395e+00 5.827581160898831492e-01 -3.574355635342569837e+00 1.044242624993450441e+00 3.751132387532118972e+00 1.699015136054645492e+00 -3.334685187711328713e-01 -4.206721368820480755e+00 -2.041518310216301479e+00 -1.445242415595319185e+00 1.735720820383098939e+00 -3.472220548715752919e+00 -2.983993938018765668e+00 -1.319544348232108144e-01 1.314960033242831727e+00 2.444714691042519650e-01 4.909330659944807884e+00 -9.812063926042488005e-01 -5.096981897266047667e+00 2.560619533516361290e+00 7.187172132027258575e-01 3.039944379591948742e+00 -1.576486808651490712e+00 -2.660627836723884254e+00 2.453000404765857401e-01 9.288276482866730799e-01
1.764022502367505130e+00 2.240878290371356218e+00 9.500546216363900953e-01 4.105933028544162533e-01 7.610093006081527500e-01 3.336622443024797602e-01 3.130659575891361901e-01 6.535931733503885788e-01 2.269731459926775052e+00 -1.871816691838168456e-01 1.549422257695186322e-01 -1.980767405565742045e+00 1.230260124323099724e+00 -3.022909653060257273e-01 -1.706253599664480314e+00 -4.380458385664439125e-01 -1.613860832787552102e+00 3.868986314875583199e-01 -2.816932526714805221e-02 3.026633721224024631e-01 -6.724491669058418886e-01 -1.726241014992643930e+00 -1.630155254425507350e+00 5.193603456059868451e-02 1.139384928475797309e+00 -6.847645346577400094e-01 -3.115556046613278673e-01 9.008093780062093048e-01 1.488241437537101364e+00 -1.799177893135941175e-01 -4.031438052716552756e-01 9.765228368046453555e-01 1.049654766271929628e-02 4.019836332281618296e-01 -1.270471575355056837e+00 1.943592420713436075e+00 1.922930081754196552e+00 9.060344565929155936e-01 -2.679247325454065520e-01 -1.550256167764071658e-01 3.764133172765136703e-01 1.326353077052598195e+00 -4.351446734256401716e-01 4.074483750844283825e-01 -6.743598467308492550e-01 6.764073469224850532e-01 3.960118211517331677e-01 4.393937058747166557e-01 2.383122551365067121e+00 1.116995229922911337e+00 -6.823580203994335236e-02 -8.263869976515190174e-01 1.126606788084122179e+00 -4.378102502954481778e-01 9.493959076919114004e-01 8.443363026942373173e-01 1.187974300705181729e+00 3.187384181133225414e-01 -1.034235476984204372e+00 -6.894712844246808636e-01 -3.539839070907997987e-01 -2.223379233054539217e+00 -1.104337794755169799e+00 1.542982250840299940e+00 -3.927480494897252206e-02 -1.715811707119867524e-01 2.163214933891405067e+00 -2.393703684354539230e-01 6.401234957482639931e-01 -7.380056979267974882e-01 9.102610858762006929e-01 -4.664108023009983506e-01 -1.701865407546528444e-02 -4.226067049728544217e-02 -4.635890438639416744e-01 6.326379328992036422e-02 -5.972908052616766605e-01 -4.932965504695043246e-01 -1.156164085105024553e+00 -2.069952680941937295e+00 -6.374164436141952494e-01 -2.977911326438201778e-01 1.152300857687859059e+00 -1.466397443986933169e+00 1.419613663959833627e-01 6.947314941325427595e-01 -1.582909922403349379e+00 -5.068322633383800513e-01 -1.936262505596909378e+00 8.842199893662008869e-02 3.990455433420772580e-01 3.898644391996062275e-01 4.937335895491635762e-01 2.064465286860212689e+00 -6.920182907061636080e-01 6.088324478467012080e-01 6.898042456429259728e-01 -4.810199666511286165e-01 -1.359585613218089739e-01 5.829259605856430548e-01
4.001471662961118003e-01 1.867542453610246733e+00 -1.513565573359190175e-01 1.440427841692317745e-01 1.216778541814248910e-01 1.494044639840565347e+00 -8.540863519869673626e-01 8.644262936782304285e-01 -1.454351855437416186e+00 1.532757723307870190e+00 3.781541376226358886e-01 -3.478977232137750453e-01 1.202356943634746100e+00 -1.048525296718250344e+00 1.950756510605901495e+00 -1.252760369770367088e+00 -2.127198778007823587e-01 -5.108024516168789830e-01 4.283240858510222182e-01 -6.343511363411826753e-01 -3.595208866728418773e-01 1.774307567455668533e-01 4.627813974591760693e-01 7.290599509566619840e-01 -1.234801986755190040e+00 -8.707661536855125783e-01 5.615668023156643318e-02 4.656481474292324396e-01 1.895872470698188650e+00 -1.070733592591471828e+00 1.222416998086722328e+00 3.562890528612501773e-01 1.785828051227666746e+00 1.883127362489487311e+00 9.693643306271663151e-01 -4.136152542662535070e-01 1.480506561608439187e+00 -8.612158500594442323e-01 8.024014676210849961e-01 6.141529126474887246e-01 -1.099359728495185484e+00 -6.945578808756792677e-01 1.849227347617318884e+00 -7.698931284061534264e-01 3.178835704072777851e-02 5.765797312542060293e-01 -1.093028689735237702e+00 1.666660309659979688e-01 9.444764517769298484e-01 -1.315879170697201506e+00 1.713313476738927310e+00 -9.842333953470970564e-02 -1.079909114075338072e+00 -4.980248391190069679e-01 8.755201565575970735e-02 -1.000187459393180545e+00 3.169374099031593839e-01 8.568111900034470763e-01 6.815678630276383876e-01 -4.555152533450304020e-01 -1.374902150258948463e+00 6.252264708529271520e-01 5.216070979644394506e-02 -1.292835083904432691e+00 -1.168055251357904112e+00 7.717540560456658261e-01 1.336515790985954633e+00 1.099618228874867709e+00 -1.616915514529681630e+00 2.799078461041988874e-01 3.172592736906607036e-01 -9.444026253795358983e-01 3.791478887827620103e-01 -9.559046802156924150e-01 4.814621931516755993e-01 1.565105758421895810e-01 -2.379121221693012433e-01 -5.428459357693471432e-01 7.811909442470098552e-01 4.262390555459935615e-01 -3.973070702783504937e-01 -3.090038598593743413e-01 1.079603126885687603e+00 5.210431242686143216e-01 -3.193193785856144329e-01 -7.255970125170887464e-01 6.103636327563082276e-01 -5.962548920395768226e-01 1.887902540290368747e-01 -3.108780936337849909e-01 -2.772580431068824680e+00 -6.523494153194429046e-01 -1.161066847811890318e-01 -1.105341532223859113e-01 1.536343308552918563e+00 -1.045232284583656135e+00 1.301808052156425033e+00 2.303891808540069253e+00 1.136865100384692795e+00 -3.994364443390862052e-01
9.787227038941327395e-01 -9.772697600036233112e-01 -1.032101300887881268e-01 1.454235691243148443e+00 4.438677109570404733e-01 -2.051575922082229941e-01 -2.552962932157380127e+00 -7.421392677370256541e-01 4.575777470973805411e-02 1.469332354313265032e+00 -8.877618560405227122e-01 1.563419651921251208e-01 -3.873340247496750433e-01 -1.419990478146938573e+00 -5.096499397702390910e-01 7.774716350116263053e-01 -8.954487717761587806e-01 -1.180613166375406919e+00 6.652729782558877702e-02 -3.627942546663814327e-01 -8.131134412455600646e-01 -4.017912647870958698e-01 -9.072874723336384895e-01 1.289777848391478465e-01 4.023248850333993043e-01 -5.788211925739795705e-01 -1.165122920597004397e+00 -1.536211654478104149e+00 1.178770128759549563e+00 1.054412470331214768e+00 2.082706840003797910e-01 7.066772472539413208e-01 1.269062534727722347e-01 -1.347738683438353346e+00 -1.173098545644586599e+00 -7.474450365610267877e-01 1.867545102042867944e+00 1.910039432328884512e+00 9.471505634309347332e-01 9.221467783900463289e-01 2.982333617108457458e-01 -1.496316015524417065e-01 6.722757250831475906e-01 5.392197400590635903e-01 -6.358433004289061330e-01 -2.082971185044027451e-01 -1.491230800220461949e+00 6.349993873483112949e-01 -9.128124936974933989e-01 -4.615749943020862611e-01 -7.447399385319651843e-01 -6.634671961972720133e-01 -1.147456873976481218e+00 1.929505935147143969e+00 -1.225416833727968946e+00 -1.544734065043608995e+00 9.208127646089643292e-01 -6.510099623917841027e-01 -8.033987783207149347e-01 1.739776782190316506e-02 -6.436028539104440283e-01 -1.602040388209800215e+00 -7.395445289182949189e-01 2.670445929680824171e-01 5.232619751278364539e-01 8.235566450965434715e-01 -3.691844904828475715e-01 6.552456373592958627e-01 -2.432595700692803328e-02 -9.816414750219637497e-02 7.861893384681695185e-01 -4.100515996461948642e-01 2.259281651926877910e+00 -3.459751480204518725e-01 -1.540760415156444019e+00 2.321656736157170775e-01 -1.424025773521142124e+00 4.160094904605313171e-01 1.494462075131939516e+00 6.768853640582327413e-01 -1.328223227039469767e-01 -1.675958351216504605e+00 -8.133397505770376679e-01 -5.758017541192842481e-01 6.914996544271579948e-01 -1.383342278565674377e+00 -1.188818882450151104e+00 -5.257722117138934753e-02 5.238849528666150723e-01 9.739738527407076907e-02 1.955903597762797430e+00 -3.908716240035564615e-01 -2.030650397525797235e+00 1.020159530636968404e+00 2.863385516215037896e-01 1.211116708999862013e+00 -6.280753283629499917e-01 -1.060004617527213311e+00 9.773475249723832803e-02 3.700439734984635742e-01
