# 
#                 ----------------------------------------------------
#                 Data from a 3D direct N-body simulation. 
# 
#                 rows are i-particle; 
#                 coumns are :mass, tag, x ,y, z, vx, vy, vz, ax, ay, az
# 
#                 NTHU, Computational Physics Lab
# 
#                 ----------------------------------------------------
#                 Time = 9.299999999999846
1.000000000000000000e+00 2.000000000000000000e+00 3.000000000000000000e+00 4.000000000000000000e+00 5.000000000000000000e+00 6.000000000000000000e+00 7.000000000000000000e+00 8.000000000000000000e+00 9.000000000000000000e+00 1.000000000000000000e+01 1.100000000000000000e+01 1.200000000000000000e+01 1.300000000000000000e+01 1.400000000000000000e+01 1.500000000000000000e+01 1.600000000000000000e+01 1.700000000000000000e+01 1.800000000000000000e+01 1.900000000000000000e+01 2.000000000000000000e+01 2.100000000000000000e+01 2.200000000000000000e+01 2.300000000000000000e+01 2.400000000000000000e+01 2.500000000000000000e+01 2.600000000000000000e+01 2.700000000000000000e+01 2.800000000000000000e+01 2.900000000000000000e+01 3.000000000000000000e+01 3.100000000000000000e+01 3.200000000000000000e+01 3.300000000000000000e+01 3.400000000000000000e+01 3.500000000000000000e+01 3.600000000000000000e+01 3.700000000000000000e+01 3.800000000000000000e+01 3.900000000000000000e+01 4.000000000000000000e+01 4.100000000000000000e+01 4.200000000000000000e+01 4.300000000000000000e+01 4.400000000000000000e+01 4.500000000000000000e+01 4.600000000000000000e+01 4.700000000000000000e+01 4.800000000000000000e+01 4.900000000000000000e+01 5.000000000000000000e+01 5.100000000000000000e+01 5.200000000000000000e+01 5.300000000000000000e+01 5.400000000000000000e+01 5.500000000000000000e+01 5.600000000000000000e+01 5.700000000000000000e+01 5.800000000000000000e+01 5.900000000000000000e+01 6.000000000000000000e+01 6.100000000000000000e+01 6.200000000000000000e+01 6.300000000000000000e+01 6.400000000000000000e+01 6.500000000000000000e+01 6.600000000000000000e+01 6.700000000000000000e+01 6.800000000000000000e+01 6.900000000000000000e+01 7.000000000000000000e+01 7.100000000000000000e+01 7.200000000000000000e+01 7.300000000000000000e+01 7.400000000000000000e+01 7.500000000000000000e+01 7.600000000000000000e+01 7.700000000000000000e+01 7.800000000000000000e+01 7.900000000000000000e+01 8.000000000000000000e+01 8.100000000000000000e+01 8.200000000000000000e+01 8.300000000000000000e+01 8.400000000000000000e+01 8.500000000000000000e+01 8.600000000000000000e+01 8.700000000000000000e+01 8.800000000000000000e+01 8.900000000000000000e+01 9.000000000000000000e+01 9.100000000000000000e+01 9.200000000000000000e+01 9.300000000000000000e+01 9.400000000000000000e+01 9.500000000000000000e+01 9.600000000000000000e+01 9.700000000000000000e+01 9.800000000000000000e+01 9.900000000000000000e+01 1.000000000000000000e+02
2.000000000000000111e-01 2.000000000000000111e-01 2.000000000000000111e-01 2.000000000000000111e-01 2.000000000000000111e-01 2.000000000000000111e-01 2.000000000000000111e-01 2.000000000000000111e-01 2.000000000000000111e-01 2.000000000000000111e-01 2.000000000000000111e-01 2.000000000000000111e-01 2.000000000000000111e-01 2.000000000000000111e-01 2.000000000000000111e-01 2.000000000000000111e-01 2.000000000000000111e-01 2.000000000000000111e-01 2.000000000000000111e-01 2.000000000000000111e-01 2.000000000000000111e-01 2.000000000000000111e-01 2.000000000000000111e-01 2.000000000000000111e-01 2.000000000000000111e-01 2.000000000000000111e-01 2.000000000000000111e-01 2.000000000000000111e-01 2.000000000000000111e-01 2.000000000000000111e-01 2.000000000000000111e-01 2.000000000000000111e-01 2.000000000000000111e-01 2.000000000000000111e-01 2.000000000000000111e-01 2.000000000000000111e-01 2.000000000000000111e-01 2.000000000000000111e-01 2.000000000000000111e-01 2.000000000000000111e-01 2.000000000000000111e-01 2.000000000000000111e-01 2.000000000000000111e-01 2.000000000000000111e-01 2.000000000000000111e-01 2.000000000000000111e-01 2.000000000000000111e-01 2.000000000000000111e-01 2.000000000000000111e-01 2.000000000000000111e-01 2.000000000000000111e-01 2.000000000000000111e-01 2.000000000000000111e-01 2.000000000000000111e-01 2.000000000000000111e-01 2.000000000000000111e-01 2.000000000000000111e-01 2.000000000000000111e-01 2.000000000000000111e-01 2.000000000000000111e-01 2.000000000000000111e-01 2.000000000000000111e-01 2.000000000000000111e-01 2.000000000000000111e-01 2.000000000000000111e-01 2.000000000000000111e-01 2.000000000000000111e-01 2.000000000000000111e-01 2.000000000000000111e-01 2.000000000000000111e-01 2.000000000000000111e-01 2.000000000000000111e-01 2.000000000000000111e-01 2.000000000000000111e-01 2.000000000000000111e-01 2.000000000000000111e-01 2.000000000000000111e-01 2.000000000000000111e-01 2.000000000000000111e-01 2.000000000000000111e-01 2.000000000000000111e-01 2.000000000000000111e-01 2.000000000000000111e-01 2.000000000000000111e-01 2.000000000000000111e-01 2.000000000000000111e-01 2.000000000000000111e-01 2.000000000000000111e-01 2.000000000000000111e-01 2.000000000000000111e-01 2.000000000000000111e-01 2.000000000000000111e-01 2.000000000000000111e-01 2.000000000000000111e-01 2.000000000000000111e-01 2.000000000000000111e-01 2.000000000000000111e-01 2.000000000000000111e-01 2.000000000000000111e-01 2.000000000000000111e-01
9.463670017322286299e+01 1.202189168041367111e+02 5.096895467697748217e+01 2.202758801271218303e+01 4.082698194920843093e+01 1.790046349459541375e+01 1.679539759292451251e+01 3.506428269865405412e+01 1.217669251352848505e+02 -1.004195586448653366e+01 8.312406256121692039e+00 -1.062646328698078833e+02 6.600139737352375846e+01 -1.621745223007299685e+01 -9.153736342206772747e+01 -2.350062241596150869e+01 -8.658089937510344214e+01 2.075640024051742927e+01 -1.511373237065670505e+00 1.623516773145077607e+01 -3.607571231847052218e+01 -9.260992799306571044e+01 -8.745513108563041271e+01 2.786371355543037165e+00 6.112595530014607448e+01 -3.673678993960348294e+01 -1.671431639967238425e+01 4.832685732164667769e+01 7.984137098892709616e+01 -9.652317129610626267e+00 -2.162824854635399419e+01 5.238984072140046777e+01 5.631580392242578892e-01 2.156570194814526431e+01 -6.815847227169403766e+01 1.042702641039810771e+02 1.031615823600505166e+02 4.860709558094561089e+01 -1.437451604332378885e+01 -8.316649016173659703e+00 2.019397665233670480e+01 7.115662214356879645e+01 -2.334476219288804799e+01 2.185896089382953633e+01 -3.617778773086001110e+01 3.628822449489145185e+01 2.124520502528434562e+01 2.357259315860284232e+01 1.278501255908377772e+02 5.992485074942695888e+01 -3.660782427526628968e+00 -4.433462558827606159e+01 6.044058214814672425e+01 -2.348777540952220733e+01 5.093351675906863107e+01 4.529729359703200942e+01 6.373312339335839027e+01 1.709957456795910247e+01 -5.548479870444267448e+01 -3.698966504433451519e+01 -1.899065789648390989e+01 -1.192802269700472664e+02 -5.924607705114022593e+01 8.277834959004917437e+01 -2.107106049402549530e+00 -9.204606931104169831e+00 1.160524972627134304e+02 -1.284185171814361581e+01 3.434146684707670261e+01 -3.959284769555078753e+01 4.883281688379929619e+01 -2.502212254310188300e+01 -9.130372269660802509e-01 -2.267163328918534670e+00 -2.487072548494911217e+01 3.393959083389390674e+00 -3.204376867772020177e+01 -2.646465817292654066e+01 -6.202615321758876377e+01 -1.110492855641564347e+02 -3.419637877508215240e+01 -1.597591075397950533e+01 6.181903641945731209e+01 -7.866966316016063843e+01 7.615859018042171691e+00 3.727118673182953756e+01 -8.492034816562666322e+01 -2.719038528740976446e+01 -1.038769006238906769e+02 4.743668803135904888e+00 2.140802420739185763e+01 2.091801603360504558e+01 2.648793559528125385e+01 1.107548443965196725e+02 -3.712578372771060486e+01 3.266280056773975815e+01 3.700680786055111327e+01 -2.580586296670736601e+01 -7.293812912398232484e+00 3.127315015312178303e+01
2.146722715610076193e+01 1.001901841656370351e+02 -8.119991414512655936e+00 7.727623262537883342e+00 6.527747969006439277e+00 8.015296548183009406e+01 -4.582017198719885442e+01 4.637489547291965408e+01 -7.802329514614856976e+01 8.222970260967768752e+01 2.028732554500336249e+01 -1.866419530481386957e+01 6.450436082820796457e+01 -5.625164605435644205e+01 1.046544933884738953e+02 -6.720854110462431663e+01 -1.141223413128455633e+01 -2.740358541638095602e+01 2.297883877921008988e+01 -3.403137826295112944e+01 -1.928795436404503860e+01 9.518762658614566163e+00 2.482732912442938300e+01 3.911298601364533312e+01 -6.624498447781537891e+01 -4.671525176423449466e+01 3.012792970825482364e+00 2.498127445734746743e+01 1.017100473715153868e+02 -5.744298149210344917e+01 6.558060124384090273e+01 1.911507478557956574e+01 9.580666583032297012e+01 1.010263710868462113e+02 5.200486709287341824e+01 -2.218969339330507751e+01 7.942638180788233626e+01 -4.620266064812251017e+01 4.304788637304142895e+01 3.294728637903165236e+01 -5.897896353198323993e+01 -3.726178718873893558e+01 9.920784686255993279e+01 -4.130352090264252496e+01 1.705853847938958667e+00 3.093250185697268861e+01 -5.863922373656972553e+01 8.941390791565714480e+00 5.066935375279800269e+01 -7.059466642576322215e+01 9.191625315523117479e+01 -5.280545594421192312e+00 -5.793526784950284991e+01 -2.671814634170802805e+01 4.696986281616114312e+00 -5.365841778365727066e+01 1.700313201875231073e+01 4.596646612232995466e+01 3.656508400633796185e+01 -2.443769738419916493e+01 -7.376136725921412562e+01 3.354223650013616265e+01 2.798369083055295192e+00 -6.935832458683503887e+01 -6.266431298463747623e+01 4.140350704487221378e+01 7.170160155114632516e+01 5.899283496791367298e+01 -8.674481628751965445e+01 1.501669692127951095e+01 1.701988410360260318e+01 -5.066584575192842976e+01 2.034058778749815488e+01 -5.128287166012405862e+01 2.582972279442761021e+01 8.396442183223458144e+00 -1.276362855217730896e+01 -2.912279918189995342e+01 4.190945064448066404e+01 2.286711353628836108e+01 -2.131435658515640696e+01 -1.657755609257834450e+01 5.791877497337845426e+01 2.795319012343831488e+01 -1.713096277133927003e+01 -3.892686889586035903e+01 3.274499425955488618e+01 -3.198857168378992455e+01 1.012809901783240285e+01 -1.667809358356377913e+01 -1.487436710269543880e+02 -3.499793316425613199e+01 -6.228866614785656175e+00 -5.930014299776272146e+00 8.242219890684086181e+01 -5.607490893062628601e+01 6.983988915729345592e+01 1.235995804609056989e+02 6.099088858408705960e+01 -2.142912666408561861e+01
5.250673493359052202e+01 -5.242870748722334895e+01 -5.537119467742657619e+00 7.801733073169303623e+01 2.381258722884909318e+01 -1.100631225265802371e+01 -1.369617827939587471e+02 -3.981461168812689522e+01 2.454823665689481516e+00 7.882711015248017361e+01 -4.762695883875630187e+01 8.387519661710772567e+00 -2.077963476627311223e+01 -7.618002634720041044e+01 -2.734175045013482119e+01 4.171004589283187158e+01 -4.803927883709549462e+01 -6.333780623593834491e+01 3.568947464415709092e+00 -1.946261332872497718e+01 -4.362231672838171193e+01 -2.155520269928068089e+01 -4.867432513454804877e+01 6.919463804127414797e+00 2.158413238295487702e+01 -3.105294573743180564e+01 -6.250687286935644238e+01 -8.241511681280967139e+01 6.323882409216978573e+01 5.656761064679749040e+01 1.117336394489435136e+01 3.791069689738165494e+01 6.808338140492770307e+00 -7.230377949355063549e+01 -6.293472662043980392e+01 -4.009907768661507532e+01 1.001903075371330232e+02 1.024701755320613472e+02 5.081391120685686502e+01 4.947204422370302979e+01 1.599969196473864663e+01 -8.027476409535802659e+00 3.606649392350421124e+01 2.892841596125973425e+01 -3.411178416802430036e+01 -1.117475248294428702e+01 -8.000192327511319945e+01 3.406683623925566451e+01 -4.897071881427299900e+01 -2.476270553267881525e+01 -3.995401141470576789e+01 -3.559384496390342889e+01 -6.155895508308740460e+01 1.035145221155341630e+02 -6.574143191261480013e+01 -8.287238326643154096e+01 4.940032278339624128e+01 -3.492558930430879371e+01 -4.310089921048179917e+01 9.342636191559864356e-01 -3.452821146038550637e+01 -8.594653538549349037e+01 -3.967532777888494167e+01 1.432649166017312403e+01 2.807214835214691817e+01 4.418162311458230818e+01 -1.980599842854329395e+01 3.515285246604377534e+01 -1.305042024127415656e+00 -5.266161690748778490e+00 4.217906953581004359e+01 -2.199844747515887988e+01 1.212063594165733633e+02 -1.856096594127805943e+01 -8.265919988228105808e+01 1.245540695904104034e+01 -7.639659767079818664e+01 2.231855014596875364e+01 8.017522667016909566e+01 3.631383263532295302e+01 -7.126307933938321071e+00 -8.991240425718414997e+01 -4.363436488040976258e+01 -3.089048760379035130e+01 3.709804397111903285e+01 -7.421385743388749745e+01 -6.377826502966520650e+01 -2.820554724424745530e+00 2.810547384674821814e+01 5.225210805493329502e+00 1.049305111328724820e+02 -2.097041100571489736e+01 -1.089408139523568479e+02 5.472971648068050854e+01 1.536156221680422007e+01 6.497436844302352199e+01 -3.369515300242043310e+01 -5.686730566277356758e+01 5.243169794217124036e+00 1.985227044192177104e+01
1.818708777448723524e+01 2.310346305465848360e+01 9.795081012722416602e+00 4.233219700709842215e+00 7.846020913107930816e+00 3.440064125421132601e+00 3.227710944683028327e+00 6.738559051004619604e+00 2.340094359636508869e+01 -1.929844162084370263e+00 1.597457096416357691e+00 -2.042172731388865969e+01 1.268399803271038806e+01 -3.116626081694668482e+00 -1.759148338261574196e+01 -4.516267638497123649e+00 -1.663892475133180682e+01 3.988926935634275139e+00 -2.904325607391232134e-01 3.120359456745556592e+00 -6.932956876217061470e+00 -1.779756684620193141e+01 -1.680692344854197984e+01 5.354654624869793489e-01 1.174706694274238750e+01 -7.059946423509226854e+00 -3.212136661204436194e+00 9.287353730974926336e+00 1.534377490687896817e+01 -1.854956133569195309e+00 -4.156430143202646477e+00 1.006801146833909399e+01 1.082212421277752301e-01 4.144454287496095901e+00 -1.309856903807204098e+01 2.003845306267342252e+01 1.982541545694404661e+01 9.341220640066225656e+00 -2.762345450282339687e+00 -1.598305933551424030e+00 3.880827756380638149e+00 1.367471757244027408e+01 -4.486346276089486551e+00 4.200799862158088871e+00 -6.952635690261739221e+00 6.973773462123032729e+00 4.082879178008592014e+00 4.530148051784306240e+00 2.457000525196636431e+01 1.151623195167807268e+01 -7.035141863834599718e-01 -8.520077153872469111e+00 1.161533138409720500e+01 -4.513828857884203849e+00 9.788284969664299950e+00 8.705121377247023062e+00 1.224804435593153862e+01 3.286187405648690163e+00 -1.066297166249809614e+01 -7.108490378704848567e+00 -3.649579370412535440e+00 -2.292305253641884022e+01 -1.138574673126782777e+01 1.590816410150375759e+01 -4.049274744835710815e-01 -1.768983533899630922e+00 2.230275707733556700e+01 -2.467913154686491417e+00 6.599677486074575938e+00 -7.608852071969481656e+00 9.384748770710510613e+00 -4.808699763253766690e+00 -1.754632537517599178e-01 -4.357056534992940766e-01 -4.779606705801109356e+00 6.522487569319288525e-01 -6.158081553849498846e+00 -5.085899768975990831e+00 -1.192006141552416665e+01 -2.134122923418569684e+01 -6.571774433135409765e+00 -3.070226445703071683e+00 1.188023807333445703e+01 -1.511857185948864135e+01 1.463617352557648355e+00 7.162691034158449099e+00 -1.631981635135213793e+01 -5.225432258249919748e+00 -1.996287558114987348e+01 9.116308559174337578e-01 4.114159975962925486e+00 4.019622049586224044e+00 5.090397636301358553e+00 2.128465168317145739e+01 -7.134725256132434801e+00 6.277068556074729244e+00 7.111889130177327267e+00 -4.959319636558943145e+00 -1.401728090969341700e+00 6.009981304089499154e+00
4.125522592269681432e+00 1.925437090930331507e+01 -1.560486450404047654e+00 1.485081520836089242e+00 1.254497178981309524e+00 1.540361843787347951e+01 -8.805635251117315931e+00 8.912240325009866737e+00 -1.499437493440890812e+01 1.580274348740378088e+01 3.898773589876318724e+00 -3.586833151608706416e+00 1.239631219594286726e+01 -1.081031043423695159e+01 2.011230960685112734e+01 -1.291597790662117973e+01 -2.193152723768601930e+00 -5.266374697318024545e+00 4.416025441928718820e+00 -6.540145131864497863e+00 -3.706677395113718188e+00 1.829308663907261767e+00 4.771276664689577451e+00 7.516624269340005604e+00 -1.273082108201892559e+01 -8.977615430476250324e+00 5.789799509829144375e-01 4.800839953958366380e+00 1.954645400342742789e+01 -1.103927339917470540e+01 1.260313408705825822e+01 3.673380777162170041e+00 1.841190964221641480e+01 1.941505544190500387e+01 9.994163361447077065e+00 -4.264375241368759895e+00 1.526402700058681106e+01 -8.879140612938931199e+00 8.272788101255626358e+00 6.331877758707309845e+00 -1.133442050371100862e+01 -7.160897026798136444e+00 1.906555318404130617e+01 -7.937610283087386698e+00 3.277602330527736307e-01 5.944542889197929725e+00 -1.126914313750614483e+01 1.718330724241717622e+00 9.737553822473168808e+00 -1.356672917722237948e+01 1.766427740389812229e+01 -1.014760026610658228e+00 -1.113387480321088674e+01 -5.134640114795348431e+00 9.026608728653452429e-01 -1.031194744451317291e+01 3.267627446622875187e+00 8.833733635421808117e+00 7.026978756803316628e+00 -4.696371358587398959e+00 -1.417526714413127564e+01 6.446087547015435959e+00 5.377792251470389084e-01 -1.332914125177392961e+01 -1.204266985759358732e+01 7.956803575746145718e+00 1.377948423203446104e+01 1.133708580113087194e+01 -1.667042037817863331e+01 2.885858747846431260e+00 3.270921645820000112e+00 -9.736814126724294027e+00 3.909016766737763771e+00 -9.855398564807014594e+00 4.963885402278071624e+00 1.613621906639213455e+00 -2.452879057708165167e+00 -5.596749811908626526e+00 8.054082418645744923e+00 4.394535056931005101e+00 -4.096217316141609999e+00 -3.185834609506193793e+00 1.113071641348102858e+01 5.371966107798321843e+00 -3.292187571112568101e+00 -7.480905396382458328e+00 6.292857374660715486e+00 -6.147419166863406836e+00 1.946421362800231147e+00 -3.205157415137585897e+00 -2.858531075966409318e+01 -6.725753479885007380e+00 -1.197058468818192445e+00 -1.139610557344503450e+00 1.583971734788955388e+01 -1.077635599762633412e+01 1.342166119584724093e+01 2.375313770245971057e+01 1.172109306872436818e+01 -4.118196393807280309e+00
1.009063915420144575e+01 -1.007565551776450441e+01 -1.064101050798844872e+00 1.499318996567020967e+01 4.576273738181956929e+00 -2.115175130637870549e+00 -2.632106204127259730e+01 -7.651469460992967875e+00 4.717630498205173661e-01 1.514883053607267094e+01 -9.152837364499966100e+00 1.611889363493011595e+00 -3.993409987283519591e+00 -1.464011634424636021e+01 -5.254492064169297372e+00 8.015742453394965494e+00 -9.232086239958164242e+00 -1.217213179904695863e+01 6.858911190611193254e-01 -3.740381122884563592e+00 -8.383216934908247708e+00 -4.142462481824051856e+00 -9.354139599597406374e+00 1.329763670462891678e+00 4.147978421103108104e+00 -5.967661538024165324e+00 -1.201243154168681215e+01 -1.583835908883752452e+01 1.215312501889407670e+01 1.087101331757421008e+01 2.147273019966011720e+00 7.285787894457943281e+00 1.308406559717525619e+00 -1.389519659777776894e+01 -1.209465914536022169e+01 -7.706163493935076048e+00 1.925439732767664935e+01 1.969252003756315617e+01 9.765175791139826700e+00 9.507364908967115724e+00 3.074788504746849949e+00 -1.542703365277764638e+00 6.931172785171028750e+00 5.559371085623157960e+00 -6.555545904616347563e+00 -2.147544157488336936e+00 -1.537460371227507672e+01 6.546860622373700700e+00 -9.411101954094370114e+00 -4.758843271104264971e+00 -7.678276633469426571e+00 -6.840352650905993315e+00 -1.183028659773200886e+01 1.989321999777288497e+01 -1.263405743332138442e+01 -1.592622778214258439e+01 9.493603937751791122e+00 -6.711920975717865723e+00 -8.283047159026972750e+00 1.794139026760789013e-01 -6.635553642172639321e+00 -1.651704552993214037e+01 -7.624713853161931176e+00 2.753233071593100600e+00 5.394838726613999214e+00 8.490841414234715501e+00 -3.806290695030667415e+00 6.755592087195561923e+00 -2.508007051307591939e-01 -1.012065089211951152e+00 8.105684871917548051e+00 -4.227630990486743734e+00 2.329320826157150037e+01 -3.567007279844731205e+00 -1.588525922596376994e+01 2.393636213141243196e+00 -1.468172429783525423e+01 4.289079280453728771e+00 1.540791587193437451e+01 6.978700083320230618e+00 -1.369428833951645164e+00 -1.727915462603974817e+01 -8.385545781617731009e+00 -5.936508802485283454e+00 7.129382101653295223e+00 -1.426227035175189251e+01 -1.225674401348627640e+01 -5.420659038352414472e-01 5.401257076943784874e+00 1.004168512921743250e+00 2.016537069741133692e+01 -4.029929235600959281e+00 -2.093602360777263272e+01 1.051785172837335125e+01 2.952153182936156917e+00 1.248662837721331265e+01 -6.475463100920676673e+00 -1.092865352977851678e+01 1.007640130277926094e+00 3.815159665140863243e+00
1.764018356407102361e+00 2.240876219241197731e+00 9.500499265099840995e-01 4.105925805996382127e-01 7.610053515710107908e-01 3.336605656200101189e-01 3.130657153074036803e-01 6.535896408493401255e-01 2.269728241945042413e+00 -1.871813662207075513e-01 1.549415033987758816e-01 -1.980763368142910430e+00 1.230255879167304833e+00 -3.022893280238017621e-01 -1.706251294845405608e+00 -4.380418839295185385e-01 -1.613855690514076402e+00 3.868980946079741412e-01 -2.816753211261198431e-02 3.026902160778223716e-01 -6.724476002086028359e-01 -1.726235237354441399e+00 -1.630149267322861917e+00 5.193473365906908779e-02 1.139382739913670672e+00 -6.847582040363048295e-01 -3.115560317472085838e-01 9.008070012002552529e-01 1.488239943286190581e+00 -1.799168105913580840e-01 -4.031391996815777978e-01 9.765066186359121492e-01 1.049606515594521568e-02 4.019828371642842901e-01 -1.270469710731543245e+00 1.943588424648190038e+00 1.922928422392271131e+00 9.060330393591328191e-01 -2.679137871535960391e-01 -1.550277790440453551e-01 3.764116203196254395e-01 1.326348517627169210e+00 -4.351434400436816063e-01 4.074465049445032960e-01 -6.743636312515775000e-01 6.764037420450959015e-01 3.960125312657041263e-01 4.393939850927661706e-01 2.383119464058367498e+00 1.116992304462752994e+00 -6.823499578948460931e-02 -8.263798305852692039e-01 1.126602740503086064e+00 -4.378088896367484661e-01 9.493924485883374897e-01 8.443325965288188684e-01 1.187966588492403552e+00 3.187399146541908812e-01 -1.034234454194877806e+00 -6.894603695576890789e-01 -3.539825173218422161e-01 -2.223375910163619462e+00 -1.104331466188281263e+00 1.542977757110218784e+00 -3.927369166645046372e-02 -1.715860257899352315e-01 2.163212014441322495e+00 -2.393691445839485066e-01 6.401223801758963994e-01 -7.380021954805985329e-01 9.102725799911079996e-01 -4.664096513786055165e-01 -1.701840960575138131e-02 -4.226115948469971045e-02 -4.635880810219821235e-01 6.326404305069294187e-02 -5.972872950591809893e-01 -4.932933090146289223e-01 -1.156161536359283426e+00 -2.069948187012840002e+00 -6.374135881339808574e-01 -2.977911682114356418e-01 1.152296591591116304e+00 -1.466393709486435437e+00 1.419625061998138760e-01 6.947290422587436565e-01 -1.582905966546108045e+00 -5.068344796249236728e-01 -1.936260102902437774e+00 8.842198675510282158e-02 3.990454318879845252e-01 3.898323977862288015e-01 4.937324520859083798e-01 2.064461456131074790e+00 -6.920139063490936548e-01 6.088308659647728716e-01 6.898023120281060461e-01 -4.810189731007121772e-01 -1.359597936849568089e-01 5.829221094420720117e-01
4.001457711455583821e-01 1.867540295247800186e+00 -1.513564669376263327e-01 1.440426748487417807e-01 1.216782488481853025e-01 1.494039856259441690e+00 -8.540850478889585595e-01 8.644249178932165156e-01 -1.454349935670097071e+00 1.532754737731215178e+00 3.781529732424714907e-01 -3.478957190485228446e-01 1.202353761510917440e+00 -1.048521452918977470e+00 1.950753887147677723e+00 -1.252755508577810373e+00 -2.127170432667637723e-01 -5.108020787424430997e-01 4.283230047454371081e-01 -6.343552212217574704e-01 -3.595164016816097541e-01 1.774313980042365735e-01 4.627812788924452470e-01 7.290556972405295433e-01 -1.234798675788787437e+00 -8.707618480918631887e-01 5.615547671854910494e-02 4.656461617433241273e-01 1.895870149989674847e+00 -1.070730949239403484e+00 1.222413097832091733e+00 3.562782626008371145e-01 1.785822154821094632e+00 1.883124120820522718e+00 9.693598323028874697e-01 -4.136147365889110139e-01 1.480505418333166068e+00 -8.612144837792695684e-01 8.023938247352652153e-01 6.141631487881212825e-01 -1.099354023625201737e+00 -6.945564946294204844e-01 1.849222293387199567e+00 -7.698899407055598276e-01 3.178248762424507740e-02 5.765781913107007606e-01 -1.093024130139667038e+00 1.666649938666717179e-01 9.444760301676723424e-01 -1.315875247543166093e+00 1.713309413975187434e+00 -9.841927920765686233e-02 -1.079906002933566755e+00 -4.980237817101273445e-01 8.755212336001036433e-02 -1.000183584501381784e+00 3.169366873777677007e-01 8.568084919010526823e-01 6.815641598615216346e-01 -4.555128527903267721e-01 -1.374895322828447508e+00 6.252257790013673322e-01 5.216010229052079478e-02 -1.292832051757552225e+00 -1.168049937944156680e+00 7.717489797723539047e-01 1.336514101921285169e+00 1.099612481127533181e+00 -1.616909883956188176e+00 2.799055185586346028e-01 3.172650222280106735e-01 -9.443965634018974820e-01 3.791473543810906510e-01 -9.558990785794815315e-01 4.814595145015914679e-01 1.565111375816327921e-01 -2.379107873955658425e-01 -5.428437768173596245e-01 7.811899499284928883e-01 4.262363210729332441e-01 -3.973119790147683350e-01 -3.090025942550182481e-01 1.079600978527452959e+00 5.210401021141122246e-01 -3.193181229589235892e-01 -7.255969624254765549e-01 6.103614447616955152e-01 -5.962466687726718506e-01 1.887918745738418613e-01 -3.108769713620060937e-01 -2.772578718844905143e+00 -6.523411456007438547e-01 -1.161070662482046184e-01 -1.105332495994563041e-01 1.536338620316179071e+00 -1.045229355879597311e+00 1.301802748033167534e+00 2.303888350911010185e+00 1.136861452297129427e+00 -3.994346960805891800e-01
9.787205811362219565e-01 -9.772686319731808124e-01 -1.032089183231550550e-01 1.454230437754280958e+00 4.438683341048548781e-01 -2.051574989129365256e-01 -2.552959197447012940e+00 -7.421356897164058664e-01 4.575767155388683199e-02 1.469328684593488754e+00 -8.877585369219462841e-01 1.563409922183585932e-01 -3.873350263708773000e-01 -1.419986663450200082e+00 -5.096496283166223051e-01 7.774690344085974925e-01 -8.954463003451748060e-01 -1.180610524589204458e+00 6.652869836184024943e-02 -3.628017084442354268e-01 -8.131088782005713167e-01 -4.017926999430614377e-01 -9.072859596395499437e-01 1.289770725844668897e-01 4.023225570777486659e-01 -5.788172356923145800e-01 -1.165119180875262783e+00 -1.536207204420178662e+00 1.178768817034732130e+00 1.054407016263893215e+00 2.082700870961341766e-01 7.066917984165909106e-01 1.269054422394838844e-01 -1.347735852517961685e+00 -1.173095091955804525e+00 -7.474436786205802541e-01 1.867543176832496155e+00 1.910035886946436667e+00 9.471364535252018158e-01 9.221384511767347636e-01 2.982326934676904906e-01 -1.496311932635433495e-01 6.722730810072743424e-01 5.392156482161647446e-01 -6.358429161703169630e-01 -2.082968911482308283e-01 -1.491227078081574620e+00 6.349949344967205089e-01 -9.128111417262760874e-01 -4.615736591474628447e-01 -7.447378708537224501e-01 -6.634656547659227854e-01 -1.147455237885583568e+00 1.929502306724162564e+00 -1.225414238095444253e+00 -1.544728919891338981e+00 9.208063636968115695e-01 -6.510077911122827965e-01 -8.033972660987102055e-01 1.738644062088274406e-02 -6.436006936808803536e-01 -1.602037989389754058e+00 -7.395419630296677926e-01 2.670437211223365970e-01 5.232599350816941053e-01 8.235639655935844683e-01 -3.691848590325703672e-01 6.552431241616974988e-01 -2.432593373375190049e-02 -9.816605892826626989e-02 7.861699897128352488e-01 -4.100518656190513256e-01 2.259277859563464386e+00 -3.459742273631473131e-01 -1.540755330609233864e+00 2.321635389436587094e-01 -1.424020892506327796e+00 4.160038556387842812e-01 1.494458953665097178e+00 6.768822138138207434e-01 -1.328142096904450231e-01 -1.675952036044920712e+00 -8.133363454078097465e-01 -5.758036698010242649e-01 6.914942226987639273e-01 -1.383339267455211408e+00 -1.188813272122460907e+00 -5.257859992066777483e-02 5.238841102022360197e-01 9.739699907130718037e-02 1.955902387712302293e+00 -3.908601880934386985e-01 -2.030645664396125039e+00 1.020157699503330795e+00 2.863378379758294012e-01 1.211112738475606410e+00 -6.280736291876598543e-01 -1.060003060888815352e+00 9.773611262884764062e-02 3.700423184309973856e-01
