# 
#                 ----------------------------------------------------
#                 Data from a 3D direct N-body simulation. 
# 
#                 rows are i-particle; 
#                 coumns are :mass, tag, x ,y, z, vx, vy, vz, ax, ay, az
# 
#                 NTHU, Computational Physics Lab
# 
#                 ----------------------------------------------------
#                 Time = 2.4999999999999907
1.000000000000000000e+00 2.000000000000000000e+00 3.000000000000000000e+00 4.000000000000000000e+00 5.000000000000000000e+00 6.000000000000000000e+00 7.000000000000000000e+00 8.000000000000000000e+00 9.000000000000000000e+00 1.000000000000000000e+01 1.100000000000000000e+01 1.200000000000000000e+01 1.300000000000000000e+01 1.400000000000000000e+01 1.500000000000000000e+01 1.600000000000000000e+01 1.700000000000000000e+01 1.800000000000000000e+01 1.900000000000000000e+01 2.000000000000000000e+01 2.100000000000000000e+01 2.200000000000000000e+01 2.300000000000000000e+01 2.400000000000000000e+01 2.500000000000000000e+01 2.600000000000000000e+01 2.700000000000000000e+01 2.800000000000000000e+01 2.900000000000000000e+01 3.000000000000000000e+01 3.100000000000000000e+01 3.200000000000000000e+01 3.300000000000000000e+01 3.400000000000000000e+01 3.500000000000000000e+01 3.600000000000000000e+01 3.700000000000000000e+01 3.800000000000000000e+01 3.900000000000000000e+01 4.000000000000000000e+01 4.100000000000000000e+01 4.200000000000000000e+01 4.300000000000000000e+01 4.400000000000000000e+01 4.500000000000000000e+01 4.600000000000000000e+01 4.700000000000000000e+01 4.800000000000000000e+01 4.900000000000000000e+01 5.000000000000000000e+01 5.100000000000000000e+01 5.200000000000000000e+01 5.300000000000000000e+01 5.400000000000000000e+01 5.500000000000000000e+01 5.600000000000000000e+01 5.700000000000000000e+01 5.800000000000000000e+01 5.900000000000000000e+01 6.000000000000000000e+01 6.100000000000000000e+01 6.200000000000000000e+01 6.300000000000000000e+01 6.400000000000000000e+01 6.500000000000000000e+01 6.600000000000000000e+01 6.700000000000000000e+01 6.800000000000000000e+01 6.900000000000000000e+01 7.000000000000000000e+01 7.100000000000000000e+01 7.200000000000000000e+01 7.300000000000000000e+01 7.400000000000000000e+01 7.500000000000000000e+01 7.600000000000000000e+01 7.700000000000000000e+01 7.800000000000000000e+01 7.900000000000000000e+01 8.000000000000000000e+01 8.100000000000000000e+01 8.200000000000000000e+01 8.300000000000000000e+01 8.400000000000000000e+01 8.500000000000000000e+01 8.600000000000000000e+01 8.700000000000000000e+01 8.800000000000000000e+01 8.900000000000000000e+01 9.000000000000000000e+01 9.100000000000000000e+01 9.200000000000000000e+01 9.300000000000000000e+01 9.400000000000000000e+01 9.500000000000000000e+01 9.600000000000000000e+01 9.700000000000000000e+01 9.800000000000000000e+01 9.900000000000000000e+01 1.000000000000000000e+02
2.000000000000000111e-01 2.000000000000000111e-01 2.000000000000000111e-01 2.000000000000000111e-01 2.000000000000000111e-01 2.000000000000000111e-01 2.000000000000000111e-01 2.000000000000000111e-01 2.000000000000000111e-01 2.000000000000000111e-01 2.000000000000000111e-01 2.000000000000000111e-01 2.000000000000000111e-01 2.000000000000000111e-01 2.000000000000000111e-01 2.000000000000000111e-01 2.000000000000000111e-01 2.000000000000000111e-01 2.000000000000000111e-01 2.000000000000000111e-01 2.000000000000000111e-01 2.000000000000000111e-01 2.000000000000000111e-01 2.000000000000000111e-01 2.000000000000000111e-01 2.000000000000000111e-01 2.000000000000000111e-01 2.000000000000000111e-01 2.000000000000000111e-01 2.000000000000000111e-01 2.000000000000000111e-01 2.000000000000000111e-01 2.000000000000000111e-01 2.000000000000000111e-01 2.000000000000000111e-01 2.000000000000000111e-01 2.000000000000000111e-01 2.000000000000000111e-01 2.000000000000000111e-01 2.000000000000000111e-01 2.000000000000000111e-01 2.000000000000000111e-01 2.000000000000000111e-01 2.000000000000000111e-01 2.000000000000000111e-01 2.000000000000000111e-01 2.000000000000000111e-01 2.000000000000000111e-01 2.000000000000000111e-01 2.000000000000000111e-01 2.000000000000000111e-01 2.000000000000000111e-01 2.000000000000000111e-01 2.000000000000000111e-01 2.000000000000000111e-01 2.000000000000000111e-01 2.000000000000000111e-01 2.000000000000000111e-01 2.000000000000000111e-01 2.000000000000000111e-01 2.000000000000000111e-01 2.000000000000000111e-01 2.000000000000000111e-01 2.000000000000000111e-01 2.000000000000000111e-01 2.000000000000000111e-01 2.000000000000000111e-01 2.000000000000000111e-01 2.000000000000000111e-01 2.000000000000000111e-01 2.000000000000000111e-01 2.000000000000000111e-01 2.000000000000000111e-01 2.000000000000000111e-01 2.000000000000000111e-01 2.000000000000000111e-01 2.000000000000000111e-01 2.000000000000000111e-01 2.000000000000000111e-01 2.000000000000000111e-01 2.000000000000000111e-01 2.000000000000000111e-01 2.000000000000000111e-01 2.000000000000000111e-01 2.000000000000000111e-01 2.000000000000000111e-01 2.000000000000000111e-01 2.000000000000000111e-01 2.000000000000000111e-01 2.000000000000000111e-01 2.000000000000000111e-01 2.000000000000000111e-01 2.000000000000000111e-01 2.000000000000000111e-01 2.000000000000000111e-01 2.000000000000000111e-01 2.000000000000000111e-01 2.000000000000000111e-01 2.000000000000000111e-01 2.000000000000000111e-01
1.174861082358736475e+01 1.492442777830055789e+01 6.327561621032477213e+00 2.734595054307150885e+00 5.068486437142269985e+00 2.222260980834359412e+00 2.085042689124363413e+00 4.353076303979221073e+00 1.511662805290959177e+01 -1.246648977097577937e+00 1.031946102115772312e+00 -1.319213924199850041e+01 8.193729868827908547e+00 -2.013325369310007051e+00 -1.136380808976958257e+01 -2.917533803634685619e+00 -1.074855849651045503e+01 2.576781429148419011e+00 -1.876665145501468790e-01 2.014900963398728706e+00 -4.478595254766362110e+00 -1.149703646997143736e+01 -1.085710719698939997e+01 3.459382307870302320e-01 7.588430681552814860e+00 -4.560768696457920157e+00 -2.074962236369018331e+00 5.999511605564146421e+00 9.911810234240814310e+00 -1.198292817954273337e+00 -2.685105331727286604e+00 6.504207973941957377e+00 6.992298189535950392e-02 2.677256586859774856e+00 -8.461463926654856138e+00 1.294455065974818275e+01 1.280686362597595185e+01 6.034280163893930293e+00 -1.784741974177474155e+00 -1.032409292229837128e+00 2.506985846476911028e+00 8.833723806121804856e+00 -2.898124776503431477e+00 2.713686431395253340e+00 -4.491149344969350921e+00 4.505022178573582003e+00 2.637435803783442001e+00 2.926375131779483052e+00 1.587181420739973348e+01 7.439337756448317407e+00 -4.544796688829935150e-01 -5.504008014476118760e+00 7.503387139566373598e+00 -2.915881727196148798e+00 6.323134977138116675e+00 5.623440649746398456e+00 7.912215097577672829e+00 2.122765911175734654e+00 -6.888092749289924654e+00 -4.592262421045821164e+00 -2.357595022937462481e+00 -1.480792326338541010e+01 -7.355147534603179160e+00 1.027648282246616418e+01 -2.616078111787371596e-01 -1.142584163329138036e+00 1.440721310542576816e+01 -1.594257809113976299e+00 4.263290210080465492e+00 -4.915266998677068955e+00 6.062018628728964131e+00 -3.106356157808202401e+00 -1.133529153198694489e-01 -2.814425248369567534e-01 -3.087557042555689524e+00 4.213320238435903642e-01 -3.978099012194969308e+00 -3.285483485136809545e+00 -7.700192228688605312e+00 -1.378613223388212639e+01 -4.245316933374526869e+00 -1.983302705467347993e+00 7.674517925479256597e+00 -9.766399886391923246e+00 9.454333071011954415e-01 4.627024999773451164e+00 -1.054238589688817918e+01 -3.375457432538271352e+00 -1.289568205732739870e+01 5.888953258224908227e-01 2.657666839880105325e+00 2.597535298506254975e+00 3.288326815758111366e+00 1.374956469649162294e+01 -4.609016796818294459e+00 4.054905196737246698e+00 4.594192683050556170e+00 -3.203648843102878452e+00 -9.054513971468415301e-01 3.882439350808353229e+00
2.665044806372449226e+00 1.243799523106761029e+01 -1.008045135323902608e+00 9.593356455385019244e-01 8.103679685203861727e-01 9.950565177128218863e+00 -5.688299567160465919e+00 5.757166398796939255e+00 -9.686117548059236526e+00 1.020833867611190549e+01 2.518562750554190988e+00 -2.317080404925195403e+00 8.007859254145319738e+00 -6.983353982664726622e+00 1.299221990494383938e+01 -8.343602352418098889e+00 -1.416815780900984256e+00 -3.401981815431730283e+00 2.852694456506314147e+00 -4.224680994287568936e+00 -2.394570656051279833e+00 1.181677183806252973e+00 3.082151061592939723e+00 4.855711900301103334e+00 -8.223948993374431637e+00 -5.799484001612118966e+00 3.740448306661920408e-01 3.101303522716997829e+00 1.262667976057679198e+01 -7.131223911284280348e+00 8.141483205913891297e+00 2.373247057071895760e+00 1.189389291542910243e+01 1.254182619221849038e+01 6.456158939596517321e+00 -2.754714851103023943e+00 9.860284335216235263e+00 -5.735784372229119299e+00 5.344278261628228499e+00 4.089961919382957944e+00 -7.321973421748301902e+00 -4.625834604466747990e+00 1.231610843377957032e+01 -5.127628803160234838e+00 2.118997908220782156e-01 3.840099151200047523e+00 -7.279771718135760850e+00 1.110037304586962925e+00 6.290273894402614197e+00 -8.763946693121301479e+00 1.141088351406629542e+01 -6.556342022771847189e-01 -7.192348314343438354e+00 -3.316904189154957106e+00 5.830973572346067613e-01 -6.661422547713924835e+00 2.110842137075542801e+00 5.706491762521112676e+00 4.539394620004146397e+00 -3.033831107892456913e+00 -9.157135675572268596e+00 4.164061711048657521e+00 3.474123737420242164e-01 -8.610443390868862679e+00 -7.779476512715049807e+00 5.140082959828060183e+00 8.901316079500507072e+00 7.323696404955264860e+00 -1.076891846582996948e+01 1.864274774800712908e+00 2.112779891352717598e+00 -6.289962793348452763e+00 2.525161008712279997e+00 -6.366552327289697999e+00 3.206648047942909585e+00 1.042350296569242607e+00 -1.584549367795384800e+00 -3.615450203992319089e+00 5.202802587526575095e+00 2.838860948186544331e+00 -2.645928097310795479e+00 -2.058021678569252000e+00 7.190279600305241381e+00 3.470270023229325318e+00 -2.126723234506457505e+00 -4.832514009287656620e+00 4.065122359681103248e+00 -3.971350514792507003e+00 1.257300672524107377e+00 -2.070499582194933019e+00 -1.846557912810277458e+01 -4.344943020021979407e+00 -7.732641117084441129e-01 -7.361919198790335406e-01 1.023227336735046400e+01 -6.961393056390249079e+00 8.670276547558490421e+00 1.534414535654055989e+01 7.571695236273272123e+00 -2.660322673846532204e+00
6.518410116699320689e+00 -6.508701585648373644e+00 -6.874234249192968660e-01 9.685450635390465024e+00 2.956161225071447074e+00 -1.366362809331084227e+00 -1.700298036587779649e+01 -4.942799189492646406e+00 3.047523707856694686e-01 9.785944453735494264e+00 -5.912644628991531981e+00 1.041276461486977833e+00 -2.579631909419883851e+00 -9.457329733049148146e+00 -3.394304054601189780e+00 5.178083240293544165e+00 -5.963812727297228555e+00 -7.863027316905936814e+00 4.430303080006067207e-01 -2.415991563806341613e+00 -5.415522265435685156e+00 -2.675903966618527363e+00 -6.042628381284675498e+00 8.590212985641744181e-01 2.679578389168501218e+00 -3.855104742964102105e+00 -7.759896659096643390e+00 -1.023138892030279656e+01 7.850709999631122038e+00 7.022614403544027439e+00 1.387112271594120205e+00 4.706042628695682239e+00 8.452279688402768443e-01 -8.976097667045250361e+00 -7.813005554386410090e+00 -4.978064798407919156e+00 1.243800540458609127e+01 1.272107164810301150e+01 6.308521245653762044e+00 6.141810095523537072e+00 1.986270507771882965e+00 -9.965670208459481705e-01 4.477474604956055870e+00 3.591361441927793940e+00 -4.234760526949385984e+00 -1.387276506284271793e+00 -9.931790875076181635e+00 4.229270240250334822e+00 -6.079420139499029041e+00 -3.074155292386893112e+00 -4.960071435658703010e+00 -4.418774034999198186e+00 -7.642172548348544758e+00 1.285072218983872183e+01 -8.161420502083473139e+00 -1.028817084375386059e+01 6.132863947864194643e+00 -4.335828432206178640e+00 -5.350724458124532568e+00 1.162321083069033506e-01 -4.286496355507551925e+00 -1.066974589997395562e+01 -4.925485691596736437e+00 1.778558261100291027e+00 3.485016243894865973e+00 5.484694871984460818e+00 -2.458775366106257465e+00 4.364049192973034508e+00 -1.620128346548160292e-01 -6.537169295800616675e-01 5.236677140983143630e+00 -2.730955672854942229e+00 1.504705020193123133e+01 -2.304241267060588516e+00 -1.026170421179977943e+01 1.546303334855759326e+00 -9.484239149627452292e+00 2.770824417424215369e+00 9.953292096343931306e+00 4.508191220460288307e+00 -8.848624950304329051e-01 -1.116216862104627516e+01 -5.416992431163391686e+00 -3.834807152463850066e+00 4.605596192105710251e+00 -9.213225169125474068e+00 -7.917772807237938970e+00 -3.501227720003177724e-01 3.489126984770638540e+00 6.486838264653687069e-01 1.302645450404259364e+01 -2.603588374567316510e+00 -1.352438473852931011e+01 6.794372116832153807e+00 1.907051923325903786e+00 8.066224976426090265e+00 -4.183067500350480472e+00 -7.059733598242994290e+00 6.508748096961386453e-01 2.464564365309262595e+00
6.191760729500245475e+00 7.865503654099300412e+00 3.334738996750257201e+00 1.441189765646143872e+00 2.671182406496189987e+00 1.171171379755634900e+00 1.098863950776910015e+00 2.294147600419598643e+00 7.966789826932078711e+00 -6.570107094505426293e-01 5.438544862562904036e-01 -6.952534247243354670e+00 4.318255779764948343e+00 -1.061057773862965625e+00 -5.988973342735428140e+00 -1.537580708819572761e+00 -5.664703300562325516e+00 1.358019604636308220e+00 -9.889238156220306331e-02 1.062080414753003632e+00 -2.360312355372597537e+00 -6.059164136471298256e+00 -5.721905222776233479e+00 1.823085765766765121e-01 3.999263138698972320e+00 -2.403587243907607807e+00 -1.093555874183437471e+00 3.161864849301119218e+00 5.223742491906842922e+00 -6.315212971560127952e-01 -1.415081117538746547e+00 3.427757759157247452e+00 3.684774053432202795e-02 1.410970568242684520e+00 -4.459374006028526516e+00 6.822049633951205116e+00 6.749501295584357408e+00 3.180195213064139104e+00 -9.405258298981563625e-01 -5.441181956243651419e-01 1.321227828947500793e+00 4.655545209600437495e+00 -1.527370222935334976e+00 1.430162626487683442e+00 -2.366965026442263476e+00 2.374226084682334204e+00 1.389994345926192532e+00 1.542269102835793770e+00 8.364791242177782138e+00 3.920682713846997292e+00 -2.395157830185948022e-01 -2.900690464877520025e+00 3.954430579934824941e+00 -1.536727679307419603e+00 3.332414465850126462e+00 2.963657735006598681e+00 4.169867421432356558e+00 1.118756787937120745e+00 -3.630176825981892730e+00 -2.420154016097592731e+00 -1.242497507974814175e+00 -7.804094566888801765e+00 -3.876289370159358594e+00 5.415912945358686947e+00 -1.378657746397269346e-01 -6.022011620129869014e-01 7.592913814884412638e+00 -8.402023157600259085e-01 2.246844703147290012e+00 -2.590435266064956554e+00 3.194901398397514747e+00 -1.637113517358257830e+00 -5.973793744530860733e-02 -1.483300309907009118e-01 -1.627207238955244328e+00 2.220533979988746909e-01 -2.096526066627351081e+00 -1.731503530867473994e+00 -4.058161602652026190e+00 -7.265579154568152731e+00 -2.237360504236686864e+00 -1.045246520947534785e+00 4.044618964697555441e+00 -5.147092634025431046e+00 4.982729211302032724e-01 2.438532233082407075e+00 -5.556053659235929310e+00 -1.778958985207793164e+00 -6.796305594093077218e+00 3.103613394618759957e-01 1.400650979407306540e+00 1.368744532401067859e+00 1.733016352657322345e+00 7.246311728953035214e+00 -2.429028343773571130e+00 2.137017819929695861e+00 2.421232372343139261e+00 -1.688390087125806405e+00 -4.772021543452734660e-01 2.046108896383354470e+00
1.404530600948371122e+00 6.555095745158642018e+00 -5.312624267907275488e-01 5.055912732899285889e-01 4.270852983297173111e-01 5.244144852229447373e+00 -2.997856226730131191e+00 3.034150146187316377e+00 -5.104794343232502918e+00 5.380009671143264782e+00 1.327332747940723312e+00 -1.221141188236109398e+00 4.220304912654422758e+00 -3.680362494846575405e+00 6.847181768586682260e+00 -4.397237843607585184e+00 -7.466753107789418920e-01 -1.792920362095686393e+00 1.503428430418065620e+00 -2.226531825239404849e+00 -1.261963460441065887e+00 6.227755010831513838e-01 1.624363904736590980e+00 2.559043248825026762e+00 -4.334188312620336880e+00 -3.056432556513197341e+00 1.971220644250052112e-01 1.634444990148541610e+00 6.654535740053330706e+00 -3.758301528030692396e+00 4.290722931942959839e+00 1.250682802473624733e+00 6.268315830084524087e+00 6.609809683420524884e+00 3.402514091523221040e+00 -1.451794755189230290e+00 5.196589543351617380e+00 -3.022881391178993127e+00 2.816505995883130886e+00 2.155573834563115465e+00 -3.858810086303030129e+00 -2.437912120560135065e+00 6.490838880909598707e+00 -2.702356978293101619e+00 1.116361715434684432e-01 2.023810363173474514e+00 -3.836576609464654730e+00 5.850082102538592954e-01 3.315116591434382975e+00 -4.618775391878117809e+00 6.013771212006464140e+00 -3.455067517925808906e-01 -3.790512316283370264e+00 -1.748077832600823722e+00 3.073064917336992830e-01 -3.510696993662912213e+00 1.112457585310814734e+00 3.007434444845485277e+00 2.392340485544395712e+00 -1.598882672843872310e+00 -4.825975290680214691e+00 2.194551879108212589e+00 1.830902040464353342e-01 -4.537881675171292706e+00 -4.099927432595245058e+00 2.708907792505256484e+00 4.691187433960455344e+00 3.859717849705858850e+00 -5.675430150371094662e+00 9.824999745086245850e-01 1.113522582220449086e+00 -3.314914247465748254e+00 1.330814470611666911e+00 -3.355281829069496347e+00 1.689959268414569227e+00 5.493464721277711016e-01 -8.350849882278994496e-01 -1.905410972748706300e+00 2.741990226369523054e+00 1.496126608396214808e+00 -1.394498490527142254e+00 -1.084616290438380037e+00 3.789428608395432274e+00 1.828891794128815640e+00 -1.120823662223949135e+00 -2.546846025112163847e+00 2.142398377892838379e+00 -2.092937412145609244e+00 6.626374840860893567e-01 -1.091193408556814459e+00 -9.731774554105644626e+00 -2.289829249818423396e+00 -4.075306227230247602e-01 -3.879839759021382339e-01 5.392612217742208891e+00 -3.668794808425541287e+00 4.569399667198648096e+00 8.086695063651506032e+00 3.990433238484707879e+00 -1.402039523734266879e+00
3.435338065086198434e+00 -3.430228215943838421e+00 -3.622797569180962740e-01 5.104420174082794581e+00 1.557969400263918391e+00 -7.201040880373857922e-01 -8.960937497557470266e+00 -2.604944853760321699e+00 1.606108279818267981e-01 5.157393514579257321e+00 -3.116077535016328781e+00 5.487700950845086911e-01 -1.359532344660906444e+00 -4.984204988837281469e+00 -1.788874424738136959e+00 2.728951626003335296e+00 -3.143050073395294408e+00 -4.143978816359031647e+00 2.334967206527856776e-01 -1.273333513506789139e+00 -2.854074118168420604e+00 -1.410272891205135659e+00 -3.184594263568016892e+00 4.527191952645859274e-01 1.412183785633636557e+00 -2.031702215041401249e+00 -4.089619107969393319e+00 -5.392147714401754222e+00 4.137496360230549008e+00 3.701042684610978295e+00 7.310361078428383452e-01 2.480291477101571829e+00 4.454491178268028539e-01 -4.730591283833899041e+00 -4.117610669534494505e+00 -2.623545751723564745e+00 6.555102693681625681e+00 6.704274106694319890e+00 3.324640343683671784e+00 3.236818978317008710e+00 1.046805831130360742e+00 -5.252110323160363858e-01 2.359714417600263126e+00 1.892702485281697378e+00 -2.231813869006251227e+00 -7.311251758639628617e-01 -5.234257586957930641e+00 2.228892681875952242e+00 -3.203985465962215340e+00 -1.620141673510895330e+00 -2.614058003784537565e+00 -2.328785372429770906e+00 -4.027590103496418550e+00 6.772602367921352062e+00 -4.301239223520689769e+00 -5.422068370028187090e+00 3.232117234644993786e+00 -2.285066832780874968e+00 -2.819944939300724318e+00 6.118003448324746407e-02 -2.259067767666974813e+00 -5.623185916784785299e+00 -2.595827129720809090e+00 9.373353008252341967e-01 1.836670074984950274e+00 2.890610374617658351e+00 -1.295833851081018784e+00 2.299937496356297295e+00 -8.538434327324342932e-02 -3.445369126625525968e-01 2.759718559615779387e+00 -1.439278446880629225e+00 7.930116784574978261e+00 -1.214382040494446757e+00 -5.408120253474584693e+00 8.149230045315345450e-01 -4.998379613509526642e+00 1.460250042858411312e+00 5.245593314512500882e+00 2.375899341400876441e+00 -4.662878582534930594e-01 -5.882677397180756884e+00 -2.854856808301849735e+00 -2.021044874327522667e+00 2.427218476904430045e+00 -4.855561719712446767e+00 -4.172810756895681372e+00 -1.845321631288149855e-01 1.838844676132382450e+00 3.418687123191689325e-01 6.865233812620238574e+00 -1.372073814828444815e+00 -7.127630553834059413e+00 3.580778390618119644e+00 1.005055502327193651e+00 4.251059628139725710e+00 -2.204561512016486091e+00 -3.720631881681020214e+00 3.430352932375700381e-01 1.298871013011562603e+00
1.764019962180613854e+00 2.240877021411306735e+00 9.500517449976564333e-01 4.105928603362024587e-01 7.610068810840848741e-01 3.336612157939000123e-01 3.130658091457712566e-01 6.535910090613705758e-01 2.269729488303086296e+00 -1.871814835631700480e-01 1.549417831802905599e-01 -1.980764931882204039e+00 1.230257523376834694e+00 -3.022899621638829304e-01 -1.706252187526335673e+00 -4.380434156237443810e-01 -1.613857682181032205e+00 3.868983025462833791e-01 -2.816822663673273011e-02 3.026798003532408798e-01 -6.724482069978070520e-01 -1.726237475111939146e+00 -1.630151586217349458e+00 5.193523751477629319e-02 1.139383587561348277e+00 -6.847606560360400829e-01 -3.115558663207511070e-01 9.008079217664015648e-01 1.488240522025451318e+00 -1.799171896553205530e-01 -4.031409835376651429e-01 9.765129055286351223e-01 1.049625203764977498e-02 4.019831454891857336e-01 -1.270470432917740089e+00 1.943589972369368368e+00 1.922929065080440703e+00 9.060335882690131459e-01 -2.679180277804617538e-01 -1.550269411410029607e-01 3.764122775793600773e-01 1.326350283548197728e+00 -4.351439177479887732e-01 4.074472292777256976e-01 -6.743621650555938762e-01 6.764051382635676291e-01 3.960122562117642242e-01 4.393938769144192791e-01 2.383120659805141095e+00 1.116993437529100186e+00 -6.823530806078315081e-02 -8.263826068493804744e-01 1.126604308187965309e+00 -4.378094166345276594e-01 9.493937883410141776e-01 8.443340319956875728e-01 1.187969575736036898e+00 3.187393349887966409e-01 -1.034234850320856269e+00 -6.894645976070461479e-01 -3.539830555961174241e-01 -2.223377197154239315e+00 -1.104333917379499486e+00 1.542979497596400407e+00 -3.927412285721736812e-02 -1.715841444478808653e-01 2.163213145173982443e+00 -2.393696185994290959e-01 6.401228122500928208e-01 -7.380035520202025134e-01 9.102681226292851369e-01 -4.664100970770793109e-01 -1.701850429125735878e-02 -4.226097009929882103e-02 -4.635884539416614825e-01 6.326394632109401395e-02 -5.972886546164856147e-01 -4.932945644742897096e-01 -1.156162523515934737e+00 -2.069949927588746963e+00 -6.374146939163064518e-01 -2.977911544236153119e-01 1.152298243907172282e+00 -1.466395155894952618e+00 1.419620647325727791e-01 6.947299918925667894e-01 -1.582907498707285976e+00 -5.068336208393667830e-01 -1.936261033466645243e+00 8.842199147041154839e-02 3.990454750552396290e-01 3.898448265773823418e-01 4.937328926384930705e-01 2.064462939816335219e+00 -6.920156044709792065e-01 6.088314786470484519e-01 6.898030609393931423e-01 -4.810193579134121600e-01 -1.359593163186993969e-01 5.829236010494928122e-01
4.001463115044320284e-01 1.867541131204597304e+00 -1.513565019503113895e-01 1.440427171898161496e-01 1.216780959664667122e-01 1.494041708998694817e+00 -8.540855529804736168e-01 8.644254507468849269e-01 -1.454350679216665387e+00 1.532755894078583037e+00 3.781534242217950981e-01 -3.478964952845873260e-01 1.202354993989608989e+00 -1.048522941671028441e+00 1.950754903241163518e+00 -1.252757391386093877e+00 -2.127181411213556195e-01 -5.108022231536698543e-01 4.283234234595564294e-01 -6.343536352856843363e-01 -3.595181388375568443e-01 1.774311496305319147e-01 4.627813247934811081e-01 7.290573448045097882e-01 -1.234799958163386835e+00 -8.707635156857299608e-01 5.615594286266007568e-02 4.656469308282424335e-01 1.895871048824414595e+00 -1.070731973035755846e+00 1.222414608477989661e+00 3.562824450069257409e-01 1.785824438575183581e+00 1.883125376355620828e+00 9.693615745713184406e-01 -4.136149370912784451e-01 1.480505861135013035e+00 -8.612150129550059097e-01 8.023967857950630167e-01 6.141591829107161393e-01 -1.099356233209984435e+00 -6.945570315377833648e-01 1.849224250953773963e+00 -7.698911753413191228e-01 3.178476126846613292e-02 5.765787877483644630e-01 -1.093025896137987507e+00 1.666653955519702968e-01 9.444761934606172860e-01 -1.315876767026255223e+00 1.713310987532950191e+00 -9.842085211202472594e-02 -1.079907207919156065e+00 -4.980241912565053219e-01 8.755208164100378165e-02 -1.000185085314908795e+00 3.169369672230570312e-01 8.568095369028148056e-01 6.815655941497170689e-01 -4.555137827879303103e-01 -1.374897967187983738e+00 6.252260469632605622e-01 5.216033759519948798e-02 -1.292833226146542724e+00 -1.168051995898495843e+00 7.717509462577967216e-01 1.336514756114591584e+00 1.099614707332972285e+00 -1.616912064746398814e+00 2.799064200550845927e-01 3.172627925699374463e-01 -9.443989113115600631e-01 3.791475613606078987e-01 -9.559012481615412060e-01 4.814605519805102984e-01 1.565109199851645316e-01 -2.379113043732960231e-01 -5.428446130134007008e-01 7.811903350396147694e-01 4.262373802084639673e-01 -3.973100771304891032e-01 -3.090030844448951042e-01 1.079601810608890489e+00 5.210412726328753630e-01 -3.193186092756154504e-01 -7.255969817976664071e-01 6.103622922186160427e-01 -5.962498541639867922e-01 1.887912468763233986e-01 -3.108774060306754294e-01 -2.772579382005881499e+00 -6.523443523864157489e-01 -1.161069185014093896e-01 -1.105335995831844276e-01 1.536340436129898235e+00 -1.045230490201180196e+00 1.301804802399911809e+00 2.303889690088195774e+00 1.136862865222538099e+00 -3.994353731997741241e-01
9.787214033056137463e-01 -9.772690688713585594e-01 -1.032093876593227766e-01 1.454232472493884210e+00 4.438680927038960444e-01 -2.051575350489891758e-01 -2.552960643941057484e+00 -7.421370755413149167e-01 4.575771150757748651e-02 1.469330105917944440e+00 -8.877598224590576015e-01 1.563413690615028384e-01 -3.873346384196600378e-01 -1.419988140930037002e+00 -5.096497489459287378e-01 7.774700416489249699e-01 -8.954472575624072839e-01 -1.180611547780654025e+00 6.652815589883082081e-02 -3.627988154575372826e-01 -8.131106455515602072e-01 -4.017921440777659225e-01 -9.072865455087743003e-01 1.289773484472711840e-01 4.023234587257705219e-01 -5.788187683070151746e-01 -1.165120629311935385e+00 -1.536208927983604200e+00 1.178769325079449981e+00 1.054409128707654464e+00 2.082703183036054839e-01 7.066861560515589336e-01 1.269057564390706216e-01 -1.347736948964993742e+00 -1.173096429617495273e+00 -7.474442045659771550e-01 1.867543922486295527e+00 1.910037260111890678e+00 9.471419198858042066e-01 9.221416767856523977e-01 2.982329522791142828e-01 -1.496313514010237933e-01 6.722741050926139827e-01 5.392172330509764633e-01 -6.358430648956658882e-01 -2.082969792045317736e-01 -1.491228519716005341e+00 6.349966591616126310e-01 -9.128116653600005792e-01 -4.615741762710187657e-01 -7.447386716913441118e-01 -6.634662518470726411e-01 -1.147455871555904894e+00 1.929503712052242692e+00 -1.225415243411249744e+00 -1.544730912690961411e+00 9.208088429828296118e-01 -6.510086320681165439e-01 -8.033978517982007794e-01 1.739082898830134408e-02 -6.436015303679452071e-01 -1.602038918478140950e+00 -7.395429568379513485e-01 2.670440587960480894e-01 5.232607252161615152e-01 8.235611285244807123e-01 -3.691847162884262512e-01 6.552440975314003380e-01 -2.432594274708633000e-02 -9.816531860651610264e-02 7.861774901532722071e-01 -4.100517625613166461e-01 2.259279328386515129e+00 -3.459745839388149724e-01 -1.540757299919099710e+00 2.321643657383052894e-01 -1.424022782980994828e+00 4.160060381055196155e-01 1.494460162644194012e+00 6.768834339696568891e-01 -1.328173531711827338e-01 -1.675954482004099244e+00 -8.133376642839080795e-01 -5.758029278094303205e-01 6.914963264888778216e-01 -1.383340433680422255e+00 -1.188815445117685998e+00 -5.257806591084013270e-02 5.238844365446136964e-01 9.739714864649291759e-02 1.955902856376682930e+00 -3.908646234243451367e-01 -2.030647497593673467e+00 1.020158408722381393e+00 2.863381143778554461e-01 1.211114276308699500e+00 -6.280742872974770519e-01 -1.060003663791549089e+00 9.773558580238347893e-02 3.700429594583256043e-01
