# 
#                 ----------------------------------------------------
#                 Data from a 3D direct N-body simulation. 
# 
#                 rows are i-particle; 
#                 coumns are :mass, tag, x ,y, z, vx, vy, vz, ax, ay, az
# 
#                 NTHU, Computational Physics Lab
# 
#                 ----------------------------------------------------
#                 Time = 6.7999999999998995
1.000000000000000000e+00 2.000000000000000000e+00 3.000000000000000000e+00 4.000000000000000000e+00 5.000000000000000000e+00 6.000000000000000000e+00 7.000000000000000000e+00 8.000000000000000000e+00 9.000000000000000000e+00 1.000000000000000000e+01 1.100000000000000000e+01 1.200000000000000000e+01 1.300000000000000000e+01 1.400000000000000000e+01 1.500000000000000000e+01 1.600000000000000000e+01 1.700000000000000000e+01 1.800000000000000000e+01 1.900000000000000000e+01 2.000000000000000000e+01 2.100000000000000000e+01 2.200000000000000000e+01 2.300000000000000000e+01 2.400000000000000000e+01 2.500000000000000000e+01 2.600000000000000000e+01 2.700000000000000000e+01 2.800000000000000000e+01 2.900000000000000000e+01 3.000000000000000000e+01 3.100000000000000000e+01 3.200000000000000000e+01 3.300000000000000000e+01 3.400000000000000000e+01 3.500000000000000000e+01 3.600000000000000000e+01 3.700000000000000000e+01 3.800000000000000000e+01 3.900000000000000000e+01 4.000000000000000000e+01 4.100000000000000000e+01 4.200000000000000000e+01 4.300000000000000000e+01 4.400000000000000000e+01 4.500000000000000000e+01 4.600000000000000000e+01 4.700000000000000000e+01 4.800000000000000000e+01 4.900000000000000000e+01 5.000000000000000000e+01 5.100000000000000000e+01 5.200000000000000000e+01 5.300000000000000000e+01 5.400000000000000000e+01 5.500000000000000000e+01 5.600000000000000000e+01 5.700000000000000000e+01 5.800000000000000000e+01 5.900000000000000000e+01 6.000000000000000000e+01 6.100000000000000000e+01 6.200000000000000000e+01 6.300000000000000000e+01 6.400000000000000000e+01 6.500000000000000000e+01 6.600000000000000000e+01 6.700000000000000000e+01 6.800000000000000000e+01 6.900000000000000000e+01 7.000000000000000000e+01 7.100000000000000000e+01 7.200000000000000000e+01 7.300000000000000000e+01 7.400000000000000000e+01 7.500000000000000000e+01 7.600000000000000000e+01 7.700000000000000000e+01 7.800000000000000000e+01 7.900000000000000000e+01 8.000000000000000000e+01 8.100000000000000000e+01 8.200000000000000000e+01 8.300000000000000000e+01 8.400000000000000000e+01 8.500000000000000000e+01 8.600000000000000000e+01 8.700000000000000000e+01 8.800000000000000000e+01 8.900000000000000000e+01 9.000000000000000000e+01 9.100000000000000000e+01 9.200000000000000000e+01 9.300000000000000000e+01 9.400000000000000000e+01 9.500000000000000000e+01 9.600000000000000000e+01 9.700000000000000000e+01 9.800000000000000000e+01 9.900000000000000000e+01 1.000000000000000000e+02
2.000000000000000111e-01 2.000000000000000111e-01 2.000000000000000111e-01 2.000000000000000111e-01 2.000000000000000111e-01 2.000000000000000111e-01 2.000000000000000111e-01 2.000000000000000111e-01 2.000000000000000111e-01 2.000000000000000111e-01 2.000000000000000111e-01 2.000000000000000111e-01 2.000000000000000111e-01 2.000000000000000111e-01 2.000000000000000111e-01 2.000000000000000111e-01 2.000000000000000111e-01 2.000000000000000111e-01 2.000000000000000111e-01 2.000000000000000111e-01 2.000000000000000111e-01 2.000000000000000111e-01 2.000000000000000111e-01 2.000000000000000111e-01 2.000000000000000111e-01 2.000000000000000111e-01 2.000000000000000111e-01 2.000000000000000111e-01 2.000000000000000111e-01 2.000000000000000111e-01 2.000000000000000111e-01 2.000000000000000111e-01 2.000000000000000111e-01 2.000000000000000111e-01 2.000000000000000111e-01 2.000000000000000111e-01 2.000000000000000111e-01 2.000000000000000111e-01 2.000000000000000111e-01 2.000000000000000111e-01 2.000000000000000111e-01 2.000000000000000111e-01 2.000000000000000111e-01 2.000000000000000111e-01 2.000000000000000111e-01 2.000000000000000111e-01 2.000000000000000111e-01 2.000000000000000111e-01 2.000000000000000111e-01 2.000000000000000111e-01 2.000000000000000111e-01 2.000000000000000111e-01 2.000000000000000111e-01 2.000000000000000111e-01 2.000000000000000111e-01 2.000000000000000111e-01 2.000000000000000111e-01 2.000000000000000111e-01 2.000000000000000111e-01 2.000000000000000111e-01 2.000000000000000111e-01 2.000000000000000111e-01 2.000000000000000111e-01 2.000000000000000111e-01 2.000000000000000111e-01 2.000000000000000111e-01 2.000000000000000111e-01 2.000000000000000111e-01 2.000000000000000111e-01 2.000000000000000111e-01 2.000000000000000111e-01 2.000000000000000111e-01 2.000000000000000111e-01 2.000000000000000111e-01 2.000000000000000111e-01 2.000000000000000111e-01 2.000000000000000111e-01 2.000000000000000111e-01 2.000000000000000111e-01 2.000000000000000111e-01 2.000000000000000111e-01 2.000000000000000111e-01 2.000000000000000111e-01 2.000000000000000111e-01 2.000000000000000111e-01 2.000000000000000111e-01 2.000000000000000111e-01 2.000000000000000111e-01 2.000000000000000111e-01 2.000000000000000111e-01 2.000000000000000111e-01 2.000000000000000111e-01 2.000000000000000111e-01 2.000000000000000111e-01 2.000000000000000111e-01 2.000000000000000111e-01 2.000000000000000111e-01 2.000000000000000111e-01 2.000000000000000111e-01 2.000000000000000111e-01
5.468153817182894727e+01 6.946299738811379143e+01 2.945015824598071674e+01 1.272764058768919782e+01 2.359007145777636083e+01 1.034299247737408045e+01 9.704450595704718907e+00 2.026035275933968904e+01 7.035746695559932107e+01 -5.802287233907645003e+00 4.802955725581706581e+00 -6.140020017972518929e+01 3.813595198689966992e+01 -9.370541203970324418e+00 -5.289069030141951089e+01 -1.357883427477409910e+01 -5.002688661775835044e+01 1.199313945628277089e+01 -8.733154038016897047e-01 9.380175552469799172e+00 -2.084471890542869943e+01 -5.351049609331092682e+01 -5.053203902726741603e+01 1.610003764304394513e+00 3.531885904302694001e+01 -2.122679337694512469e+01 -9.657587338550792211e+00 2.792349491369366987e+01 4.613268357010718290e+01 -5.577166845558156005e+00 -1.249698326628812595e+01 3.027139551239335802e+01 3.254051457864093888e-01 1.246076260918619738e+01 -3.938226755450520500e+01 6.024784534280689741e+01 5.960719506610391960e+01 2.808539725306547297e+01 -8.305883190214727207e+00 -4.805345954698084121e+00 1.166819360396704930e+01 4.111466740819199117e+01 -1.348871977393850585e+01 1.263023159843678123e+01 -2.090358478796184372e+01 2.096755259525546933e+01 1.227554622829636344e+01 1.362032922776802657e+01 7.387236083901366612e+01 3.462487187181415749e+01 -2.115231337227592157e+00 -2.561686979704515466e+01 3.492288732134363727e+01 -1.357135606824512486e+01 2.942965579602814330e+01 2.617302958158546744e+01 3.682540822476459397e+01 9.880168261480392289e+00 -3.205935223508352294e+01 -2.137300293956666408e+01 -1.097290486090106576e+01 -6.892064540520819094e+01 -3.423274616327399400e+01 4.782974490427337599e+01 -1.217517668730935476e+00 -5.318354343635235182e+00 6.705564216453616666e+01 -7.420097429226797381e+00 1.984265558905840265e+01 -2.287697443652844242e+01 2.821554657183389736e+01 -1.445790331524235839e+01 -5.275616267942750959e-01 -1.309965310180741138e+00 -1.437042149014102677e+01 1.961037321313171988e+00 -1.851508765031500658e+01 -1.529145039670968664e+01 -3.583900452358082589e+01 -6.416480064012613127e+01 -1.975886020407926225e+01 -9.230942039771868224e+00 3.571936815795571363e+01 -4.545571391758462454e+01 4.400448448987888561e+00 2.153548744551110161e+01 -4.906738850049924139e+01 -1.571066235258375698e+01 -6.002052453376025909e+01 2.740910372160478392e+00 1.236964124404454779e+01 1.208718770415851296e+01 1.530485543678997828e+01 6.399465730465084334e+01 -2.145151411985956358e+01 1.887272566080298830e+01 2.138271729333353832e+01 -1.491074818327690465e+01 -4.214367019114220625e+00 1.806982855090634743e+01
1.240387623416626361e+01 5.789032035201754667e+01 -4.691764249231946238e+00 4.465052821223503443e+00 3.771749542437446756e+00 4.631279401993760558e+01 -2.647509965640787755e+01 2.679562255238907653e+01 -4.508220139199571719e+01 4.751270249774447052e+01 1.172211963165050541e+01 -1.078428658216563818e+01 3.727093589760771408e+01 -3.250249957501064557e+01 6.046982531364270841e+01 -3.883345738568867489e+01 -6.594093130650128032e+00 -1.583390517554560972e+01 1.327728458274461509e+01 -1.966337542913219849e+01 -1.114474970838634071e+01 5.499964106619197324e+00 1.434532896127420543e+01 2.259972446707687510e+01 -3.827667769135069875e+01 -2.699234403711821528e+01 1.740828978740372124e+00 1.443431886193032554e+01 5.876850662143606741e+01 -3.319083225584066099e+01 3.789280702376630927e+01 1.104499259861418992e+01 5.535758605965020962e+01 5.837349541520287488e+01 3.004870824229547566e+01 -1.282130135059539100e+01 4.589289375829947204e+01 -2.669610440100042226e+01 2.487339695329020017e+01 1.903685164664449303e+01 -3.407839369430620025e+01 -2.153003369121773503e+01 5.732278365591061942e+01 -2.386540131425962841e+01 9.857736397619133450e-01 1.787295150821514511e+01 -3.388206637763394014e+01 5.166392104568863886e+00 2.927695679811443341e+01 -4.078995369851399744e+01 5.310965163378551068e+01 -3.051205845036636166e+00 -3.347528715396164500e+01 -1.543787039068549127e+01 2.713934483106621887e+00 -3.100412294035066907e+01 9.824490562633773294e+00 2.655965861720522625e+01 2.112752517736219815e+01 -1.412024669386810594e+01 -4.261974739973395998e+01 1.938084820383365070e+01 1.616921350257693568e+00 -4.007557167110732621e+01 -3.620779448779018850e+01 2.392321375433743924e+01 4.142949756851099608e+01 3.408640956711766279e+01 -5.012160882593241951e+01 8.676754837049514890e+00 9.834033084609952624e+00 -2.927504979964176357e+01 1.175288136225306523e+01 -2.963155996466735331e+01 1.492457031745684226e+01 4.851484711938172545e+00 -7.374902141393680388e+00 -1.682731149168354534e+01 2.421546320843333078e+01 1.321276444418104390e+01 -1.231541314501859929e+01 -9.578602697550213207e+00 3.346573703439216274e+01 1.615152522484233089e+01 -9.898362999322957378e+00 -2.249209591333926639e+01 1.892023037528320017e+01 -1.848329474752578960e+01 5.852020191098135982e+00 -9.636690600459301592e+00 -8.594470265352802585e+01 -2.022211568674273252e+01 -3.599055018228308089e+00 -3.426404326899354924e+00 4.762396380595166079e+01 -3.240036072387590593e+01 4.035386984618205020e+01 7.141638736060924941e+01 3.524084801322239713e+01 -1.238186913478050677e+01
3.033863890051715728e+01 -3.029353318706014875e+01 -3.199394731272997117e+00 4.507882602553336682e+01 1.375899141678705639e+01 -6.359491611765397678e+00 -7.913712524680386196e+01 -2.300511212732946120e+01 1.418408766511996877e+00 4.554668601454401511e+01 -2.751911091227046668e+01 4.846361870335180733e+00 -1.200653173830657394e+01 -4.401719387524261151e+01 -1.579817538353864492e+01 2.410028053643978652e+01 -2.775733296813401552e+01 -3.659688467293650405e+01 2.062121825140022402e+00 -1.124541573191334365e+01 -2.520523971369185290e+01 -1.245464865744576777e+01 -2.812424478535091765e+01 3.998107992002681410e+00 1.247144436096146514e+01 -1.794259582172978540e+01 -3.611679151946527355e+01 -4.761986668079364904e+01 3.653966412064811919e+01 3.268509937215971917e+01 6.456025427386626880e+00 2.190463878111883744e+01 3.933901262099995133e+00 -4.177746258674046231e+01 -3.636400097859068126e+01 -2.316943047073880280e+01 5.789038667853650821e+01 5.920773764562096630e+01 2.936077338825705851e+01 2.858531475396749499e+01 9.244697881409765117e+00 -4.638315482287446834e+00 2.083941538403848526e+01 1.671503721800438669e+01 -1.970992852608888413e+01 -6.456819877957962639e+00 -4.622549867722076300e+01 1.968404392993859986e+01 -2.829549877010143888e+01 -1.430801506263594902e+01 -2.308562571288585374e+01 -2.056629353420711936e+01 -3.556903623518805801e+01 5.981116689179818025e+01 -3.798570786784293318e+01 -4.788409177391454818e+01 2.854383293528337262e+01 -2.018018624945046113e+01 -2.490389779538892157e+01 5.400616836724070335e-01 -1.995057955972880137e+01 -4.966029031861636867e+01 -2.292461182442249168e+01 8.277920624638984037e+00 1.622023886770445245e+01 2.552815684580971123e+01 -1.144397436912730015e+01 2.031150705412853341e+01 -7.540588046172251868e-01 -3.042767869111665746e+00 2.437163890624847795e+01 -1.271078207443881958e+01 7.003358213877302774e+01 -1.072461721795341916e+01 -4.776091231266434534e+01 7.196827521971441044e+00 -4.414235229894261892e+01 1.289586409027814362e+01 4.632562127403154051e+01 2.098233939918206303e+01 -4.117780393524858695e+00 -5.195186791295558493e+01 -2.521217656412361308e+01 -1.784860203287214020e+01 2.143550825600959087e+01 -4.288111681690782717e+01 -3.685144656748633452e+01 -1.629698065959301223e+00 1.623946901320880798e+01 3.019155151904890033e+00 6.062927937168245052e+01 -1.211702620124022545e+01 -6.294652271527890974e+01 3.162308000207670489e+01 8.875985015368476283e+00 3.754252487577304720e+01 -1.946922537045032442e+01 -3.285818143028204474e+01 3.029494797174429710e+00 1.147075355253097229e+01
1.377704178918093270e+01 1.750127245945305887e+01 7.419956089666738919e+00 3.206738232785033116e+00 5.943507444368873571e+00 2.605912673193660378e+00 2.445046650904459273e+00 5.104584868538659670e+00 1.772662291831796466e+01 -1.461890739642212056e+00 1.210103321491060147e+00 -1.546981880171052914e+01 9.608358238244896654e+00 -2.360902724399036590e+00 -1.332585509308520777e+01 -3.421162838732647149e+00 -1.260428540809768982e+01 3.021681686904147845e+00 -2.200136896752501459e-01 2.363634530057564298e+00 -5.251837840066023055e+00 -1.348197862141623915e+01 -1.273155014407044838e+01 4.056285987540537152e-01 8.898610043185593454e+00 -5.348050769433561946e+00 -2.433246591551003757e+00 7.035336173919445102e+00 1.162317501468064407e+01 -1.405164084833040894e+00 -3.148582039248143172e+00 7.626744552050054082e+00 8.198106826430962002e-02 3.139497176480891216e+00 -9.922394718837402650e+00 1.517948191017255155e+01 1.501809436322554347e+01 7.076138009437127785e+00 -2.092560733262430084e+00 -1.210736535185754414e+00 2.939798666987254006e+00 1.035884617467923086e+01 -3.398487647929837152e+00 3.182183557264146589e+00 -5.266726698262908180e+00 5.282764025025133314e+00 3.092847865996728896e+00 3.431663095407401887e+00 1.861220652160777433e+01 8.723751123988554568e+00 -5.329266785734623202e-01 -6.454127414355697034e+00 8.798824440785946166e+00 -3.419306602847720811e+00 7.414803769524526800e+00 6.594289801633760995e+00 9.278127709271947410e+00 2.489337653053363297e+00 -8.077385503751752793e+00 -5.384839206488848617e+00 -2.764623045500917975e+00 -1.736461268543945025e+01 -8.624917921860429715e+00 1.205071960652781193e+01 -3.067432199980651419e-01 -1.340018579981903768e+00 1.689472697483726549e+01 -1.869490265392627748e+00 4.999371510263909357e+00 -5.763846503613327066e+00 7.109067583018476633e+00 -3.642675608642221619e+00 -1.329172241776019614e-01 -3.300527659071392783e-01 -3.620636481348743718e+00 4.940886549846686959e-01 -4.664863236368898214e+00 -3.852666422719382755e+00 -9.029657516661465877e+00 -1.616635866444691061e+01 -4.978240397885436153e+00 -2.325748525984871584e+00 8.999496497333991485e+00 -1.145258750084152410e+01 1.108711112981184410e+00 5.425868372750721313e+00 -1.236255134501871211e+01 -3.958346109652352673e+00 -1.512222526925419430e+01 6.905758887530302204e-01 3.116546393708253149e+00 3.045040323406090987e+00 3.856066480217824832e+00 1.612349795572359312e+01 -5.404690390547381540e+00 4.754991355186724888e+00 5.387383306131829031e+00 -3.756772181211505135e+00 -1.061828634791972981e+00 4.552675942897530525e+00
3.125158132676565170e+00 1.458552012209750082e+01 -1.182095281003969767e+00 1.124974831227997907e+00 9.503015658399073251e-01 1.166851868843382256e+01 -6.670422601736549773e+00 6.751177998988236340e+00 -1.135850005157363540e+01 1.197085657517641621e+01 2.953391130288854693e+00 -2.717093808407831101e+00 9.390427719795278350e+00 -8.189006714521319452e+00 1.523542482931827813e+01 -9.784089024619239794e+00 -1.661360051136377969e+00 -3.989369491982691418e+00 3.345217905479360265e+00 -4.954257172321287150e+00 -2.807886288899834604e+00 1.385730183481376443e+00 3.614323464764692684e+00 5.693984929491367808e+00 -9.643824317247384315e+00 -6.800710712328194241e+00 4.385912318141875210e-01 3.636724504439837524e+00 1.480677857567492062e+01 -8.362445965960231931e+00 9.547101253771337781e+00 2.782684874754149273e+00 1.394735412106358829e+01 1.470724506613014881e+01 7.570763678384508921e+00 -3.230338388123171089e+00 1.156276342875326968e+01 -6.726104372418159727e+00 6.266803365459009179e+00 4.796470119736278015e+00 -8.586035314901552695e+00 -5.424505758697938163e+00 1.444249733562678095e+01 -6.012885358826692617e+00 2.483038804546869871e-01 4.503097375898935439e+00 -8.536582708458270830e+00 1.301668215988169619e+00 7.376363737465660542e+00 -1.027704096914217047e+01 1.338100377656233775e+01 -7.687117362065221116e-01 -8.434109725121215817e+00 -3.889580636471944963e+00 6.837805669152399179e-01 -7.811488395131886087e+00 2.475285711745624173e+00 6.691712344308339055e+00 5.323068272928856537e+00 -3.557589171981304421e+00 -1.073802868178487913e+01 4.883023083777620954e+00 4.073789556034903558e-01 -1.009706105342092819e+01 -9.122544891891731567e+00 6.027431010808609102e+00 1.043819893881781269e+01 8.588054467588914775e+00 -1.262814554023424307e+01 2.186094898513929685e+00 2.477759221490427599e+00 -7.375822580349773006e+00 2.961148368631476568e+00 -7.465650740962912479e+00 3.760236555103902312e+00 1.222344075464236068e+00 -1.858102058862467043e+00 -4.239640320763737869e+00 6.101107521211187823e+00 3.328944192054197782e+00 -3.102937480345609789e+00 -2.413328095084684044e+00 8.431713918303595179e+00 4.069365783781586643e+00 -2.493892235159479664e+00 -5.666912989183504834e+00 4.766953712992956227e+00 -4.656802307847818234e+00 1.474441713226531503e+00 -2.427964961209410077e+00 -2.165386392361197565e+01 -5.094900427195546477e+00 -9.067908118731945466e-01 -8.632774127953254384e-01 1.199887069047626653e+01 -8.163282541321159158e+00 1.016715420513270907e+01 1.799341674654743173e+01 8.878939355018223623e+00 -3.119609613846178853e+00
7.643837653083910944e+00 -7.632483912177524310e+00 -8.060787274316297824e-01 1.135761375180663890e+01 3.466602917098821290e+00 -1.602281381233453317e+00 -1.993866396271873498e+01 -5.796130155326545186e+00 3.573688685897213890e-01 1.147550874113044195e+01 -6.933440946709374941e+00 1.221036860819368908e+00 -3.025072444137176131e+00 -1.109014959886438767e+01 -3.980367986294562677e+00 6.072069808229606735e+00 -6.993470432888229560e+00 -9.220605427493282491e+00 5.195694050101908879e-01 -2.833377022262713041e+00 -6.350444635627405354e+00 -3.137980764607276374e+00 -7.085924666097955793e+00 1.007320972803864345e+00 3.142171975464779443e+00 -4.520618358794069813e+00 -9.099633504448034316e+00 -1.199784097658102766e+01 9.206202946475475102e+00 8.234995652872417082e+00 1.626597788647644816e+00 5.519058730379737376e+00 9.911429356694893000e-01 -1.052585690210089275e+01 -9.161921336924025994e+00 -5.837554266500735167e+00 1.458553934181167477e+01 1.491743023956655279e+01 7.397334336210425576e+00 7.202018591585463092e+00 2.329206755880782076e+00 -1.168625372832994502e+00 5.250490022519396227e+00 4.211331872021697009e+00 -4.965938605467364653e+00 -1.626801924447237369e+00 -1.164653593241917306e+01 4.959373184859352079e+00 -7.129074069031569927e+00 -3.604909092870415055e+00 -5.816431909310617598e+00 -5.181688478924254326e+00 -8.961648465810220898e+00 1.506946414844332871e+01 -9.570521779051764710e+00 -1.206440536539756359e+01 7.191587882915639440e+00 -5.084401448557511749e+00 -6.274553959388643243e+00 1.359475433290869284e-01 -5.026551858840710096e+00 -1.251195050190294822e+01 -5.775858887231819061e+00 2.085623748959578805e+00 4.086688842513613196e+00 6.431931667008296216e+00 -2.883328555830972917e+00 5.117484219638039455e+00 -1.899858702672413135e-01 -7.666499853624128002e-01 6.140259456576437458e+00 -3.202501332493910446e+00 1.764501352641544685e+01 -2.702071690499712631e+00 -1.203337078380433489e+01 1.813227317233067071e+00 -1.112167195556258648e+01 3.249069513201674031e+00 1.167176841678181454e+01 5.286494477137119397e+00 -1.037393125028361451e+00 -1.308927439230169298e+01 -6.352204840654126272e+00 -4.496999671553512989e+00 5.400646421372417905e+00 -1.080392211463543539e+01 -9.284710705580303980e+00 -4.106194353906504890e-01 4.091546782278297378e+00 7.606760064610295080e-01 1.527561470061140270e+01 -3.052778504312099184e+00 -1.585940933913872364e+01 7.967457437970495882e+00 2.236308571766654207e+00 9.458846440724054005e+00 -4.905278989308047954e+00 -8.278645842154839229e+00 7.632998796429590893e-01 2.890053831422698671e+00
1.764018448607520551e+00 2.240876265300436820e+00 9.500500309257874365e-01 4.105925966615798228e-01 7.610054393934961858e-01 3.336606029519550987e-01 3.130657206954441385e-01 6.535897194124530296e-01 2.269728313508737827e+00 -1.871813729584858310e-01 1.549415194633061710e-01 -1.980763457930261984e+00 1.230255973576268591e+00 -3.022893644352664944e-01 -1.706251346101564037e+00 -4.380419718782305183e-01 -1.613855804872959432e+00 3.868981065477258285e-01 -2.816757199173115789e-02 3.026896162778786592e-01 -6.724476350490615761e-01 -1.726235365843912684e+00 -1.630149400471552878e+00 5.193476258915475513e-02 1.139382788583947148e+00 -6.847583448320545552e-01 -3.115560222478128694e-01 9.008070540579521390e-01 1.488239976516432250e+00 -1.799168323562076732e-01 -4.031393021119995534e-01 9.765069801139082406e-01 1.049607588651110986e-02 4.019828548678264224e-01 -1.270469752198163160e+00 1.943588513515895455e+00 1.922928459294299008e+00 9.060330708765859109e-01 -2.679140307638708252e-01 -1.550277308929347286e-01 3.764116580591658212e-01 1.326348619023826059e+00 -4.351434674728923979e-01 4.074465465351926330e-01 -6.743635470311906133e-01 6.764038222145031254e-01 3.960125154711192086e-01 4.393939788786691558e-01 2.383119532716035494e+00 1.116992369521864648e+00 -6.823501371967913287e-02 -8.263799900256634245e-01 1.126602830517902776e+00 -4.378089198960399830e-01 9.493925255149979758e-01 8.443326789531291343e-01 1.187966760034548264e+00 3.187398813680753507e-01 -1.034234476938972191e+00 -6.894606123765678607e-01 -3.539825482288549430e-01 -2.223375984060274480e+00 -1.104331606936934662e+00 1.542977857047113988e+00 -3.927371642506762711e-02 -1.715859176866373625e-01 2.163212079365893992e+00 -2.393691718014910041e-01 6.401224049849543185e-01 -7.380022733711475436e-01 9.102723235487008013e-01 -4.664096769645175167e-01 -1.701841504240263550e-02 -4.226114861130535888e-02 -4.635881024344357670e-01 6.326403749698290835e-02 -5.972873731237472450e-01 -4.932933811019506454e-01 -1.156161593040064828e+00 -2.069948286955828110e+00 -6.374136516122616003e-01 -2.977911674190328317e-01 1.152296686465041464e+00 -1.466393792536560881e+00 1.419624808508871128e-01 6.947290967847223886e-01 -1.582906054521704187e+00 -5.068344302801531809e-01 -1.936260156332071158e+00 8.842198702563523749e-02 3.990454343665652548e-01 3.898331131760609525e-01 4.937324773817611812e-01 2.064461541321866100e+00 -6.920140038531015225e-01 6.088309011440976581e-01 6.898023550294504203e-01 -4.810189951959570887e-01 -1.359597662710874955e-01 5.829221950890181025e-01
4.001458021720912805e-01 1.867540343247008794e+00 -1.513564689480975389e-01 1.440426772799165145e-01 1.216782400681019477e-01 1.494039962641119379e+00 -8.540850768904818535e-01 8.644249484888729684e-01 -1.454349978363228768e+00 1.532754804126775783e+00 3.781529991372726829e-01 -3.478957636186611468e-01 1.202353832278400203e+00 -1.048521538401143260e+00 1.950753945490009356e+00 -1.252755616686688223e+00 -2.127171063043520050e-01 -5.108020870339001762e-01 4.283230287867469954e-01 -6.343551298057408250e-01 -3.595165014319225416e-01 1.774313837425622320e-01 4.627812815266443280e-01 7.290557918449667163e-01 -1.234798749420696673e+00 -8.707619438417580904e-01 5.615550348464150993e-02 4.656462059033747436e-01 1.895870201599163973e+00 -1.070731008024010444e+00 1.222413184574058453e+00 3.562785030408500697e-01 1.785822285951286004e+00 1.883124192911341588e+00 9.693599323424157976e-01 -4.136147481014846305e-01 1.480505443757992312e+00 -8.612145141637286283e-01 8.023939948355907070e-01 6.141629209568919556e-01 -1.099354150498036198e+00 -6.945565254578465186e-01 1.849222405788015333e+00 -7.698900115967377555e-01 3.178261820238831997e-02 5.765782255573058679e-01 -1.093024231541706914e+00 1.666650169311494623e-01 9.444760395436446743e-01 -1.315875334789506468e+00 1.713309504326679722e+00 -9.841936954507464475e-02 -1.079906072122344352e+00 -4.980238052256296122e-01 8.755212096435881219e-02 -1.000183670677374348e+00 3.169367034466264443e-01 8.568085519029583486e-01 6.815642422169064796e-01 -4.555129062093890013e-01 -1.374895474664837192e+00 6.252257943873079649e-01 5.216011580174422652e-02 -1.292832119189434525e+00 -1.168050056109360524e+00 7.717490927186446692e-01 1.336514139483977903e+00 1.099612608955433446e+00 -1.616910009174093776e+00 2.799055703221300373e-01 3.172648939138780766e-01 -9.443966982181234426e-01 3.791473662654892274e-01 -9.558992031534865319e-01 4.814595740725703399e-01 1.565111250856633662e-01 -2.379108170800221800e-01 -5.428438248313499637e-01 7.811899720409952730e-01 4.262363818898159962e-01 -3.973118697525017118e-01 -3.090026224014915113e-01 1.079601026304185085e+00 5.210401693233946974e-01 -3.193181508822981463e-01 -7.255969635357278902e-01 6.103614934230012778e-01 -5.962468517107299970e-01 1.887918385294670431e-01 -3.108769963199162212e-01 -2.772578756922324583e+00 -6.523413300851967911e-01 -1.161070577648237873e-01 -1.105332696948764376e-01 1.536338724577659853e+00 -1.045229421010637427e+00 1.301802865993115343e+00 2.303888427804217098e+00 1.136861533423208170e+00 -3.994347349596683583e-01
9.787206283440247345e-01 -9.772686570590638500e-01 -1.032089452721094008e-01 1.454230554586108948e+00 4.438683202401255135e-01 -2.051575009880031442e-01 -2.552959280502239636e+00 -7.421357692895348412e-01 4.575767384800425580e-02 1.469328766203658265e+00 -8.877586107358845791e-01 1.563410138560518414e-01 -3.873350040945861550e-01 -1.419986748285244627e+00 -5.096496352429361609e-01 7.774690922426373829e-01 -8.954463553073611637e-01 -1.180610583339260167e+00 6.652866721365922886e-02 -3.628015417698436940e-01 -8.131089796814592319e-01 -4.017926680251419080e-01 -9.072859932783366999e-01 1.289770884236337845e-01 4.023226088491617114e-01 -5.788173236980944658e-01 -1.165119264042312475e+00 -1.536207303384804046e+00 1.178768846205813459e+00 1.054407137558697860e+00 2.082701003733478662e-01 7.066914738456787637e-01 1.269054602802316412e-01 -1.347735915474074675e+00 -1.173095168762911866e+00 -7.474437088194988421e-01 1.867543219646570662e+00 1.910035965791275103e+00 9.471367675214258375e-01 9.221386364188919327e-01 2.982327083279845414e-01 -1.496312023437899874e-01 6.722731398089526467e-01 5.392157392161391893e-01 -6.358429247009256269e-01 -2.082968962042443251e-01 -1.491227160858706435e+00 6.349950335262758427e-01 -9.128111717924413115e-01 -4.615736888401497096e-01 -7.447379168367659341e-01 -6.634656890558044973e-01 -1.147455274269454817e+00 1.929502387415797715e+00 -1.225414295819103216e+00 -1.544729034316371985e+00 9.208065060656832612e-01 -6.510078393983413925e-01 -8.033972997286011886e-01 1.738669269931059774e-02 -6.436007417225144689e-01 -1.602038042736331880e+00 -7.395420200931683841e-01 2.670437405109158946e-01 5.232599804502826579e-01 8.235638025395279893e-01 -3.691848508364575787e-01 6.552431800493214720e-01 -2.432593425117935901e-02 -9.816601641989609883e-02 7.861704209638916696e-01 -4.100518596985485709e-01 2.259277943900740659e+00 -3.459742478366513163e-01 -1.540755443684550974e+00 2.321635864174584341e-01 -1.424021001054724289e+00 4.160039809554761381e-01 1.494459023082738147e+00 6.768822838754465776e-01 -1.328143902900788265e-01 -1.675952176489729162e+00 -8.133364211366799212e-01 -5.758036271952791108e-01 6.914943434967447677e-01 -1.383339334417121869e+00 -1.188813396896118757e+00 -5.257856925808724463e-02 5.238841289379541077e-01 9.739700765927551684e-02 1.955902414622045393e+00 -3.908604433284881274e-01 -2.030645769655733623e+00 1.020157740225573040e+00 2.863378538463300926e-01 1.211112826775947005e+00 -6.280736669753141932e-01 -1.060003095506457882e+00 9.773608237699779600e-02 3.700423552380285863e-01
