# 
#                 ----------------------------------------------------
#                 Data from a 3D direct N-body simulation. 
# 
#                 rows are i-particle; 
#                 coumns are :mass, tag, x ,y, z, vx, vy, vz, ax, ay, az
# 
#                 NTHU, Computational Physics Lab
# 
#                 ----------------------------------------------------
#                 Time = 4.299999999999953
1.000000000000000000e+00 2.000000000000000000e+00 3.000000000000000000e+00 4.000000000000000000e+00 5.000000000000000000e+00 6.000000000000000000e+00 7.000000000000000000e+00 8.000000000000000000e+00 9.000000000000000000e+00 1.000000000000000000e+01 1.100000000000000000e+01 1.200000000000000000e+01 1.300000000000000000e+01 1.400000000000000000e+01 1.500000000000000000e+01 1.600000000000000000e+01 1.700000000000000000e+01 1.800000000000000000e+01 1.900000000000000000e+01 2.000000000000000000e+01 2.100000000000000000e+01 2.200000000000000000e+01 2.300000000000000000e+01 2.400000000000000000e+01 2.500000000000000000e+01 2.600000000000000000e+01 2.700000000000000000e+01 2.800000000000000000e+01 2.900000000000000000e+01 3.000000000000000000e+01 3.100000000000000000e+01 3.200000000000000000e+01 3.300000000000000000e+01 3.400000000000000000e+01 3.500000000000000000e+01 3.600000000000000000e+01 3.700000000000000000e+01 3.800000000000000000e+01 3.900000000000000000e+01 4.000000000000000000e+01 4.100000000000000000e+01 4.200000000000000000e+01 4.300000000000000000e+01 4.400000000000000000e+01 4.500000000000000000e+01 4.600000000000000000e+01 4.700000000000000000e+01 4.800000000000000000e+01 4.900000000000000000e+01 5.000000000000000000e+01 5.100000000000000000e+01 5.200000000000000000e+01 5.300000000000000000e+01 5.400000000000000000e+01 5.500000000000000000e+01 5.600000000000000000e+01 5.700000000000000000e+01 5.800000000000000000e+01 5.900000000000000000e+01 6.000000000000000000e+01 6.100000000000000000e+01 6.200000000000000000e+01 6.300000000000000000e+01 6.400000000000000000e+01 6.500000000000000000e+01 6.600000000000000000e+01 6.700000000000000000e+01 6.800000000000000000e+01 6.900000000000000000e+01 7.000000000000000000e+01 7.100000000000000000e+01 7.200000000000000000e+01 7.300000000000000000e+01 7.400000000000000000e+01 7.500000000000000000e+01 7.600000000000000000e+01 7.700000000000000000e+01 7.800000000000000000e+01 7.900000000000000000e+01 8.000000000000000000e+01 8.100000000000000000e+01 8.200000000000000000e+01 8.300000000000000000e+01 8.400000000000000000e+01 8.500000000000000000e+01 8.600000000000000000e+01 8.700000000000000000e+01 8.800000000000000000e+01 8.900000000000000000e+01 9.000000000000000000e+01 9.100000000000000000e+01 9.200000000000000000e+01 9.300000000000000000e+01 9.400000000000000000e+01 9.500000000000000000e+01 9.600000000000000000e+01 9.700000000000000000e+01 9.800000000000000000e+01 9.900000000000000000e+01 1.000000000000000000e+02
2.000000000000000111e-01 2.000000000000000111e-01 2.000000000000000111e-01 2.000000000000000111e-01 2.000000000000000111e-01 2.000000000000000111e-01 2.000000000000000111e-01 2.000000000000000111e-01 2.000000000000000111e-01 2.000000000000000111e-01 2.000000000000000111e-01 2.000000000000000111e-01 2.000000000000000111e-01 2.000000000000000111e-01 2.000000000000000111e-01 2.000000000000000111e-01 2.000000000000000111e-01 2.000000000000000111e-01 2.000000000000000111e-01 2.000000000000000111e-01 2.000000000000000111e-01 2.000000000000000111e-01 2.000000000000000111e-01 2.000000000000000111e-01 2.000000000000000111e-01 2.000000000000000111e-01 2.000000000000000111e-01 2.000000000000000111e-01 2.000000000000000111e-01 2.000000000000000111e-01 2.000000000000000111e-01 2.000000000000000111e-01 2.000000000000000111e-01 2.000000000000000111e-01 2.000000000000000111e-01 2.000000000000000111e-01 2.000000000000000111e-01 2.000000000000000111e-01 2.000000000000000111e-01 2.000000000000000111e-01 2.000000000000000111e-01 2.000000000000000111e-01 2.000000000000000111e-01 2.000000000000000111e-01 2.000000000000000111e-01 2.000000000000000111e-01 2.000000000000000111e-01 2.000000000000000111e-01 2.000000000000000111e-01 2.000000000000000111e-01 2.000000000000000111e-01 2.000000000000000111e-01 2.000000000000000111e-01 2.000000000000000111e-01 2.000000000000000111e-01 2.000000000000000111e-01 2.000000000000000111e-01 2.000000000000000111e-01 2.000000000000000111e-01 2.000000000000000111e-01 2.000000000000000111e-01 2.000000000000000111e-01 2.000000000000000111e-01 2.000000000000000111e-01 2.000000000000000111e-01 2.000000000000000111e-01 2.000000000000000111e-01 2.000000000000000111e-01 2.000000000000000111e-01 2.000000000000000111e-01 2.000000000000000111e-01 2.000000000000000111e-01 2.000000000000000111e-01 2.000000000000000111e-01 2.000000000000000111e-01 2.000000000000000111e-01 2.000000000000000111e-01 2.000000000000000111e-01 2.000000000000000111e-01 2.000000000000000111e-01 2.000000000000000111e-01 2.000000000000000111e-01 2.000000000000000111e-01 2.000000000000000111e-01 2.000000000000000111e-01 2.000000000000000111e-01 2.000000000000000111e-01 2.000000000000000111e-01 2.000000000000000111e-01 2.000000000000000111e-01 2.000000000000000111e-01 2.000000000000000111e-01 2.000000000000000111e-01 2.000000000000000111e-01 2.000000000000000111e-01 2.000000000000000111e-01 2.000000000000000111e-01 2.000000000000000111e-01 2.000000000000000111e-01 2.000000000000000111e-01
2.575149158660876481e+01 3.271255468635668961e+01 1.386917463553414898e+01 5.993896911377881054e+00 1.110944506959388001e+01 4.870900274103681760e+00 4.570164359398567910e+00 9.541358662106290467e+00 3.313381082256707799e+01 -2.732502192531362173e+00 2.261889711267323744e+00 -2.891553921114200065e+01 1.795960655019471375e+01 -4.412938749967263874e+00 -2.490808815637868179e+01 -6.394808565019086011e+00 -2.355947278025247016e+01 5.647991852523643885e+00 -4.113049440914405275e-01 4.416992745407782195e+00 -9.816523253908219004e+00 -2.520003538668636622e+01 -2.379738088413586894e+01 7.582284745092028322e-01 1.663290527387830764e+01 -9.996536641088921371e+00 -4.548083404900493676e+00 1.315017665802708358e+01 2.172549604501674381e+01 -2.626496790259819747e+00 -5.885338749264432678e+00 1.425611936932909707e+01 1.532527397178794493e-01 5.868216134728593936e+00 -1.854649883909566910e+01 2.837285489942128791e+01 2.807111068772395157e+01 1.322640565657836653e+01 -3.911713326214613762e+00 -2.262966152643743012e+00 5.494983464464642253e+00 1.936239166529889388e+01 -6.352324060125827287e+00 5.948043269580399972e+00 -9.844153911381669175e+00 9.874404682172247760e+00 5.780965633752990662e+00 6.414277657352792872e+00 3.478909325034682354e+01 1.630609538300862127e+01 -9.961491045303153546e-01 -1.206398913778316562e+01 1.644646029498932904e+01 -6.391242513199203223e+00 1.385949821121655567e+01 1.232584491005555094e+01 1.734248551545333328e+01 4.652886172983869528e+00 -1.509787127431467013e+01 -1.006546995807121547e+01 -5.167542789418755333e+00 -3.245716383081335010e+01 -1.612148799030817159e+01 2.252475194684710402e+01 -5.733900458922398524e-01 -2.504513610003958224e+00 3.157886264152782374e+01 -3.494400497242550863e+00 9.344609392434033879e+00 -1.077361548101074362e+01 1.328747796984632146e+01 -6.808744599599553915e+00 -2.484511272638538493e-01 -6.168994570101858921e-01 -6.767543161646267791e+00 9.235157868238653700e-01 -8.719452800079873001e+00 -7.201326340241423374e+00 -1.687786585515755533e+01 -3.021749263138187658e+01 -9.305177033031540645e+00 -4.347168120967807248e+00 1.682155430249521899e+01 -2.140672597958633006e+01 2.072303354356073157e+00 1.014184508055525846e+01 -2.310759178335852226e+01 -7.398654546890154116e+00 -2.826577448582793295e+01 1.290789360425152799e+00 5.825292248509231108e+00 5.692817202762277873e+00 7.207603292765952574e+00 3.013735494987658470e+01 -1.010233215493063241e+01 8.887843928894254120e+00 1.006989149746121015e+01 -7.022002146751518126e+00 -1.984669631614552676e+00 8.509770772385298443e+00
5.841436613623355534e+00 2.726258374219456115e+01 -2.209515017327194908e+00 2.102749115871760832e+00 1.776240105593954954e+00 2.181037245421283188e+01 -1.246805909153027692e+01 1.261900559720461956e+01 -2.123079505464875183e+01 2.237541999252839631e+01 5.520369994466665098e+00 -5.078726436457425386e+00 1.755222250500046499e+01 -1.530661281485980041e+01 2.847736946923326329e+01 -1.828809640281007987e+01 -3.105434121249463164e+00 -7.456737988778307624e+00 6.252749345498841649e+00 -9.260092045429088259e+00 -5.248523308251773045e+00 2.590111685632613181e+00 6.755711810872089274e+00 1.064306173484333407e+01 -1.802586317851008246e+01 -1.271169857571583250e+01 8.198369160569261016e-01 6.797652107232475593e+00 2.767615469425465236e+01 -1.563075189137633458e+01 1.784509531300090401e+01 5.201651348502869254e+00 2.606989573599753385e+01 2.749014603712171834e+01 1.415104909078756990e+01 -6.038001497551755747e+00 2.161256476319258724e+01 -1.257213890443498272e+01 1.171387020852724881e+01 8.964934892632886232e+00 -1.604878745187655298e+01 -1.013925851538259337e+01 2.699536062243319989e+01 -1.123909438476014166e+01 4.643349544819889152e-01 8.417015110931377109e+00 -1.595631058942451830e+01 2.433049801503100351e+00 1.378753510200638743e+01 -1.920946192003734510e+01 2.501123462450435397e+01 -1.436987265398253166e+00 -1.576471949351390656e+01 -7.270243250984411709e+00 1.278083437704611303e+00 -1.460097614381029985e+01 4.626703522641361310e+00 1.250790463460634250e+01 9.949742962618511655e+00 -6.649751732440427610e+00 -2.007122444197023370e+01 9.127121141204618482e+00 7.614743576886467968e-01 -1.887301958250120038e+01 -1.705158898564885916e+01 1.126635243093262595e+01 1.951060700343297682e+01 1.605256312809132169e+01 -2.360408907430193892e+01 4.086222630422891910e+00 4.631087496390930980e+00 -1.378673337553393274e+01 5.534845990652334180e+00 -1.395461844075422064e+01 7.028540251045990672e+00 2.284721757209091653e+00 -3.473118373540114767e+00 -7.924597765183151843e+00 1.140391312459360407e+01 6.222392813008370993e+00 -5.799668757703299704e+00 -4.510915726836732809e+00 1.576020556803853445e+01 7.606361466434155894e+00 -4.661501704354869879e+00 -1.059230395427102600e+01 8.910225884213867076e+00 -8.704560857397053653e+00 2.755890311243148982e+00 -4.538268874773721429e+00 -4.047435155727606571e+01 -9.523431746864790881e+00 -1.694912522361323726e+00 -1.613627314108334154e+00 2.242784586074939313e+01 -1.525849647782547791e+01 1.900411859129940595e+01 3.363249702780906603e+01 1.659619212513283060e+01 -5.831078746360178755e+00
1.428754685213196751e+01 -1.426628802409150332e+01 -1.506725935599856347e+00 2.122926242793435492e+01 6.479572589329730903e+00 -2.994905354576786305e+00 -3.726846330401788521e+01 -1.083396122157659214e+01 6.679793316806399428e-01 2.144956676484956759e+01 -1.295975439285006203e+01 2.282335441932543674e+00 -5.654272458780713606e+00 -2.072927868346632607e+01 -7.439910545652788976e+00 1.134969707705383968e+01 -1.307192688683276671e+01 -1.723477932741126040e+01 9.711003179858856971e-01 -5.295727568414712039e+00 -1.187009394569717102e+01 -5.865298751866252935e+00 -1.324470193514384242e+01 1.882859001831215462e+00 5.873272707375615909e+00 -8.449854286400992009e+00 -1.700870567120465537e+01 -2.242591231555327269e+01 1.720780947346721845e+01 1.539263285510022961e+01 3.040375053393824523e+00 1.031540198121456875e+01 1.852623532447285282e+00 -1.967449522837605613e+01 -1.712512023512390869e+01 -1.091130647179164903e+01 2.726261099491411954e+01 2.788302464147428239e+01 1.382724074928499292e+01 1.346195198760539924e+01 4.353658243243033077e+00 -2.184349580754850528e+00 9.814044040047550155e+00 7.871756955762352348e+00 -9.282091173937834228e+00 -3.040742880410580717e+00 -2.176924393558568127e+01 9.269970700859261115e+00 -1.332534858627817265e+01 -6.738160184034069466e+00 -1.087185204734091393e+01 -9.685402702898445071e+00 -1.675071289581888934e+01 2.816720168775984945e+01 -1.788882324229546228e+01 -2.255035688533820348e+01 1.344238392359559420e+01 -9.503582249684347616e+00 -1.172812954458881407e+01 2.545268847262901479e-01 -9.395452353392037992e+00 -2.338678308386175786e+01 -1.079603356509253054e+01 3.898372990929461768e+00 7.638704316372431968e+00 1.202196414428189719e+01 -5.389355617449486324e+00 9.565431585640098433e+00 -3.551126748076414708e-01 -1.432911598288714172e+00 1.147777393291812587e+01 -5.985940789620672220e+00 3.298129211314499543e+01 -5.050607568561870764e+00 -2.249234640389480333e+01 3.389270557872992029e+00 -2.078823831598048244e+01 6.073203068296625595e+00 2.181638485676928951e+01 9.881360522654276224e+00 -1.939343012470401861e+00 -2.446603284296461567e+01 -1.187334097224137253e+01 -8.405489079996515400e+00 1.009481233498548214e+01 -2.019424712165066182e+01 -1.735471198798318326e+01 -7.674574279849575298e-01 7.647740008368766773e+00 1.421830806654434065e+00 2.855243773467870483e+01 -5.706519478256080191e+00 -2.964376766684217657e+01 1.489242944951609005e+01 4.180019419815738324e+00 1.768013658349478590e+01 -9.168758203132497897e+00 -1.547407658689876619e+01 1.426670278117725621e+00 5.402001428239030290e+00
9.366995341317336354e+00 1.189908163317510770e+01 5.044830642773342255e+00 2.180256684279602730e+00 4.040993535037116224e+00 1.771761033677053954e+00 1.662382330094800631e+00 3.470610291936097269e+00 1.205230188124591173e+01 -9.939372833977953015e-01 8.227494659721739101e-01 -1.051790983908174759e+01 6.532717970144423347e+00 -1.605179184432415695e+00 -9.060226546409515080e+00 -2.326057597743542260e+00 -8.569645491142054539e+00 2.054436378274461017e+00 -1.495946185441562604e-01 1.606912610021773657e+00 -3.570718629124959964e+00 -9.166389752018256232e+00 -8.656176171612660397e+00 2.757915898820579859e-01 6.050152899456707978e+00 -3.636154409013248046e+00 -1.654356569553544043e+00 4.783318351684735070e+00 7.902574955770959697e+00 -9.553719269052037832e-01 -2.140733421420280447e+00 5.185475822970748716e+00 5.574084056727155595e-02 2.134539976649535653e+00 -6.746220191570492908e+00 1.032051031183508272e+01 1.021077308437481257e+01 4.811055220689362422e+00 -1.422774794251681962e+00 -8.231673783310812231e-01 1.998769388260929647e+00 7.042974268225763446e+00 -2.310628882162014897e+00 2.163567043716475791e+00 -3.580818128739676087e+00 3.591754185729718163e+00 2.102816633222137632e+00 2.333178170202149015e+00 1.265440744680309670e+01 5.931269969907104311e+00 -3.623390808102990857e-01 -4.388176874992500309e+00 5.982317045884222750e+00 -2.324784196004543890e+00 5.041322183454818529e+00 4.483457812512228635e+00 6.308210202036616643e+00 1.692488067446326960e+00 -5.491799230900356044e+00 -3.661186816155268087e+00 -1.879666565533432143e+00 -1.180617246373064333e+01 -5.864088406344046156e+00 8.193274610183950202e+00 -2.085588413025324661e-01 -9.110541682927441043e-01 1.148669654662122142e+01 -1.271067239552642336e+00 3.399065409989705966e+00 -3.918840544491625444e+00 4.833387681149633686e+00 -2.476651325662469816e+00 -9.037116732847565170e-02 -2.243999328665195192e-01 -2.461666149473122012e+00 3.359285809000221446e-01 -3.171644527250568224e+00 -2.619432714812061747e+00 -6.139253333438929872e+00 -1.099148759331071012e+01 -3.384706044154992099e+00 -1.581270610241171770e+00 6.118754445365103045e+00 -7.786602725542953074e+00 7.538050005759533434e-01 3.689045437793218252e+00 -8.405285897326056244e+00 -2.691260208562313405e+00 -1.028157468930713669e+01 4.695209202311206309e-01 2.118932799018877322e+00 2.070455010679525198e+00 2.621735197228606484e+00 1.096234380088537463e+01 -3.674655035799104574e+00 3.232913977809067863e+00 3.662877266354687134e+00 -2.554224615015206812e+00 -7.219293161404730652e-01 3.095370152028574129e+00
2.124793517427635781e+00 9.916669094086483227e+00 -8.037041015177863734e-01 7.648681294230804673e-01 6.461059967444109375e-01 7.933418405292668396e+00 -4.535209806859269221e+00 4.590115519472728778e+00 -7.722624954552691712e+00 8.138969329851816426e+00 2.008008540791251573e+00 -1.847354241604685310e+00 6.384542888617959377e+00 -5.567702565954089522e+00 1.035853975909004099e+01 -6.652199600251687883e+00 -1.129567062254187571e+00 -2.712364245049744937e+00 2.274410248417428004e+00 -3.368369670900792645e+00 -1.909094682260334519e+00 9.421517746037172403e-01 2.457370251622641888e+00 3.871345115030828676e+00 -6.556827183074910970e+00 -4.623805513815618440e+00 2.982023783649132564e-01 2.472608833377116344e+00 1.006710288900472250e+01 -5.685618237831564947e+00 6.491067985316445466e+00 1.891987766503101742e+00 9.482797942049927542e+00 9.999434328685769202e+00 5.147363493439514492e+00 -2.196301477120739865e+00 7.861499729366742351e+00 -4.573067979462910770e+00 4.260817776406799595e+00 3.261063623599238959e+00 -5.837649489591778540e+00 -3.688114335935932075e+00 9.819440923313907277e+00 -4.088160078915541895e+00 1.688468728043431566e-01 3.061651690789739533e+00 -5.804021770692408211e+00 8.850055920238392160e-01 5.015173605420158331e+00 -6.987352323359308670e+00 9.097729695946194184e+00 -5.226629926246741942e-01 -5.734344299921737331e+00 -2.644521040174609094e+00 4.649002729835298164e-01 -5.311028913419953312e+00 1.682943896254067928e+00 4.549690752173147779e+00 3.619157375890211803e+00 -2.418806717407025797e+00 -7.300789457698773965e+00 3.319958543350691293e+00 2.769786182764287230e-01 -6.864980516772090979e+00 -6.202419333372723997e+00 4.098057879282427152e+00 7.096913457154427007e+00 5.839022492756082094e+00 -8.585870074089886117e+00 1.486330789492676940e+00 1.684597440487042963e+00 -5.014830357625386092e+00 2.013279910902812109e+00 -5.075902292148536610e+00 2.556587409071345185e+00 8.310663069772860068e-01 -1.263324911094625191e+00 -2.882530588740779276e+00 4.148132512841335995e+00 2.263353022071628917e+00 -2.109658192620932127e+00 -1.640821439456997322e+00 5.732711183437110058e+00 2.766765122585223224e+00 -1.695596759118557673e+00 -3.852920576411833053e+00 3.241049807200565791e+00 -3.166184531110709521e+00 1.002462244478451447e+00 -1.650772382070820665e+00 -1.472241689653066743e+01 -3.464046449474959211e+00 -6.165231974881324462e-01 -5.869441674301044687e-01 8.158023509998237444e+00 -5.550208758262899167e+00 6.912646622631747562e+00 1.223369540487243512e+01 6.036785234311330406e+00 -2.121022638834237473e+00
5.197035915131760220e+00 -5.189312180738016700e+00 -5.480562688658732196e-01 7.722036951814726713e+00 2.356932165567822590e+00 -1.089387621418998364e+00 -1.355626546748845840e+01 -3.940790450454757732e+00 2.429746758497239589e-01 7.802186536761385405e+00 -4.714044158605247503e+00 8.301842495924202092e-01 -2.056735012746919278e+00 -7.540182427877871518e+00 -2.706243873671424716e+00 4.128396872918925098e+00 -4.754854350081186176e+00 -6.269078761198919381e+00 3.532478472244321988e-01 -1.926373757028463585e+00 -4.317671827234518922e+00 -2.133499207516797114e+00 -4.817709563836332975e+00 6.848781956812662886e-01 2.136365270096812985e+00 -3.073574738058770794e+00 -6.186835049972129852e+00 -8.157322367833405252e+00 6.259280727709802150e+00 5.598977379653818254e+00 1.105922490721635842e+00 3.752331193793507325e+00 6.738792211134196908e-01 -7.156516890581827717e+00 -6.229183143158309122e+00 -3.968944887562682045e+00 9.916681141154390033e+00 1.014234004601632932e+01 5.029491306182245935e+00 4.896671344915474400e+00 1.583624932462473600e+00 -7.945473348342547704e-01 3.569806964868490695e+00 2.863292201887850830e+00 -3.376331263509057656e+00 -1.106059666040805300e+00 -7.918467737283227947e+00 3.371885250530459732e+00 -4.847046033130976816e+00 -2.450974765672945921e+00 -3.954586954461707382e+00 -3.523024134924134021e+00 -6.093010151354852688e+00 1.024570789429527373e+01 -6.506985835190945977e+00 -8.202582374600471127e+00 4.889571113851912010e+00 -3.456881679152489451e+00 -4.266060591033890681e+00 9.247991948620898350e-02 -3.417549834491199423e+00 -8.506855206241317191e+00 -3.927003635022969341e+00 1.418014329056138667e+00 2.778538730806042523e+00 4.373022737587056952e+00 -1.960366457750099434e+00 3.479376071697837247e+00 -1.291710328077039782e-01 -5.212350947710266968e-01 4.174831878533636242e+00 -2.177371704199321023e+00 1.199681836815093838e+01 -1.837135998441288720e+00 -8.181481774363122739e+00 1.232818183156175973e+00 -7.561619068718413494e+00 2.209059117257472948e+00 7.935620613370737431e+00 3.594288519467667697e+00 -7.053565102091324812e-01 -8.899393453974328239e+00 -4.318863519770919979e+00 -3.057490754366494201e+00 3.671910135067527836e+00 -7.345573541579487831e+00 -6.312676771707524281e+00 -2.791731207750190458e-01 2.781836393615238823e+00 5.171834569151674277e-01 1.038585856880862934e+01 -2.075626493341699685e+00 -1.078279454243295099e+01 5.417062943269853825e+00 1.520463880977009241e+00 6.431064061245185925e+00 -3.335094688120202377e+00 -5.628637980859275913e+00 5.189597807741913593e-01 1.964947813049289671e+00
1.764018795095416259e+00 2.240876438389804548e+00 9.500504233155162570e-01 4.105926570221141159e-01 7.610057694277095885e-01 3.336607432444850807e-01 3.130657409435984584e-01 6.535900146459910909e-01 2.269728582443433673e+00 -1.871813982785784092e-01 1.549415798335432859e-01 -1.980763795349030243e+00 1.230256328360750162e+00 -3.022895012683440852e-01 -1.706251538721203609e+00 -4.380423023850011366e-01 -1.613856234629617914e+00 3.868981514163694069e-01 -2.816772185547474980e-02 3.026873655427689824e-01 -6.724477659791600059e-01 -1.726235848702279085e+00 -1.630149900838317345e+00 5.193487130886791786e-02 1.139382971485984886e+00 -6.847588739283756443e-01 -3.115559865509011095e-01 9.008072526953065928e-01 1.488240101394803006e+00 -1.799169141486363921e-01 -4.031396870353035622e-01 9.765083376080881949e-01 1.049611621148489535e-02 4.019829213972512250e-01 -1.270469908028846628e+00 1.943588847478333825e+00 1.922928597971266695e+00 9.060331893184759844e-01 -2.679149460200708766e-01 -1.550275500178507349e-01 3.764117998820392108e-01 1.326349000069402262e+00 -4.351435705507723517e-01 4.074467028307364180e-01 -6.743632305953185524e-01 6.764041234876180253e-01 3.960124561180648484e-01 4.393939555311082712e-01 2.383119790730177989e+00 1.116992614011818707e+00 -6.823508110076673128e-02 -8.263805891399839121e-01 1.126603168789713560e+00 -4.378090336098287016e-01 9.493928146030654602e-01 8.443329886977279930e-01 1.187967404649245884e+00 3.187397562843950483e-01 -1.034234562412211567e+00 -6.894615247889824827e-01 -3.539826643762731262e-01 -2.223376261762551653e+00 -1.104332135857236441e+00 1.542978232605661137e+00 -3.927380946669641049e-02 -1.715855115855674240e-01 2.163212323351239696e+00 -2.393692740837083111e-01 6.401224982167020849e-01 -7.380025660814153454e-01 9.102713608001659074e-01 -4.664097731255605894e-01 -1.701843547327394970e-02 -4.226110774770799883e-02 -4.635881829018844713e-01 6.326401662568974238e-02 -5.972876664867754481e-01 -4.932936520026418026e-01 -1.156161806045387541e+00 -2.069948662535697981e+00 -6.374138901874623064e-01 -2.977911644424210413e-01 1.152297042997855847e+00 -1.466394104637564588e+00 1.419623855912979238e-01 6.947293016928395293e-01 -1.582906385129126514e+00 -5.068342449085300183e-01 -1.936260357122564724e+00 8.842198804267313583e-02 3.990454436810245697e-01 3.898357982897434626e-01 4.937325724428685558e-01 2.064461861466852621e+00 -6.920143702697654220e-01 6.088310333470061675e-01 6.898025166273275000e-01 -4.810190782294982426e-01 -1.359596632580984676e-01 5.829225169458163158e-01
4.001459187690829533e-01 1.867540523626835203e+00 -1.513564765031991111e-01 1.440426864161663545e-01 1.216782070761863732e-01 1.494040362420151036e+00 -8.540851858774716199e-01 8.644250634663083188e-01 -1.454350138803224279e+00 1.532755053639726972e+00 3.781530964486856106e-01 -3.478959311123284159e-01 1.202354098219821310e+00 -1.048521859640299203e+00 1.950754164739185281e+00 -1.252756022955236359e+00 -2.127173431970358075e-01 -5.108021181936871491e-01 4.283231191343441768e-01 -6.343547869352258450e-01 -3.595168762807655627e-01 1.774313301483439187e-01 4.627812914282640189e-01 7.290561473589296515e-01 -1.234799026127559207e+00 -8.707623036685090412e-01 5.615560406936874471e-02 4.656463718549729291e-01 1.895870395546559006e+00 -1.070731228935246637e+00 1.222413510542350368e+00 3.562794060573557520e-01 1.785822778734008631e+00 1.883124463826822748e+00 9.693603082860815512e-01 -4.136147913653055452e-01 1.480505539304135754e+00 -8.612146283476430630e-01 8.023946339157076446e-01 6.141620649920136454e-01 -1.099354627279180985e+00 -6.945566413102355341e-01 1.849222828186493750e+00 -7.698902780032446103e-01 3.178310885806525515e-02 5.765783542549210994e-01 -1.093024612605656865e+00 1.666651036062518632e-01 9.444760747783882415e-01 -1.315875662659010237e+00 1.713309843864762705e+00 -9.841970898720391048e-02 -1.079906332131201463e+00 -4.980238935962649216e-01 8.755211196190748613e-02 -1.000183994521593123e+00 3.169367638317815428e-01 8.568087773894403902e-01 6.815645517047836943e-01 -4.555131069195967330e-01 -1.374896045259331512e+00 6.252258522072804414e-01 5.216016657602696310e-02 -1.292832372596155466e+00 -1.168050500169779404e+00 7.717495171048363023e-01 1.336514280643663843e+00 1.099613089324435133e+00 -1.616910479739008366e+00 2.799057648461323322e-01 3.172644122596581240e-01 -9.443972048485119730e-01 3.791474109268119230e-01 -9.558996712994626277e-01 4.814597979376816217e-01 1.565110781295026843e-01 -2.379109286326578365e-01 -5.428440052648922931e-01 7.811900551391733893e-01 4.262366104327646177e-01 -3.973114592579407578e-01 -3.090027281742236398e-01 1.079601205847907863e+00 5.210404218943490706e-01 -3.193182558178973562e-01 -7.255969677117268812e-01 6.103616762878900648e-01 -5.962475391162151972e-01 1.887917030809338759e-01 -3.108770901112472562e-01 -2.772578900016651193e+00 -6.523420227007978855e-01 -1.161070258844795061e-01 -1.105333452131535554e-01 1.536339116389064285e+00 -1.045229665771246541e+00 1.301803309280901155e+00 2.303888716767438005e+00 1.136861838296450600e+00 -3.994348810662515237e-01
9.787208057493956836e-01 -9.772687513314252117e-01 -1.032090465448305544e-01 1.454230993636503211e+00 4.438682681439014011e-01 -2.051575087856774282e-01 -2.552959592621912410e+00 -7.421360683209534681e-01 4.575768246915675602e-02 1.469329072892697763e+00 -8.877588881259576015e-01 1.563410951700158202e-01 -3.873349203821261355e-01 -1.419987067092048250e+00 -5.096496612719312314e-01 7.774693095815925492e-01 -8.954465618532918558e-01 -1.180610804120354240e+00 6.652855016078965122e-02 -3.628009164767452277e-01 -8.131093610396575855e-01 -4.017925480802885807e-01 -9.072861196935473327e-01 1.289771479477465344e-01 4.023228034044684653e-01 -5.788176544115783972e-01 -1.165119576581651994e+00 -1.536207675290742314e+00 1.178768955829937015e+00 1.054407593378559049e+00 2.082701502657260395e-01 7.066902552361381540e-01 1.269055280770903793e-01 -1.347736152061864701e+00 -1.173095457400774810e+00 -7.474438223063000208e-01 1.867543380541049070e+00 1.910036262088385284e+00 9.471379472748446826e-01 9.221393324931702606e-01 2.982327641729232148e-01 -1.496312364666579076e-01 6.722733607835499337e-01 5.392160811894405326e-01 -6.358429567754693146e-01 -2.082969152046586503e-01 -1.491227471931522608e+00 6.349954056730733321e-01 -9.128112847804256136e-01 -4.615738004239720582e-01 -7.447380896394248939e-01 -6.634658179040853199e-01 -1.147455411000092518e+00 1.929502690652883157e+00 -1.225414512742884376e+00 -1.544729464319764656e+00 9.208070410614733747e-01 -6.510080208565705018e-01 -8.033974261089068536e-01 1.738763980739374201e-02 -6.436009222610600267e-01 -1.602038243211729274e+00 -7.395422345352918869e-01 2.670438133728815777e-01 5.232601509435170772e-01 8.235631900740065792e-01 -3.691848200355765663e-01 6.552433900767536956e-01 -2.432593619587027078e-02 -9.816585667499694301e-02 7.861720404887899694e-01 -4.100518374549576017e-01 2.259278260838468722e+00 -3.459743247765177943e-01 -1.540755868617268431e+00 2.321637648218976280e-01 -1.424021408976110514e+00 4.160044518870010810e-01 1.494459283952451756e+00 6.768825471612626155e-01 -1.328150687814663444e-01 -1.675952704274430216e+00 -8.133367057218668927e-01 -5.758034670870741945e-01 6.914947974492593463e-01 -1.383339586059772364e+00 -1.188813865785587787e+00 -5.257845403006746604e-02 5.238841993505101158e-01 9.739703993335101229e-02 1.955902515748702442e+00 -3.908614014270602177e-01 -2.030646165217858012e+00 1.020157893258721193e+00 2.863379134873701992e-01 1.211113158605460427e+00 -6.280738089802225810e-01 -1.060003225598733945e+00 9.773596869545535248e-02 3.700424935573402019e-01
