# 
#                 ----------------------------------------------------
#                 Data from a 3D direct N-body simulation. 
# 
#                 rows are i-particle; 
#                 coumns are :mass, tag, x ,y, z, vx, vy, vz, ax, ay, az
# 
#                 NTHU, Computational Physics Lab
# 
#                 ----------------------------------------------------
#                 Time = 7.599999999999882
1.000000000000000000e+00 2.000000000000000000e+00 3.000000000000000000e+00 4.000000000000000000e+00 5.000000000000000000e+00 6.000000000000000000e+00 7.000000000000000000e+00 8.000000000000000000e+00 9.000000000000000000e+00 1.000000000000000000e+01 1.100000000000000000e+01 1.200000000000000000e+01 1.300000000000000000e+01 1.400000000000000000e+01 1.500000000000000000e+01 1.600000000000000000e+01 1.700000000000000000e+01 1.800000000000000000e+01 1.900000000000000000e+01 2.000000000000000000e+01 2.100000000000000000e+01 2.200000000000000000e+01 2.300000000000000000e+01 2.400000000000000000e+01 2.500000000000000000e+01 2.600000000000000000e+01 2.700000000000000000e+01 2.800000000000000000e+01 2.900000000000000000e+01 3.000000000000000000e+01 3.100000000000000000e+01 3.200000000000000000e+01 3.300000000000000000e+01 3.400000000000000000e+01 3.500000000000000000e+01 3.600000000000000000e+01 3.700000000000000000e+01 3.800000000000000000e+01 3.900000000000000000e+01 4.000000000000000000e+01 4.100000000000000000e+01 4.200000000000000000e+01 4.300000000000000000e+01 4.400000000000000000e+01 4.500000000000000000e+01 4.600000000000000000e+01 4.700000000000000000e+01 4.800000000000000000e+01 4.900000000000000000e+01 5.000000000000000000e+01 5.100000000000000000e+01 5.200000000000000000e+01 5.300000000000000000e+01 5.400000000000000000e+01 5.500000000000000000e+01 5.600000000000000000e+01 5.700000000000000000e+01 5.800000000000000000e+01 5.900000000000000000e+01 6.000000000000000000e+01 6.100000000000000000e+01 6.200000000000000000e+01 6.300000000000000000e+01 6.400000000000000000e+01 6.500000000000000000e+01 6.600000000000000000e+01 6.700000000000000000e+01 6.800000000000000000e+01 6.900000000000000000e+01 7.000000000000000000e+01 7.100000000000000000e+01 7.200000000000000000e+01 7.300000000000000000e+01 7.400000000000000000e+01 7.500000000000000000e+01 7.600000000000000000e+01 7.700000000000000000e+01 7.800000000000000000e+01 7.900000000000000000e+01 8.000000000000000000e+01 8.100000000000000000e+01 8.200000000000000000e+01 8.300000000000000000e+01 8.400000000000000000e+01 8.500000000000000000e+01 8.600000000000000000e+01 8.700000000000000000e+01 8.800000000000000000e+01 8.900000000000000000e+01 9.000000000000000000e+01 9.100000000000000000e+01 9.200000000000000000e+01 9.300000000000000000e+01 9.400000000000000000e+01 9.500000000000000000e+01 9.600000000000000000e+01 9.700000000000000000e+01 9.800000000000000000e+01 9.900000000000000000e+01 1.000000000000000000e+02
2.000000000000000111e-01 2.000000000000000111e-01 2.000000000000000111e-01 2.000000000000000111e-01 2.000000000000000111e-01 2.000000000000000111e-01 2.000000000000000111e-01 2.000000000000000111e-01 2.000000000000000111e-01 2.000000000000000111e-01 2.000000000000000111e-01 2.000000000000000111e-01 2.000000000000000111e-01 2.000000000000000111e-01 2.000000000000000111e-01 2.000000000000000111e-01 2.000000000000000111e-01 2.000000000000000111e-01 2.000000000000000111e-01 2.000000000000000111e-01 2.000000000000000111e-01 2.000000000000000111e-01 2.000000000000000111e-01 2.000000000000000111e-01 2.000000000000000111e-01 2.000000000000000111e-01 2.000000000000000111e-01 2.000000000000000111e-01 2.000000000000000111e-01 2.000000000000000111e-01 2.000000000000000111e-01 2.000000000000000111e-01 2.000000000000000111e-01 2.000000000000000111e-01 2.000000000000000111e-01 2.000000000000000111e-01 2.000000000000000111e-01 2.000000000000000111e-01 2.000000000000000111e-01 2.000000000000000111e-01 2.000000000000000111e-01 2.000000000000000111e-01 2.000000000000000111e-01 2.000000000000000111e-01 2.000000000000000111e-01 2.000000000000000111e-01 2.000000000000000111e-01 2.000000000000000111e-01 2.000000000000000111e-01 2.000000000000000111e-01 2.000000000000000111e-01 2.000000000000000111e-01 2.000000000000000111e-01 2.000000000000000111e-01 2.000000000000000111e-01 2.000000000000000111e-01 2.000000000000000111e-01 2.000000000000000111e-01 2.000000000000000111e-01 2.000000000000000111e-01 2.000000000000000111e-01 2.000000000000000111e-01 2.000000000000000111e-01 2.000000000000000111e-01 2.000000000000000111e-01 2.000000000000000111e-01 2.000000000000000111e-01 2.000000000000000111e-01 2.000000000000000111e-01 2.000000000000000111e-01 2.000000000000000111e-01 2.000000000000000111e-01 2.000000000000000111e-01 2.000000000000000111e-01 2.000000000000000111e-01 2.000000000000000111e-01 2.000000000000000111e-01 2.000000000000000111e-01 2.000000000000000111e-01 2.000000000000000111e-01 2.000000000000000111e-01 2.000000000000000111e-01 2.000000000000000111e-01 2.000000000000000111e-01 2.000000000000000111e-01 2.000000000000000111e-01 2.000000000000000111e-01 2.000000000000000111e-01 2.000000000000000111e-01 2.000000000000000111e-01 2.000000000000000111e-01 2.000000000000000111e-01 2.000000000000000111e-01 2.000000000000000111e-01 2.000000000000000111e-01 2.000000000000000111e-01 2.000000000000000111e-01 2.000000000000000111e-01 2.000000000000000111e-01 2.000000000000000111e-01
6.626765750187495030e+01 8.418109575814796131e+01 3.569013912211421058e+01 1.542442080400346605e+01 2.858839914925465564e+01 1.253449400690858084e+01 1.176066894676721830e+01 2.455316936024728847e+01 8.526507834680963072e+01 -7.031697864613470905e+00 5.820619668157223536e+00 -7.440989952290520648e+01 4.621632048407056459e+01 -1.135599597819224726e+01 -6.409737480394224463e+01 -1.645593797213189191e+01 -6.062674879577632225e+01 1.453429219927288329e+01 -1.058339976480125788e+00 1.136794388528509003e+01 -2.526137241886331708e+01 -6.484847430075062391e+01 -6.123892694366612233e+01 1.951125765813366053e+00 4.280234956736040175e+01 -2.572435665542716876e+01 -1.170388253941091250e+01 3.384002210734549720e+01 5.590746037258779921e+01 -6.758871498632931463e+00 -1.514485346897086693e+01 3.668527336864591604e+01 3.943487441167151664e-01 1.510099486299675142e+01 -4.772673364809586616e+01 7.301337919059220383e+01 7.223700766171613452e+01 3.403623824163668843e+01 -1.006566425384694874e+01 -5.823544059266700934e+00 1.414048426614928999e+01 4.982617590068576874e+01 -1.634675580042991427e+01 1.530636133695015211e+01 -2.533276248605505643e+01 2.541021303416432886e+01 1.487654852687587592e+01 1.650626577766218972e+01 8.952472430315503971e+01 4.196131032582749043e+01 -2.563407883532867526e+00 -3.104461331694563953e+01 4.232245977500002709e+01 -1.644690020329727176e+01 3.566530441576335164e+01 3.171864787581890965e+01 4.462805974636386708e+01 1.197363514771293502e+01 -3.885221566950819749e+01 -2.590150168793727303e+01 -1.329787771110817651e+01 -8.352381586456934315e+01 -4.148606660757356934e+01 5.796407349849032187e+01 -1.475479832682188741e+00 -6.445276706970219038e+00 8.126365160638560781e+01 -8.992287775084719215e+00 2.404699196555883489e+01 -2.772421236279793177e+01 3.419408779527933717e+01 -1.752129489743798985e+01 -6.393412986637549977e-01 -1.587531091034420250e+00 -1.741527886687195448e+01 2.376552737592276365e+00 -2.243811019470065560e+01 -1.853143741304333858e+01 -4.343270224369931753e+01 -7.776027101824887211e+01 -2.394542488756213316e+01 -1.118683403417556299e+01 4.328770029049783830e+01 -5.508702992749803684e+01 5.332845334579411123e+00 2.609849545181269548e+01 -5.946395950933036545e+01 -1.903952626059243514e+01 -7.273790799637745863e+01 3.321666118996864370e+00 1.499057289787798020e+01 1.464796652145511402e+01 1.854770301239488717e+01 7.755408335796853692e+01 -2.599671090839813203e+01 2.287154463146672967e+01 2.591336068958495531e+01 -1.807009200554578499e+01 -5.107337053597505339e+00 2.189850440314467050e+01
1.503204939536943563e+01 7.015634935700805386e+01 -5.685874543992690100e+00 5.411126342807506262e+00 4.570927832393308243e+00 5.612570175313020826e+01 -3.208474496087551131e+01 3.247318093348564361e+01 -5.463439342408364752e+01 5.757986929171131862e+01 1.420584149424248643e+01 -1.306928827090382583e+01 4.516803129604804923e+01 -3.938923183441654174e+01 7.328240643658317310e+01 -4.706161039703327020e+01 -7.991250642258506787e+00 -1.918885743654615439e+01 1.609052227507439170e+01 -2.382977481333661629e+01 -1.350610401471388755e+01 6.665326296952610363e+00 1.738487774303582967e+01 2.738821025908069018e+01 -4.638687274108745129e+01 -3.271155642397012286e+01 2.109671723897922124e+00 1.749270524904681423e+01 7.122060794377115656e+01 -4.022342294808230889e+01 4.592166024128124491e+01 1.338514960673641596e+01 6.708693248110320440e+01 7.074189120604400216e+01 3.641551435808684545e+01 -1.553792877988041177e+01 5.561686624196634909e+01 -3.235257654186798959e+01 3.014360571505172359e+01 2.307055988913133149e+01 -4.129901526770859732e+01 -2.609189638469987216e+01 6.946853268834777850e+01 -2.892207440130042428e+01 1.194587175077353791e+00 2.165993443930999263e+01 -4.106110029315640020e+01 6.261059481563328255e+00 3.548028012024740008e+01 -4.943266657636796424e+01 6.436271369166408363e+01 -3.697669427501326211e+00 -4.056814487349588205e+01 -1.870890251629744583e+01 3.288975615473507919e+00 -3.757337242653691334e+01 1.190613887628737011e+01 3.218720722610252238e+01 2.560408034887975148e+01 -1.711208215862845705e+01 -5.165013688906237377e+01 2.348733892424980141e+01 1.959515751085853852e+00 -4.856692678843529620e+01 -4.387960641303869380e+01 2.899211826670935821e+01 5.020774124222292301e+01 4.130872916932605676e+01 -6.074153645446440208e+01 1.051520053563906743e+01 1.191776523460692871e+01 -3.547791480025504995e+01 1.424312721373764390e+01 -3.590996829588959827e+01 1.808682662210755865e+01 5.879443532994714339e+00 -8.937515248386761257e+00 -2.039273376971324581e+01 2.934633001529146412e+01 1.601231543682793301e+01 -1.492490293336675933e+01 -1.160814601130489265e+01 4.055658049493756323e+01 1.957375070251337590e+01 -1.199565859426307135e+01 -2.725781733295905340e+01 2.292910902101154846e+01 -2.239953557672239270e+01 7.091986951906048553e+00 -1.167854320693548509e+01 -1.041550189926283991e+02 -2.450678524441802253e+01 -4.361641926658144541e+00 -4.152396902380211863e+00 5.771468874470949828e+01 -3.926546016822789653e+01 4.890417012119695528e+01 8.654836505069712871e+01 4.270779518366216365e+01 -1.500537593899804989e+01
3.676689962156947900e+01 -3.671224628574060489e+01 -3.877284574286864682e+00 5.463027079829652877e+01 1.667431161367273162e+01 -7.706967116959093644e+00 -9.590500338236770972e+01 -2.787949969357485358e+01 1.718946316894379711e+00 5.519727820833779930e+01 -3.334994642118810759e+01 5.873220482285663735e+00 -1.455053689609914080e+01 -5.334370930931988397e+01 -1.914555765548745470e+01 2.920672648949691208e+01 -3.363865214524991387e+01 -4.435116439850726522e+01 2.499066524296093217e+00 -1.362821385185943335e+01 -3.054579029035018323e+01 -1.509360692457969044e+01 -3.408331603430769974e+01 4.845237437707602624e+00 1.511392517343992381e+01 -2.174431204771610027e+01 -4.376933648313953995e+01 -5.770972579393242796e+01 4.428183250707886032e+01 3.961050617209185276e+01 7.823950089725352441e+00 2.654602705413384456e+01 4.767425356975646622e+00 -5.062942359805903436e+01 -4.406892849809113244e+01 -2.807865586917204581e+01 7.015643198001914982e+01 7.175289334217721660e+01 3.558172460630521527e+01 3.464201398113952024e+01 1.120349775199714060e+01 -5.621097764825899290e+00 2.525493480369771859e+01 2.025665174738094265e+01 -2.388614914591797600e+01 -7.824916424034977780e+00 -5.601992011027372342e+01 2.385474088334186504e+01 -3.429085759871769312e+01 -1.733964591579818659e+01 -2.797708737130169254e+01 -2.492395333603951357e+01 -4.310554069368733821e+01 7.248417897027844958e+01 -4.603425786270808118e+01 -5.802992935119083739e+01 3.459176131606312055e+01 -2.445602991436228990e+01 -3.018062809704280625e+01 6.543834467314502135e-01 -2.417777328162381423e+01 -6.018250289100637218e+01 -2.778195237763411640e+01 1.003187361974958947e+01 1.965703313307138700e+01 3.093724260481073074e+01 -1.386877636649116674e+01 2.461517224451296215e+01 -9.138317997641597357e-01 -3.687500984893476996e+00 2.953542098352209067e+01 -1.540399973584909965e+01 8.487256189751433055e+01 -1.299698632858325631e+01 -5.788065067573490552e+01 8.721701720912601985e+00 -5.349537657801650425e+01 1.562824096814893871e+01 5.614126289118954105e+01 2.542813730804406092e+01 -4.990195488934807244e+00 -6.295959211588107962e+01 -3.055420808742450944e+01 -2.163045893306006917e+01 2.597730357666803869e+01 -5.196692309210496319e+01 -4.465963541238962620e+01 -1.975018758048394885e+00 1.968034935930537443e+01 3.658862999072634015e+00 7.347565990343416331e+01 -1.468432433312388063e+01 -7.628385682733919282e+01 3.832349642718179439e+01 1.075665998517725619e+01 4.549715812827272288e+01 -2.359443213333984701e+01 -3.982029909274579182e+01 3.671410248841791901e+00 1.390121016940788223e+01
1.518825653045953317e+01 1.929397346289753301e+01 8.179996094467252732e+00 3.535212307046966096e+00 6.552311779112332424e+00 2.872841148425994362e+00 2.695499226431865125e+00 5.627456629065586746e+00 1.954240555545853297e+01 -1.611635836722299153e+00 1.334056533993881244e+00 -1.705442955090816426e+01 1.059256299907678134e+01 -2.602734208993803033e+00 -1.469085616017813756e+01 -3.771596399439809399e+00 -1.389537003015709260e+01 3.331200169862217120e+00 -2.425477396529831242e-01 2.605786337584820700e+00 -5.789795941451837180e+00 -1.486296688955392220e+01 -1.403566963902048670e+01 4.471764033006229710e-01 9.810116264758265814e+00 -5.895857418411746487e+00 -2.682491411163327566e+00 7.755981807071645306e+00 1.281376698954785454e+01 -1.549097546561594152e+00 -3.471093461376826728e+00 8.407950067120927073e+00 9.037792692431932673e-02 3.461083456994333396e+00 -1.093877051267710776e+01 1.673435270401432007e+01 1.655643712361386477e+01 7.800964460119553578e+00 -2.306891911354183033e+00 -1.334758729094585039e+00 3.240927986227528645e+00 1.141992505053470275e+01 -3.746602416670035574e+00 3.508140786549795109e+00 -5.806217551970602742e+00 5.823887067486909430e+00 3.409657881389866585e+00 3.783178279696980617e+00 2.051870213466914095e+01 9.617345007181807404e+00 -5.875146861251014929e-01 -7.115231375928780189e+00 9.700106688010270872e+00 -3.769553732985976957e+00 8.174317775245938833e+00 7.269755929055844668e+00 1.022850108454082552e+01 2.744329564504379260e+00 -8.904773080959499154e+00 -5.936407650020393945e+00 -3.047809078181733966e+00 -1.914331345857572231e+01 -9.508383180531495782e+00 1.328510187308071799e+01 -3.381621884100061703e-01 -1.477287334773855321e+00 1.862529662593141921e+01 -2.060985597636128652e+00 5.511469429514118445e+00 -6.354248307435596210e+00 7.837285490818898914e+00 -4.015803345327618956e+00 -1.465319551732931769e-01 -3.638616868726805564e-01 -3.991506959207186789e+00 5.446998860428465816e-01 -5.142693119960028092e+00 -4.247301113834543784e+00 -9.954586780269256252e+00 -1.782231727492564843e+01 -5.488171307052592596e+00 -2.563981460071406815e+00 9.921333828388078757e+00 -1.262570251901078500e+01 1.222281102502733807e+00 5.981651639765740214e+00 -1.362887617183550759e+01 -4.363813663299030310e+00 -1.667123338411640532e+01 7.613134783218714619e-01 3.435782740728171358e+00 3.356906677368003855e+00 4.251052457292519016e+00 1.777506717251231905e+01 -5.958301575009664397e+00 5.242056069383854044e+00 5.939225181943476706e+00 -4.141587373148771789e+00 -1.170596453043946550e+00 5.019013682612885496e+00
3.445274768489139383e+00 1.607955238752876070e+01 -1.303180455778511826e+00 1.240208972587652614e+00 1.047644159571071487e+00 1.286375063823116527e+01 -7.353690657710559186e+00 7.442717951936527854e+00 -1.252198002611116578e+01 1.319706040579837136e+01 3.255913524653581081e+00 -2.995410410791258915e+00 1.035231077210364070e+01 -9.027823928917827701e+00 1.679602797456873731e+01 -1.078629349732320009e+01 -1.831533724141667152e+00 -4.398011160026399580e+00 3.687876323917608445e+00 -5.461741293615765436e+00 -3.095499470996304847e+00 1.527675293198949680e+00 3.984548489482933054e+00 6.277229544900939651e+00 -1.063166330272255955e+01 -7.497320249116355306e+00 4.835156294904338625e-01 4.009241460729358053e+00 1.632347472709845704e+01 -9.219030761153430120e+00 1.052503178486563762e+01 3.067707631276663793e+00 1.537601192478287082e+01 1.621374440669213968e+01 8.346251605154058950e+00 -3.561230184405818289e+00 1.274716777890431807e+01 -7.415075977946654184e+00 6.908718528845414042e+00 5.287800500007896254e+00 -9.465518611071292554e+00 -5.980150973176956875e+00 1.592187523879217359e+01 -6.628797354566104971e+00 2.737299500808765274e-01 4.964359949804756589e+00 -9.411002074327052824e+00 1.435000225128503892e+00 8.131944567310057437e+00 -1.132974122031244768e+01 1.475165136276939393e+01 -8.474472145914626608e-01 -9.298034569606198119e+00 -4.287999676161724949e+00 7.538222641442172689e-01 -8.611635315216904729e+00 2.728835071434290604e+00 7.377159174372220463e+00 5.868319650975100110e+00 -3.921999486747873132e+00 -1.183794503252078378e+01 5.383203716349230561e+00 4.491070456646711895e-01 -1.113132673589510802e+01 -1.005698491421337337e+01 6.644830263415046900e+00 1.150741024323169981e+01 9.467744530342194764e+00 -1.392167352366084465e+01 2.410019344886450199e+00 2.731571161119209279e+00 -8.131339913178660339e+00 3.264466259374319002e+00 -8.230370079695973118e+00 4.145404202985778497e+00 1.347552977919066031e+00 -2.048430706857691241e+00 -4.673915371459667512e+00 6.726059494621186907e+00 3.669933285951990420e+00 -3.420786997012017938e+00 -2.660530187630792298e+00 9.295394730223078383e+00 4.486197906405431368e+00 -2.749346750532823958e+00 -6.247390559800022558e+00 5.255242898438604371e+00 -5.133799754281782590e+00 1.625475190933392433e+00 -2.676666553499164714e+00 -2.387192692187824150e+01 -5.616773456040705881e+00 -9.996764597051129853e-01 -9.517040247136285824e-01 1.322794165022771473e+01 -8.999466065691693828e+00 1.120859647540057580e+01 1.983652747410663153e+01 9.788428566264208541e+00 -3.439157394389228628e+00
8.426814146743925704e+00 -8.414298833034148828e+00 -8.886458785029196505e-01 1.252099817316430297e+01 3.821697575938567848e+00 -1.766407381627587148e+00 -2.198103137125958995e+01 -6.389838755562229800e+00 3.939750072300212680e-01 1.265097173850839063e+01 -7.643647821201942527e+00 1.346109667772087848e+00 -3.334940451666905226e+00 -1.222613898129176846e+01 -4.388087693166196956e+00 6.694045070979218082e+00 -7.709827506638068151e+00 -1.016509388294527128e+01 5.727923447294324122e-01 -3.123618287495887547e+00 -7.000931799992954119e+00 -3.459414905122686790e+00 -7.811753454296654020e+00 1.110502640517974982e+00 3.464030052657395053e+00 -4.983672200946304365e+00 -1.003172889979958704e+01 -1.322680680038975254e+01 1.014921801786936761e+01 9.078521339755907249e+00 1.793213866410826363e+00 6.084411971426267662e+00 1.092667300448454615e+00 -1.160404562245751414e+01 -1.010039745726662197e+01 -6.435509227789292019e+00 1.607957390935277786e+01 1.644545899714267989e+01 8.155043690266841949e+00 7.939729465345826576e+00 2.567792919705313981e+00 -1.288330332973988579e+00 5.788308523137277284e+00 4.642704446016493236e+00 -5.474612943598832437e+00 -1.793439440445092181e+00 -1.283951764529832218e+01 5.467369192768873454e+00 -7.859323000723829722e+00 -3.974168038272170023e+00 -6.412222233998711829e+00 -5.712461023620742928e+00 -9.879612678277590376e+00 1.661306604296639122e+01 -1.055085320468363719e+01 -1.330018857099911322e+01 7.928233060580454961e+00 -5.605207710855060199e+00 -6.917271792749270176e+00 1.498568493517049294e-01 -5.541432443044289613e+00 -1.379358092590449125e+01 -6.367492492409033034e+00 2.299258737665695662e+00 4.505296818209871823e+00 7.090782740174832455e+00 -3.178676438065342502e+00 5.641678753004677915e+00 -2.094466175693698307e-01 -8.451828066160911312e-01 6.769195711004840632e+00 -3.530542821383317431e+00 1.945243586543026026e+01 -2.978851084859225118e+00 -1.326597511715815969e+01 1.998958177301035422e+00 -1.226088873567702464e+01 3.581872674034558557e+00 1.286733562199141190e+01 5.828000290857951349e+00 -1.143644602773818297e+00 -1.443003610667296499e+01 -7.002873963101655441e+00 -4.957642581446064511e+00 5.953841873101222149e+00 -1.191059356938148639e+01 -1.023576139926941764e+01 -4.526822966526986569e-01 4.510654081850677066e+00 8.385936109484094514e-01 1.684033662717010671e+01 -3.365466810245315799e+00 -1.748392593476203771e+01 8.783583622374278477e+00 2.465378851812949801e+00 1.042773668528222153e+01 -5.407737915672037765e+00 -9.126648311949116632e+00 8.414887513216655623e-01 3.186087708584140810e+00
1.764018407396225063e+00 2.240876244713116971e+00 9.500499842545975238e-01 4.105925894822898270e-01 7.610054001390581524e-01 3.336605862655165344e-01 3.130657182871245392e-01 6.535896842968197396e-01 2.269728281521584012e+00 -1.871813699468739822e-01 1.549415122828634583e-01 -1.980763417797557047e+00 1.230255931377888912e+00 -3.022893481602619836e-01 -1.706251323191354752e+00 -4.380419325674162478e-01 -1.613855753757432288e+00 3.868981012109730111e-01 -2.816755416678716831e-02 3.026898843001535888e-01 -6.724476194762533110e-01 -1.726235308412382485e+00 -1.630149340957500304e+00 5.193474965810529476e-02 1.139382766829586169e+00 -6.847582819001214460e-01 -3.115560264937739521e-01 9.008070304318980259e-01 1.488239961663364808e+00 -1.799168226278534954e-01 -4.031392563283385244e-01 9.765068185629534048e-01 1.049607109022298625e-02 4.019828469547867544e-01 -1.270469733663639911e+00 1.943588473794257698e+00 1.922928442800031279e+00 9.060330567890847453e-01 -2.679139218811795731e-01 -1.550277524135940665e-01 3.764116411905677473e-01 1.326348573702076816e+00 -4.351434552127328992e-01 4.074465279452264554e-01 -6.743635846742181972e-01 6.764037863808366469e-01 3.960125225308442354e-01 4.393939816561117095e-01 2.383119502027794212e+00 1.116992340442100273e+00 -6.823500570533540255e-02 -8.263799187611124974e-01 1.126602790283561140e+00 -4.378089063708954232e-01 9.493924911307244363e-01 8.443326421116210678e-01 1.187966683360325737e+00 3.187398962460349927e-01 -1.034234466772900873e+00 -6.894605038447177980e-01 -3.539825344142030761e-01 -2.223375951030363229e+00 -1.104331544026026846e+00 1.542977812377893887e+00 -3.927370535860188333e-02 -1.715859660028185851e-01 2.163212050346252191e+00 -2.393691596359450169e-01 6.401223938959296200e-01 -7.380022385560429665e-01 9.102724381508301432e-01 -4.664096655280461912e-01 -1.701841261235474342e-02 -4.226115347147669371e-02 -4.635880928636104681e-01 6.326403997936344559e-02 -5.972873382308847567e-01 -4.932933488807680900e-01 -1.156161567705158211e+00 -2.069948242283919271e+00 -6.374136232385125833e-01 -2.977911677731902573e-01 1.152296644058786956e+00 -1.466393755415235312e+00 1.419624921811970530e-01 6.947290724129565609e-01 -1.582906015198856764e+00 -5.068344523345834629e-01 -1.936260132450290383e+00 8.842198690470673417e-02 3.990454332587001773e-01 3.898327934881328782e-01 4.937324660751489791e-01 2.064461503243746332e+00 -6.920139602712818139e-01 6.088308854198170028e-01 6.898023358089188095e-01 -4.810189853199350885e-01 -1.359597785242300516e-01 5.829221568070362958e-01
4.001457883040053232e-01 1.867540321792559466e+00 -1.513564680494717263e-01 1.440426761932429578e-01 1.216782439925045006e-01 1.494039915091193160e+00 -8.540850639275366918e-01 8.644249348133875577e-01 -1.454349959280459403e+00 1.532754774449641255e+00 3.781529875629542903e-01 -3.478957436969252193e-01 1.202353800647139037e+00 -1.048521500192782341e+00 1.950753919412456572e+00 -1.252755568364755545e+00 -2.127170781281579603e-01 -5.108020833278090755e-01 4.283230180408609256e-01 -6.343551706515659916e-01 -3.595164568462712040e-01 1.774313901171519769e-01 4.627812803491710425e-01 7.290557495593131820e-01 -1.234798716509085237e+00 -8.707619010439281437e-01 5.615549152090559132e-02 4.656461861649582867e-01 1.895870178531027017e+00 -1.070730981748757138e+00 1.222413145802703660e+00 3.562783955824159743e-01 1.785822227339415313e+00 1.883124160688566251e+00 9.693598876273261666e-01 -4.136147429556552013e-01 1.480505432393719678e+00 -8.612145005826273847e-01 8.023939188084205920e-01 6.141630227868772884e-01 -1.099354093789157272e+00 -6.945565116783155579e-01 1.849222355547677221e+00 -7.698899799101902586e-01 3.178255983842013382e-02 5.765782102499398265e-01 -1.093024186217607774e+00 1.666650066219207693e-01 9.444760353528141028e-01 -1.315875295792561017e+00 1.713309463941845134e+00 -9.841932916747567206e-02 -1.079906041196693423e+00 -4.980237947147933553e-01 8.755212203514736724e-02 -1.000183632158929248e+00 3.169366962642775065e-01 8.568085250836114941e-01 6.815642054061578081e-01 -4.555128823332330601e-01 -1.374895406797837838e+00 6.252257875101728812e-01 5.216010976257813569e-02 -1.292832089049096078e+00 -1.168050003292484984e+00 7.717490422358819213e-01 1.336514122694408613e+00 1.099612551819672213e+00 -1.616909953204881623e+00 2.799055471851893961e-01 3.172649512549466921e-01 -9.443966379587834803e-01 3.791473609534625200e-01 -9.558991474720456294e-01 4.814595474458599478e-01 1.565111306709738304e-01 -2.379108038118316615e-01 -5.428438033703409937e-01 7.811899621572624408e-01 4.262363547063133251e-01 -3.973119185875580994e-01 -3.090026098207447336e-01 1.079601004949190202e+00 5.210401392825332323e-01 -3.193181384012434010e-01 -7.255969630393959147e-01 6.103614716726933898e-01 -5.962467699435907154e-01 1.887918546402833908e-01 -3.108769851643560789e-01 -2.772578739902708200e+00 -6.523412476402072890e-01 -1.161070615566804631e-01 -1.105332607127238326e-01 1.536338677975396916e+00 -1.045229391898720550e+00 1.301802813268036596e+00 2.303888393434922577e+00 1.136861497161806511e+00 -3.994347175816989060e-01
9.787206072433312087e-01 -9.772686458462979120e-01 -1.032089332266210302e-01 1.454230502365221334e+00 4.438683264371563464e-01 -2.051575000605080634e-01 -2.552959243378661647e+00 -7.421357337224067097e-01 4.575767282259279867e-02 1.469328729725976279e+00 -8.877585777429310987e-01 1.563410041845466891e-01 -3.873350140515062767e-01 -1.419986710366155647e+00 -5.096496321470470603e-01 7.774690663922674272e-01 -8.954463307406532735e-01 -1.180610557079466050e+00 6.652868113608916001e-02 -3.628016162454590354e-01 -8.131089343221513666e-01 -4.017926822916030316e-01 -9.072859782426109243e-01 1.289770813439016506e-01 4.023225857086475399e-01 -5.788172843619336927e-01 -1.165119226868748026e+00 -1.536207259150139004e+00 1.178768833167086250e+00 1.054407083343052109e+00 2.082700944388329312e-01 7.066916188959118106e-01 1.269054522164637377e-01 -1.347735887334303717e+00 -1.173095134432081688e+00 -7.474436953213544621e-01 1.867543200509742762e+00 1.910035930549616623e+00 9.471366271782305502e-01 9.221385536216580858e-01 2.982327016857979629e-01 -1.496311982851565858e-01 6.722731135260766600e-01 5.392156985414841008e-01 -6.358429208875865379e-01 -2.082968939443316791e-01 -1.491227123859455439e+00 6.349949892626428616e-01 -9.128111583536225870e-01 -4.615736755682759429e-01 -7.447378962835156102e-01 -6.634656737293533890e-01 -1.147455258006751411e+00 1.929502351348655553e+00 -1.225414270018086560e+00 -1.544728983171326675e+00 9.208064424308771700e-01 -6.510078178156829543e-01 -8.033972846968843173e-01 1.738658003092186100e-02 -6.436007202491380585e-01 -1.602038018891757343e+00 -7.395419945872483414e-01 2.670437318446984842e-01 5.232599601716807491e-01 8.235638754142412532e-01 -3.691848544999203341e-01 6.552431550688951889e-01 -2.432593401989749729e-02 -9.816603542005872263e-02 7.861702282300125910e-01 -4.100518623447425015e-01 2.259277906204089525e+00 -3.459742386854854357e-01 -1.540755393142776652e+00 2.321635651978826154e-01 -1.424020952536327211e+00 4.160039249421909613e-01 1.494458992054801039e+00 6.768822525597545381e-01 -1.328143095709417298e-01 -1.675952113714513025e+00 -8.133363872878288658e-01 -5.758036462389132248e-01 6.914942895031587211e-01 -1.383339304486804533e+00 -1.188813341125568579e+00 -5.257858296346282212e-02 5.238841205634615639e-01 9.739700382065374917e-02 1.955902402594056788e+00 -3.908603292685612351e-01 -2.030645722607349324e+00 1.020157722023754099e+00 2.863378467526100923e-01 1.211112787307939476e+00 -6.280736500851822335e-01 -1.060003080033250722e+00 9.773609589872457593e-02 3.700423387862297187e-01
