# 
#                 ----------------------------------------------------
#                 Data from a 3D direct N-body simulation. 
# 
#                 rows are i-particle; 
#                 coumns are :mass, tag, x ,y, z, vx, vy, vz, ax, ay, az
# 
#                 NTHU, Computational Physics Lab
# 
#                 ----------------------------------------------------
#                 Time = 3.699999999999965
1.000000000000000000e+00 2.000000000000000000e+00 3.000000000000000000e+00 4.000000000000000000e+00 5.000000000000000000e+00 6.000000000000000000e+00 7.000000000000000000e+00 8.000000000000000000e+00 9.000000000000000000e+00 1.000000000000000000e+01 1.100000000000000000e+01 1.200000000000000000e+01 1.300000000000000000e+01 1.400000000000000000e+01 1.500000000000000000e+01 1.600000000000000000e+01 1.700000000000000000e+01 1.800000000000000000e+01 1.900000000000000000e+01 2.000000000000000000e+01 2.100000000000000000e+01 2.200000000000000000e+01 2.300000000000000000e+01 2.400000000000000000e+01 2.500000000000000000e+01 2.600000000000000000e+01 2.700000000000000000e+01 2.800000000000000000e+01 2.900000000000000000e+01 3.000000000000000000e+01 3.100000000000000000e+01 3.200000000000000000e+01 3.300000000000000000e+01 3.400000000000000000e+01 3.500000000000000000e+01 3.600000000000000000e+01 3.700000000000000000e+01 3.800000000000000000e+01 3.900000000000000000e+01 4.000000000000000000e+01 4.100000000000000000e+01 4.200000000000000000e+01 4.300000000000000000e+01 4.400000000000000000e+01 4.500000000000000000e+01 4.600000000000000000e+01 4.700000000000000000e+01 4.800000000000000000e+01 4.900000000000000000e+01 5.000000000000000000e+01 5.100000000000000000e+01 5.200000000000000000e+01 5.300000000000000000e+01 5.400000000000000000e+01 5.500000000000000000e+01 5.600000000000000000e+01 5.700000000000000000e+01 5.800000000000000000e+01 5.900000000000000000e+01 6.000000000000000000e+01 6.100000000000000000e+01 6.200000000000000000e+01 6.300000000000000000e+01 6.400000000000000000e+01 6.500000000000000000e+01 6.600000000000000000e+01 6.700000000000000000e+01 6.800000000000000000e+01 6.900000000000000000e+01 7.000000000000000000e+01 7.100000000000000000e+01 7.200000000000000000e+01 7.300000000000000000e+01 7.400000000000000000e+01 7.500000000000000000e+01 7.600000000000000000e+01 7.700000000000000000e+01 7.800000000000000000e+01 7.900000000000000000e+01 8.000000000000000000e+01 8.100000000000000000e+01 8.200000000000000000e+01 8.300000000000000000e+01 8.400000000000000000e+01 8.500000000000000000e+01 8.600000000000000000e+01 8.700000000000000000e+01 8.800000000000000000e+01 8.900000000000000000e+01 9.000000000000000000e+01 9.100000000000000000e+01 9.200000000000000000e+01 9.300000000000000000e+01 9.400000000000000000e+01 9.500000000000000000e+01 9.600000000000000000e+01 9.700000000000000000e+01 9.800000000000000000e+01 9.900000000000000000e+01 1.000000000000000000e+02
2.000000000000000111e-01 2.000000000000000111e-01 2.000000000000000111e-01 2.000000000000000111e-01 2.000000000000000111e-01 2.000000000000000111e-01 2.000000000000000111e-01 2.000000000000000111e-01 2.000000000000000111e-01 2.000000000000000111e-01 2.000000000000000111e-01 2.000000000000000111e-01 2.000000000000000111e-01 2.000000000000000111e-01 2.000000000000000111e-01 2.000000000000000111e-01 2.000000000000000111e-01 2.000000000000000111e-01 2.000000000000000111e-01 2.000000000000000111e-01 2.000000000000000111e-01 2.000000000000000111e-01 2.000000000000000111e-01 2.000000000000000111e-01 2.000000000000000111e-01 2.000000000000000111e-01 2.000000000000000111e-01 2.000000000000000111e-01 2.000000000000000111e-01 2.000000000000000111e-01 2.000000000000000111e-01 2.000000000000000111e-01 2.000000000000000111e-01 2.000000000000000111e-01 2.000000000000000111e-01 2.000000000000000111e-01 2.000000000000000111e-01 2.000000000000000111e-01 2.000000000000000111e-01 2.000000000000000111e-01 2.000000000000000111e-01 2.000000000000000111e-01 2.000000000000000111e-01 2.000000000000000111e-01 2.000000000000000111e-01 2.000000000000000111e-01 2.000000000000000111e-01 2.000000000000000111e-01 2.000000000000000111e-01 2.000000000000000111e-01 2.000000000000000111e-01 2.000000000000000111e-01 2.000000000000000111e-01 2.000000000000000111e-01 2.000000000000000111e-01 2.000000000000000111e-01 2.000000000000000111e-01 2.000000000000000111e-01 2.000000000000000111e-01 2.000000000000000111e-01 2.000000000000000111e-01 2.000000000000000111e-01 2.000000000000000111e-01 2.000000000000000111e-01 2.000000000000000111e-01 2.000000000000000111e-01 2.000000000000000111e-01 2.000000000000000111e-01 2.000000000000000111e-01 2.000000000000000111e-01 2.000000000000000111e-01 2.000000000000000111e-01 2.000000000000000111e-01 2.000000000000000111e-01 2.000000000000000111e-01 2.000000000000000111e-01 2.000000000000000111e-01 2.000000000000000111e-01 2.000000000000000111e-01 2.000000000000000111e-01 2.000000000000000111e-01 2.000000000000000111e-01 2.000000000000000111e-01 2.000000000000000111e-01 2.000000000000000111e-01 2.000000000000000111e-01 2.000000000000000111e-01 2.000000000000000111e-01 2.000000000000000111e-01 2.000000000000000111e-01 2.000000000000000111e-01 2.000000000000000111e-01 2.000000000000000111e-01 2.000000000000000111e-01 2.000000000000000111e-01 2.000000000000000111e-01 2.000000000000000111e-01 2.000000000000000111e-01 2.000000000000000111e-01 2.000000000000000111e-01
2.044881777616869556e+01 2.597646347097334996e+01 1.101328533878816529e+01 4.759649581030989118e+00 8.821829997768293907e+00 3.867902592229737646e+00 3.629086795367980844e+00 7.576638699152281831e+00 2.631098084737822163e+01 -2.169832475003699468e+00 1.796129518011262638e+00 -2.296133080179489738e+01 1.426142191871507769e+01 -3.504243353972239294e+00 -1.977907751174751283e+01 -5.078021631517239065e+00 -1.870817962173325810e+01 4.484971694268544695e+00 -3.266183677574895916e-01 3.507328832290260934e+00 -7.795132678554256955e+00 -2.001092400389604364e+01 -1.889710217954101168e+01 6.021018009402766547e-01 1.320790247500145398e+01 -7.938100610141155755e+00 -3.611549539590269031e+00 1.044233095894120389e+01 1.725183429385378631e+01 -2.085658681315175844e+00 -4.673463852557668829e+00 1.132060542030717265e+01 1.216975376029145323e-01 4.659849076747256902e+00 -1.472745131265060081e+01 2.253039471569339014e+01 2.229077398922981246e+01 1.050285850208196159e+01 -3.106273169615229701e+00 -1.796970678785869024e+00 4.363475960084718608e+00 1.537534993672940153e+01 -5.044272576869532010e+00 4.723243454927123608e+00 -7.817048405387461152e+00 7.841104922729418725e+00 4.590557893996787264e+00 5.093461666470274096e+00 2.762541035296122516e+01 1.294839207951284443e+01 -7.910279728267652910e-01 -9.579831538254932610e+00 1.305985864880767799e+01 -5.075177625332851328e+00 1.100559561714444357e+01 9.787750170555641560e+00 1.377139354796588400e+01 3.694766484592151290e+00 -1.198895395977972811e+01 -7.992860972418531773e+00 -4.103459733451916058e+00 -2.577366808869534509e+01 -1.280181474810344611e+01 1.788652327478133230e+01 -4.553240298311216905e-01 -1.988766487950953454e+00 2.507622293966833027e+01 -2.774846626162008167e+00 7.420392199141787160e+00 -8.555151625700078810e+00 1.055129417490765142e+01 -5.406707566482413796e+00 -1.972917459143277985e-01 -4.898664953600328498e-01 -5.373989347493488111e+00 7.333461605998159438e-01 -6.923977873207942224e+00 -5.718459577497226221e+00 -1.340242298708800028e+01 -2.399519084682808767e+01 -7.389087914507425303e+00 -3.452008164326267892e+00 1.335771511457453897e+01 -1.699871529321363894e+01 1.645573580328641761e+00 8.053469098827177319e+00 -1.834934340500437600e+01 -5.875128579827873843e+00 -2.244535654303539829e+01 1.024992766167141856e+00 4.625760749262463278e+00 4.520714727031309721e+00 5.723434040550384516e+00 2.393155181478850224e+01 -8.022101731978922956e+00 7.057685132497287128e+00 7.996329595880316887e+00 -5.576050814515655318e+00 -1.575984777977207818e+00 6.757474744652948395e+00
4.638586772325282936e+00 2.164873958584342262e+01 -1.754536722432030738e+00 1.669755922069020126e+00 1.410478583751494375e+00 1.731924868923368166e+01 -9.900668544406023841e+00 1.002053280067248053e+01 -1.685900311210317426e+01 1.776793431236166754e+01 4.383632430507498512e+00 -4.032935164524980465e+00 1.393792051813105282e+01 -1.215472522043715031e+01 2.261338137054034547e+01 -1.452227273996219026e+01 -2.465983013352454734e+00 -5.921263824033539791e+00 4.965201360821654752e+00 -7.353254093434608230e+00 -4.167779548778491439e+00 2.056758258559576724e+00 5.364590292676651551e+00 8.451484783875047313e+00 -1.431403070233891661e+01 -1.009415249375240009e+01 6.510235010313881743e-01 5.397903159520232919e+00 2.197714963833798052e+01 -1.241211257704768123e+01 1.417048896427641225e+01 4.130589010955943330e+00 2.070166508691567842e+01 2.182944785218216666e+01 1.123711586240339955e+01 -4.794671275127679877e+00 1.716215592574489435e+01 -9.983316753561657819e+00 9.301810597503870071e+00 7.118845862425990489e+00 -1.274408160648890131e+01 -8.051410113012808623e+00 2.143655619121255640e+01 -8.924778596088286164e+00 3.687478062997805450e-01 6.683808204395790042e+00 -1.267064196963213440e+01 1.932046167747914378e+00 1.094843663335671380e+01 -1.525390815592990812e+01 1.986099258984010518e+01 -1.141105028444954872e+00 -1.251849606177394492e+01 -5.773174930591948417e+00 1.014902653775784813e+00 -1.159439192527117690e+01 3.673985804336303396e+00 9.932315770542841094e+00 7.900930166424804391e+00 -5.280460067748001585e+00 -1.593823207399626440e+01 7.247686670466031877e+00 6.046760183525616839e-01 -1.498674110772068424e+01 -1.354038649005218886e+01 8.946432630199348424e+00 1.549303150423256348e+01 1.274708000408951847e+01 -1.874361093145671830e+01 3.244807200706016470e+00 3.677436610701309672e+00 -1.094782667425627309e+01 4.395124579525392150e+00 -1.108113902147629126e+01 5.581250576489650506e+00 1.814253965563785265e+00 -2.757947397653737642e+00 -6.292791338735982620e+00 9.055647829507895707e+00 4.941103597052542540e+00 -4.605389891491191712e+00 -3.582043357663021954e+00 1.251490708084969583e+01 6.040089677012357328e+00 -3.701620938332976785e+00 -8.411159062747501025e+00 7.075461107553759454e+00 -6.912174718055775990e+00 2.188395466719518456e+00 -3.603763324791972256e+00 -3.213996562599975704e+01 -7.562425463706958340e+00 -1.345897867494089795e+00 -1.281356818236945028e+00 1.780957280840298296e+01 -1.211651257064169940e+01 1.509085522776224941e+01 2.670697976327193146e+01 1.317875612532345464e+01 -4.630363446388338744e+00
1.134549505383926871e+01 -1.132860909394467086e+01 -1.196469805941646758e+00 1.685780184993408426e+01 5.145309576566125642e+00 -2.378201133559601832e+00 -2.959423676031566686e+01 -8.603071453296056603e+00 5.304309092947502302e-01 1.703273408585627990e+01 -1.029112450654254829e+01 1.812366291943892760e+00 -4.489951734087416213e+00 -1.646076690915187157e+01 -5.907901161322740791e+00 9.012603436073302277e+00 -1.038019466461384788e+01 -1.368584202259127558e+01 7.711267448853456052e-01 -4.205207458912979313e+00 -9.425850546707136957e+00 -4.657521882122052759e+00 -1.051738770248529242e+01 1.495147972982838303e+00 4.663871656237801311e+00 -6.709896632081337131e+00 -1.350632617513859302e+01 -1.780803628846273057e+01 1.366441945244475065e+01 1.222303980889368979e+01 2.414310187626122151e+00 8.191207471396374729e+00 1.471138997031087081e+00 -1.562317760906828923e+01 -1.359876754091867568e+01 -8.664479430948418326e+00 2.164876012393508731e+01 2.214142715064635780e+01 1.098003083432788074e+01 1.068993428307036453e+01 3.457165183127172803e+00 -1.734554803524550382e+00 7.793169073231479338e+00 6.250840540330458772e+00 -7.370744149092184117e+00 -2.414600526138931169e+00 -1.728658424824836004e+01 7.361138735627053897e+00 -1.058142700132313507e+01 -5.350658612324152408e+00 -8.633152736401234151e+00 -7.691012073343713062e+00 -1.330144878341879888e+01 2.236708744533114768e+01 -1.420520636050727958e+01 -1.790685877809612947e+01 1.067438654001960785e+01 -7.546634691829916974e+00 -9.313104730765335404e+00 2.021687389011182501e-01 -7.460770624557352626e+00 -1.857103685039449914e+01 -8.572948993247290872e+00 3.095632282265087909e+00 6.065767910586020051e+00 9.546391856092727224e+00 -4.279589009407263944e+00 7.595749759644367494e+00 -2.819887237013266601e-01 -1.137840390448679795e+00 9.114385825568492194e+00 -4.753327097121951006e+00 2.618987118948047410e+01 -4.010601350451282521e+00 -1.786079340940431948e+01 2.691369131431078365e+00 -1.650759074158992590e+01 4.822648414549285611e+00 1.732401516831568244e+01 7.846626277998341337e+00 -1.540035840718236404e+00 -1.942806827446011653e+01 -9.428423476634964828e+00 -6.674639246261649284e+00 8.016135332202903641e+00 -1.603590413035200868e+01 -1.378109243600132849e+01 -6.094176735096896724e-01 6.072937330365581587e+00 1.129052200739677714e+00 2.267298504950681348e+01 -4.531498665547893268e+00 -2.353960726394572944e+01 1.182582010930207694e+01 3.319281917590823916e+00 1.403949852605454929e+01 -7.280754680480608698e+00 -1.228769438320856366e+01 1.132886880332925283e+00 4.289640393734077684e+00
8.308584005640236470e+00 1.055455574085745596e+01 4.474800322398747809e+00 1.933901079854365213e+00 3.584390017544491158e+00 1.571564563995304420e+00 1.474542882103007546e+00 3.078456233200651315e+00 1.069046468628071267e+01 -8.816284401469641763e-01 7.297845078584370704e-01 -9.329451504786929306e+00 5.794564113104825331e+00 -1.423805460521662791e+00 -8.036475590588866069e+00 -2.063232160396804904e+00 -7.601331677657027441e+00 1.822297479833703937e+00 -1.326939600766610938e-01 1.425300571111933756e+00 -3.167249947386281850e+00 -8.130648161105856531e+00 -7.678086146456607253e+00 2.446306487031373600e-01 5.366523085621207834e+00 -3.225298995143538683e+00 -1.467422983662116431e+00 4.242833966461609485e+00 7.009630873806810492e+00 -8.474217645780819375e-01 -1.898849544077651608e+00 4.599570590846096430e+00 4.944316401812009348e-02 1.893350212555568568e+00 -5.983938220389299012e+00 9.154356946847444831e+00 9.057015902130286733e+00 4.267435287059945459e+00 -1.262025671819602346e+00 -7.301508789128147159e-01 1.772922284337893784e+00 6.247164803717896397e+00 -2.049542722392606375e+00 1.919098995575675648e+00 -3.176200243910824561e+00 3.185911660667130274e+00 1.865209169592506155e+00 2.069541800832927603e+00 1.122453552871345650e+01 5.261074360136604788e+00 -3.213980207501451192e-01 -3.892348420155472777e+00 5.306355087380848268e+00 -2.062098756600229343e+00 4.471686445784344599e+00 3.976857966890628759e+00 5.595429650193568527e+00 1.501244234837122660e+00 -4.871258478992281482e+00 -3.247509746928308072e+00 -1.667276947257577024e+00 -1.047214665969063141e+01 -5.201489035346647860e+00 7.267487607082761869e+00 -1.849945398815569797e-01 -8.081029300298386842e-01 1.018876911133232710e+01 -1.127445657798112677e+00 3.014991895286506018e+00 -3.476038955321324675e+00 4.287225027442453928e+00 -2.196805445517222122e+00 -8.016010258795444599e-02 -1.990432751314809290e-01 -2.183513226118297457e+00 2.979701744557411991e-01 -2.813271877726768011e+00 -2.323456477778962359e+00 -5.445556213774863430e+00 -9.749518332248106489e+00 -3.002257669676798191e+00 -1.402595912079156015e+00 5.427376159247350174e+00 -6.906766209958303371e+00 6.686275853373204736e-01 3.272207822110510200e+00 -7.455542010315837409e+00 -2.387159692971526859e+00 -9.119818441062948366e+00 4.164677272334068037e-01 1.879505531234413773e+00 1.836553077801144074e+00 2.325495637680204730e+00 9.723666629842282916e+00 -3.259446351646023476e+00 2.867615335434453794e+00 3.248995729038748781e+00 -2.265613154029658904e+00 -6.403535356127293410e-01 2.745616587408763909e+00
1.884705946439998892e+00 8.796144749393205231e+00 -7.128902143376975031e-01 6.784425160276886801e-01 5.730990780799661843e-01 7.036994120204989045e+00 -4.022758676894071073e+00 4.071460461940769271e+00 -6.850014844127082725e+00 7.219316255454702791e+00 1.781116666458702147e+00 -1.638616654600248301e+00 5.663130384693519481e+00 -4.938589395821916028e+00 9.188087223153340588e+00 -5.900545917745190216e+00 -1.001936616257947943e+00 -2.405882968861765114e+00 2.017416361651457546e+00 -2.987756856672456163e+00 -1.693384493075140496e+00 8.356929855818292507e-01 2.179701475090220164e+00 3.433911366469518889e+00 -5.815947720584379255e+00 -4.101348070737922846e+00 2.645089989062808233e-01 2.193220982188092805e+00 8.929580618864218167e+00 -5.043179463096049808e+00 5.757619823843521445e+00 1.678219970155934160e+00 8.411304191439402445e+00 8.869559604555488974e+00 4.565747244864986065e+00 -1.948132594982078913e+00 6.973196389619483071e+00 -4.056339183136395299e+00 3.779380887953252444e+00 2.892566529393714614e+00 -5.178036632561609842e+00 -3.271380331549580411e+00 8.709907154939619645e+00 -3.626225867042314643e+00 1.497769244852204806e-01 2.715704656463408639e+00 -5.148206938659869003e+00 7.850065151962396515e-01 4.448487954592009075e+00 -6.197826870294099066e+00 8.069743732183464857e+00 -4.636111098096383776e-01 -5.086400456654124547e+00 -2.345706689066074713e+00 4.123690073293999614e-01 -4.710918461918534916e+00 1.492781827739009248e+00 4.035605447591002815e+00 3.210218592507548152e+00 -2.145498819302820603e+00 -6.475851734008810645e+00 2.944823022244188238e+00 2.456825097407663583e-01 -6.089281050342466806e+00 -5.501588958143696750e+00 3.635008097227900414e+00 6.295004864886445617e+00 5.179254557891890265e+00 -7.615723706635145973e+00 1.318387297675126746e+00 1.494238874557283436e+00 -4.448191949003846624e+00 1.785791456790797094e+00 -4.502362410166708351e+00 2.267711492434773213e+00 7.371596680433473159e-01 -1.120578335042350826e+00 -2.556824155055823056e+00 3.679418465699078045e+00 2.007611017147100885e+00 -1.871271386502237233e+00 -1.455419784657673521e+00 5.084950429552665518e+00 2.454140826717980950e+00 -1.504005787874504341e+00 -3.417562395077859527e+00 2.874832770490622025e+00 -2.808435891351937830e+00 8.891872455448064372e-01 -1.464246112136190492e+00 -1.305886953231155267e+01 -3.072641118751275879e+00 -5.468589873510467658e-01 -5.206241475258117646e-01 7.236219973877196843e+00 -4.923070917390931278e+00 6.131564562066927238e+00 1.085136212592439975e+01 5.354668079753819754e+00 -1.881361685475783529e+00
4.609803401668242984e+00 -4.602950913989896975e+00 -4.861308238054775632e-01 6.849498281353197271e+00 2.090611213494444343e+00 -9.662931148284014116e-01 -1.202448965911005807e+01 -3.495508758871523902e+00 2.155200649096893906e-01 6.920589041139320052e+00 -4.181388778800189776e+00 7.363795787334935783e-01 -1.824334074680180606e+00 -6.688190133686166661e+00 -2.400454072504610625e+00 3.661915250399979449e+00 -4.217586378025291793e+00 -5.560712241374397458e+00 3.133307369311060797e-01 -1.708693312811835785e+00 -3.829806146092046948e+00 -1.892423698960996159e+00 -4.273337870632763824e+00 6.074918968420773835e-01 1.894971555138803776e+00 -2.726284089462006843e+00 -5.487763251146933641e+00 -7.235597699739013677e+00 5.552019335665323574e+00 4.966332746510246032e+00 9.809603921216247802e-01 3.328317246693489828e+00 5.977358927970933822e-01 -6.347875159318143723e+00 -5.525325819885481771e+00 -3.520478574978900266e+00 8.796155085609161262e+00 8.996318238634945175e+00 4.461208338250283845e+00 4.343387627662817607e+00 1.404685264510679543e+00 -7.047685871813148539e-01 3.166442911013362504e+00 2.539762495318519608e+00 -2.994825484015430028e+00 -9.810815137034633038e-01 -7.023731201496357102e+00 2.990887944166276569e+00 -4.299359243147105936e+00 -2.174030466540576079e+00 -3.507744071442886025e+00 -3.124944622384154158e+00 -5.404536881622273192e+00 9.088006228601059888e+00 -5.771737090845475926e+00 -7.275744623259849497e+00 4.337086798705616530e+00 -3.066276835938912537e+00 -3.784022113987189240e+00 8.204717538978069380e-02 -3.031389250590666329e+00 -7.545632226397267495e+00 -3.483278258022032503e+00 1.257788028705411287e+00 2.464582611395501388e+00 3.878884927128644300e+00 -1.738855570939733530e+00 3.086230002118432125e+00 -1.145754707611512380e-01 -4.623356077920340867e-01 3.703128380369180572e+00 -1.931340605488931272e+00 1.064125135802747302e+01 -1.629551390558385160e+00 -7.257028181301660830e+00 1.093519894080221766e+00 -6.707206154319620417e+00 1.959456366452457798e+00 7.038944998864641533e+00 3.188158946627988932e+00 -6.256673541736704758e-01 -7.893821742118014129e+00 -3.830861448191164254e+00 -2.712008701201406247e+00 3.257013179797446867e+00 -6.515569747369863052e+00 -5.599388372908983946e+00 -2.476260678514319580e-01 2.467505862091858404e+00 4.587452274948594644e-01 9.212317042250512955e+00 -1.841109490511499969e+00 -9.564406776380053543e+00 4.804968181424078111e+00 1.348661122794347689e+00 5.704396109942199367e+00 -2.958250378707312223e+00 -4.992636023490657493e+00 4.603182187893766208e-01 1.742922293513717857e+00
1.764019008000955679e+00 2.240876544747554711e+00 9.500506644247345145e-01 4.105926941116863627e-01 7.610059722223222467e-01 3.336608294494928795e-01 3.130657533854002694e-01 6.535901960548251566e-01 2.269728747694915505e+00 -1.871814138367755842e-01 1.549416169290747380e-01 -1.980764002681457692e+00 1.230256546362887171e+00 -3.022895853475039418e-01 -1.706251657079574047e+00 -4.380425054691270415e-01 -1.613856498700094289e+00 3.868981789863966125e-01 -2.816781394112582299e-02 3.026859840416452063e-01 -6.724478464316235859e-01 -1.726236145401502275e+00 -1.630150208295509939e+00 5.193493811389959108e-02 1.139383083873358737e+00 -6.847591990351642455e-01 -3.115559646171072727e-01 9.008073747510215723e-01 1.488240178128417579e+00 -1.799169644076511754e-01 -4.031399235540154002e-01 9.765091713175301225e-01 1.049614098971615381e-02 4.019829622773122835e-01 -1.270470003781692725e+00 1.943589052686934160e+00 1.922928683183686704e+00 9.060332620970852346e-01 -2.679155083108002988e-01 -1.550274389106472694e-01 3.764118870267645911e-01 1.326349234208727079e+00 -4.351436338884723254e-01 4.074467988685164799e-01 -6.743630361851110644e-01 6.764043086090855139e-01 3.960124196488359893e-01 4.393939411871056744e-01 2.383119949271246707e+00 1.116992764242429770e+00 -6.823512250409953517e-02 -8.263809572482129218e-01 1.126603376645586962e+00 -4.378091034831800288e-01 9.493929922377153385e-01 8.443331790235190093e-01 1.187967800726482226e+00 3.187396794269683475e-01 -1.034234614933290608e+00 -6.894620853917817760e-01 -3.539827357447892231e-01 -2.223376432401498626e+00 -1.104332460856500830e+00 1.542978463372906450e+00 -3.927386663734353661e-02 -1.715852621185205706e-01 2.163212473272259295e+00 -2.393693369323825759e-01 6.401225555044001148e-01 -7.380027459418002644e-01 9.102707696598297815e-01 -4.664098322178809042e-01 -1.701844802738619947e-02 -4.226108263770414486e-02 -4.635882323464069477e-01 6.326400380068925022e-02 -5.972878467476236963e-01 -4.932938184612239430e-01 -1.156161936930085288e+00 -2.069948893315161964e+00 -6.374140367958053277e-01 -2.977911626140206103e-01 1.152297262074702511e+00 -1.466394296413245923e+00 1.419623270580046004e-01 6.947294276023775472e-01 -1.582906588275026616e+00 -5.068341310337075578e-01 -1.936260480503137149e+00 8.842198866779153732e-02 3.990454494044640699e-01 3.898374466993760334e-01 4.937326308546732823e-01 2.064462058185134286e+00 -6.920145954199290461e-01 6.088311145811192704e-01 6.898026159236946286e-01 -4.810191292508607663e-01 -1.359595999637445707e-01 5.829227147148648980e-01
4.001459904139929025e-01 1.867540634464287752e+00 -1.513564811454614356e-01 1.440426920300695857e-01 1.216781868053638943e-01 1.494040608070512199e+00 -8.540852528463250826e-01 8.644251341160229529e-01 -1.454350237388235989e+00 1.532755206957049809e+00 3.781531562430024418e-01 -3.478960340315972455e-01 1.202354261631339405e+00 -1.048522057030517596e+00 1.950754299460548680e+00 -1.252756272592594255e+00 -2.127174887591230801e-01 -5.108021373406335108e-01 4.283231746503797788e-01 -6.343545765570315353e-01 -3.595171066078926003e-01 1.774312972168918812e-01 4.627812975136249563e-01 7.290563658068285324e-01 -1.234799196154537926e+00 -8.707625247704761096e-01 5.615566587455677466e-02 4.656464738262524605e-01 1.895870514720836564e+00 -1.070731364677830477e+00 1.222413710836164791e+00 3.562799606789044948e-01 1.785823081531685785e+00 1.883124630295184954e+00 9.693605392896892381e-01 -4.136148179494267829e-01 1.480505598014121516e+00 -8.612146985097742791e-01 8.023950265392624237e-01 6.141615391309104277e-01 -1.099354920243317713e+00 -6.945567124976045337e-01 1.849223087735689663e+00 -7.698904417007244039e-01 3.178341032442002362e-02 5.765784333351547941e-01 -1.093024846755513479e+00 1.666651568648669091e-01 9.444760964289810046e-01 -1.315875864123637662e+00 1.713310052499089631e+00 -9.841991754256283753e-02 -1.079906491897483223e+00 -4.980239478970279743e-01 8.755210643038574547e-02 -1.000184193511449049e+00 3.169368009358928262e-01 8.568089159435963165e-01 6.815647418738693952e-01 -4.555132302320116788e-01 -1.374896395869057875e+00 6.252258877356972055e-01 5.216019777476973984e-02 -1.292832528305670303e+00 -1.168050773029241318e+00 7.717497778467518055e-01 1.336514367381564039e+00 1.099613384492641011e+00 -1.616910768884877614e+00 2.799058843736862978e-01 3.172641165490844295e-01 -9.443975161531747986e-01 3.791474383697152062e-01 -9.558999589592394042e-01 4.814599354947013410e-01 1.565110492781802698e-01 -2.379109971776162957e-01 -5.428441161343761090e-01 7.811901062001345153e-01 4.262367508621071610e-01 -3.973112070736390944e-01 -3.090027931675043416e-01 1.079601316171521663e+00 5.210405770907011735e-01 -3.193183202974101409e-01 -7.255969702794951015e-01 6.103617886507377577e-01 -5.962479614710135545e-01 1.887916198549385582e-01 -3.108771477429172481e-01 -2.772578987943470796e+00 -6.523424479839309287e-01 -1.161070062950813747e-01 -1.105333916166554298e-01 1.536339357143595930e+00 -1.045229816168252501e+00 1.301803581664952025e+00 2.303888894325639480e+00 1.136862025632288775e+00 -3.994349708438257873e-01
9.787209147588872282e-01 -9.772688092586754305e-01 -1.032091087731296514e-01 1.454231263417818276e+00 4.438682361358458062e-01 -2.051575135769196090e-01 -2.552959784409040367e+00 -7.421362520645754524e-01 4.575768776652811703e-02 1.469329261342690263e+00 -8.877590585723625916e-01 1.563411451347246073e-01 -3.873348689442995263e-01 -1.419987262987653986e+00 -5.096496772658789531e-01 7.774694431290887220e-01 -8.954466887685230692e-01 -1.180610939782799740e+00 6.652847823644565672e-02 -3.628005327395040780e-01 -8.131095953692994982e-01 -4.017924743791060349e-01 -9.072861973721670914e-01 1.289771845236790948e-01 4.023229229519180161e-01 -5.788178576191024272e-01 -1.165119768626391661e+00 -1.536207903814018616e+00 1.178769023190310516e+00 1.054407873462956280e+00 2.082701809214893840e-01 7.066895069529756102e-01 1.269055697360480794e-01 -1.347736297437117647e+00 -1.173095634758347439e+00 -7.474438920401224040e-01 1.867543479405447293e+00 1.910036444153039081e+00 9.471386720848044005e-01 9.221397601791181398e-01 2.982327984879475924e-01 -1.496312574337960999e-01 6.722734965646912642e-01 5.392162913193370155e-01 -6.358429764918688276e-01 -2.082969268798004758e-01 -1.491227663074571330e+00 6.349956343429029593e-01 -9.128113542077528342e-01 -4.615738689882153967e-01 -7.447381958206260588e-01 -6.634658970714610859e-01 -1.147455495016764804e+00 1.929502876981926462e+00 -1.225414646035223099e+00 -1.544729728540886082e+00 9.208073697877717789e-01 -6.510081323567350475e-01 -8.033975037653577900e-01 1.738822168286082229e-02 -6.436010331955310804e-01 -1.602038366397289693e+00 -7.395423663022091532e-01 2.670438581441780257e-01 5.232602557055848758e-01 8.235628138668694698e-01 -3.691848011094594484e-01 6.552435191329583075e-01 -2.432593739090779458e-02 -9.816575851739778313e-02 7.861730351273781281e-01 -4.100518237896523255e-01 2.259278455586094747e+00 -3.459743720538820400e-01 -1.540756129723502621e+00 2.321638744449045222e-01 -1.424021659629646663e+00 4.160047412559695346e-01 1.494459444248062985e+00 6.768827089395823560e-01 -1.328154856005404616e-01 -1.675953028578829551e+00 -8.133368805888757658e-01 -5.758033687075171381e-01 6.914950763862661720e-01 -1.383339740686453823e+00 -1.188814153899158121e+00 -5.257838322685890603e-02 5.238842426186478551e-01 9.739705976502111007e-02 1.955902577887734139e+00 -3.908619896605232125e-01 -2.030646408277156922e+00 1.020157987292391377e+00 2.863379501348199407e-01 1.211113362503143609e+00 -6.280738962374091683e-01 -1.060003305536135976e+00 9.773589884396975680e-02 3.700425785496429532e-01
