# 
#                 ----------------------------------------------------
#                 Data from a 3D direct N-body simulation. 
# 
#                 rows are i-particle; 
#                 coumns are :mass, tag, x ,y, z, vx, vy, vz, ax, ay, az
# 
#                 NTHU, Computational Physics Lab
# 
#                 ----------------------------------------------------
#                 Time = 5.699999999999923
1.000000000000000000e+00 2.000000000000000000e+00 3.000000000000000000e+00 4.000000000000000000e+00 5.000000000000000000e+00 6.000000000000000000e+00 7.000000000000000000e+00 8.000000000000000000e+00 9.000000000000000000e+00 1.000000000000000000e+01 1.100000000000000000e+01 1.200000000000000000e+01 1.300000000000000000e+01 1.400000000000000000e+01 1.500000000000000000e+01 1.600000000000000000e+01 1.700000000000000000e+01 1.800000000000000000e+01 1.900000000000000000e+01 2.000000000000000000e+01 2.100000000000000000e+01 2.200000000000000000e+01 2.300000000000000000e+01 2.400000000000000000e+01 2.500000000000000000e+01 2.600000000000000000e+01 2.700000000000000000e+01 2.800000000000000000e+01 2.900000000000000000e+01 3.000000000000000000e+01 3.100000000000000000e+01 3.200000000000000000e+01 3.300000000000000000e+01 3.400000000000000000e+01 3.500000000000000000e+01 3.600000000000000000e+01 3.700000000000000000e+01 3.800000000000000000e+01 3.900000000000000000e+01 4.000000000000000000e+01 4.100000000000000000e+01 4.200000000000000000e+01 4.300000000000000000e+01 4.400000000000000000e+01 4.500000000000000000e+01 4.600000000000000000e+01 4.700000000000000000e+01 4.800000000000000000e+01 4.900000000000000000e+01 5.000000000000000000e+01 5.100000000000000000e+01 5.200000000000000000e+01 5.300000000000000000e+01 5.400000000000000000e+01 5.500000000000000000e+01 5.600000000000000000e+01 5.700000000000000000e+01 5.800000000000000000e+01 5.900000000000000000e+01 6.000000000000000000e+01 6.100000000000000000e+01 6.200000000000000000e+01 6.300000000000000000e+01 6.400000000000000000e+01 6.500000000000000000e+01 6.600000000000000000e+01 6.700000000000000000e+01 6.800000000000000000e+01 6.900000000000000000e+01 7.000000000000000000e+01 7.100000000000000000e+01 7.200000000000000000e+01 7.300000000000000000e+01 7.400000000000000000e+01 7.500000000000000000e+01 7.600000000000000000e+01 7.700000000000000000e+01 7.800000000000000000e+01 7.900000000000000000e+01 8.000000000000000000e+01 8.100000000000000000e+01 8.200000000000000000e+01 8.300000000000000000e+01 8.400000000000000000e+01 8.500000000000000000e+01 8.600000000000000000e+01 8.700000000000000000e+01 8.800000000000000000e+01 8.900000000000000000e+01 9.000000000000000000e+01 9.100000000000000000e+01 9.200000000000000000e+01 9.300000000000000000e+01 9.400000000000000000e+01 9.500000000000000000e+01 9.600000000000000000e+01 9.700000000000000000e+01 9.800000000000000000e+01 9.900000000000000000e+01 1.000000000000000000e+02
2.000000000000000111e-01 2.000000000000000111e-01 2.000000000000000111e-01 2.000000000000000111e-01 2.000000000000000111e-01 2.000000000000000111e-01 2.000000000000000111e-01 2.000000000000000111e-01 2.000000000000000111e-01 2.000000000000000111e-01 2.000000000000000111e-01 2.000000000000000111e-01 2.000000000000000111e-01 2.000000000000000111e-01 2.000000000000000111e-01 2.000000000000000111e-01 2.000000000000000111e-01 2.000000000000000111e-01 2.000000000000000111e-01 2.000000000000000111e-01 2.000000000000000111e-01 2.000000000000000111e-01 2.000000000000000111e-01 2.000000000000000111e-01 2.000000000000000111e-01 2.000000000000000111e-01 2.000000000000000111e-01 2.000000000000000111e-01 2.000000000000000111e-01 2.000000000000000111e-01 2.000000000000000111e-01 2.000000000000000111e-01 2.000000000000000111e-01 2.000000000000000111e-01 2.000000000000000111e-01 2.000000000000000111e-01 2.000000000000000111e-01 2.000000000000000111e-01 2.000000000000000111e-01 2.000000000000000111e-01 2.000000000000000111e-01 2.000000000000000111e-01 2.000000000000000111e-01 2.000000000000000111e-01 2.000000000000000111e-01 2.000000000000000111e-01 2.000000000000000111e-01 2.000000000000000111e-01 2.000000000000000111e-01 2.000000000000000111e-01 2.000000000000000111e-01 2.000000000000000111e-01 2.000000000000000111e-01 2.000000000000000111e-01 2.000000000000000111e-01 2.000000000000000111e-01 2.000000000000000111e-01 2.000000000000000111e-01 2.000000000000000111e-01 2.000000000000000111e-01 2.000000000000000111e-01 2.000000000000000111e-01 2.000000000000000111e-01 2.000000000000000111e-01 2.000000000000000111e-01 2.000000000000000111e-01 2.000000000000000111e-01 2.000000000000000111e-01 2.000000000000000111e-01 2.000000000000000111e-01 2.000000000000000111e-01 2.000000000000000111e-01 2.000000000000000111e-01 2.000000000000000111e-01 2.000000000000000111e-01 2.000000000000000111e-01 2.000000000000000111e-01 2.000000000000000111e-01 2.000000000000000111e-01 2.000000000000000111e-01 2.000000000000000111e-01 2.000000000000000111e-01 2.000000000000000111e-01 2.000000000000000111e-01 2.000000000000000111e-01 2.000000000000000111e-01 2.000000000000000111e-01 2.000000000000000111e-01 2.000000000000000111e-01 2.000000000000000111e-01 2.000000000000000111e-01 2.000000000000000111e-01 2.000000000000000111e-01 2.000000000000000111e-01 2.000000000000000111e-01 2.000000000000000111e-01 2.000000000000000111e-01 2.000000000000000111e-01 2.000000000000000111e-01 2.000000000000000111e-01
4.059402338108397146e+01 5.156732783118830810e+01 2.186298683411656896e+01 9.448637055383903416e+00 1.751262157499296990e+01 7.678353208103727567e+00 7.204304041662446423e+00 1.504073119777947731e+01 5.223136738749961694e+01 -4.307452152106415078e+00 3.565581693995278023e+00 -4.558176140542055776e+01 2.831106280517234097e+01 -6.956433278912250273e+00 -3.926453177228222557e+01 -1.008057056036561150e+01 -3.713855545057790408e+01 8.903362957214602247e+00 -6.483417331111736015e-01 6.963304683580618715e+00 -1.547452810658658784e+01 -3.972469202831142354e+01 -3.751357427910387798e+01 1.195232842044990251e+00 2.621971459103382784e+01 -1.575821635354267514e+01 -7.169507479661676896e+00 2.072961339922932211e+01 3.424757624549825863e+01 -4.140336039581657523e+00 -9.277442318608606797e+00 2.247276329060838762e+01 2.415760984629048980e-01 9.250515345314141769e+00 -2.923626757103579266e+01 4.472628630766429580e+01 4.425066299081124299e+01 2.084979545601605011e+01 -6.166154414367353453e+00 -3.567327534857495319e+00 8.662144129934057801e+00 3.052237754809127779e+01 -1.001364516378077418e+01 9.376334853293297300e+00 -1.551817535126139802e+01 1.556573649403323323e+01 9.113001144828295708e+00 1.011133317896681305e+01 5.484072099441295478e+01 2.570452603023972671e+01 -1.570294177198298113e+00 -1.901728956279423954e+01 2.592577516451085629e+01 -1.007499320688321554e+01 2.184775414079255640e+01 1.943013208481057319e+01 2.733818766405464729e+01 7.334734465592475772e+00 -2.379994004343840786e+01 -1.586680352491158175e+01 -8.145978957874017823e+00 -5.116471393436201254e+01 -2.541345709576730627e+01 3.550745495789077921e+01 -9.038607294523346436e-01 -3.948143367161464301e+00 4.978018581146056221e+01 -5.508476490942199710e+00 1.473062098707484857e+01 -1.698323467141485565e+01 2.094628694192621410e+01 -1.073313800472485013e+01 -3.916488222398620822e-01 -9.724752607120904502e-01 -1.066819216633363610e+01 1.455814542555159852e+00 -1.374509696455068131e+01 -1.135195983975285117e+01 -2.660585902884567489e+01 -4.763412484012832948e+01 -1.466843103661005188e+01 -6.852782317339983997e+00 2.651706152260854310e+01 -3.374503592550748721e+01 3.266753521239179836e+00 1.598734334847062932e+01 -3.642624019918003597e+01 -1.166311645375251338e+01 -4.455751414140249977e+01 2.034772196729454308e+00 9.182862699185923461e+00 8.973492505549000242e+00 1.136189046174136763e+01 4.750780880058877642e+01 -1.592502317945234047e+01 1.401057787137418487e+01 1.587392608881863687e+01 -1.106931527985928199e+01 -3.128611174695846042e+00 1.341455295656090918e+01
9.208290503902345492e+00 4.297611013367642130e+01 -3.483030104188896914e+00 3.314726327047535115e+00 2.800033153736258829e+00 3.438131765845742649e+01 -1.965435627103236982e+01 1.989230385262943912e+01 -3.346773307955847088e+01 3.527207693303053304e+01 8.702171957289431603e+00 -8.005960337614929756e+00 2.766888948660091074e+01 -2.412894773455442277e+01 4.489106414850464688e+01 -2.882887662540084861e+01 -4.895290934616872036e+00 -1.175463399845421364e+01 9.856680323291376666e+00 -1.459747737731343165e+01 -8.273582291214927054e+00 4.083006889487322155e+00 1.064955582581230864e+01 1.677741981506472513e+01 -2.841552419851308642e+01 -2.003837324614187310e+01 1.292352707982264315e+00 1.071563786925572437e+01 4.362805166908727728e+01 -2.463993396330601726e+01 2.813055563628745404e+01 8.199587772298844612e+00 4.109591903216030317e+01 4.333481599163950904e+01 2.230733097244192109e+01 -9.518166048252448164e+00 3.406955978454181633e+01 -1.981842437766463050e+01 1.846536164757749887e+01 1.413230304271329096e+01 -2.529886413090898856e+01 -1.598328405988393719e+01 4.255481616166313330e+01 -1.771701088882723951e+01 7.318678778572619281e-01 1.326837422711159498e+01 -2.515310507595048151e+01 3.835389406214320118e+00 2.173436469244772340e+01 -3.028131322509493373e+01 3.942709974531128836e+01 -2.265166669407666866e+00 -2.485110964192882932e+01 -1.146063609679496764e+01 2.014744892268963472e+00 -2.301659684136989981e+01 7.293422988077956859e+00 1.971714422274497736e+01 1.568449645792540181e+01 -1.048248392218370917e+01 -3.163972763820358836e+01 1.438778441994366730e+01 1.200361371490727525e+00 -2.975096795611655054e+01 -2.687966541109265250e+01 1.775994786307609985e+01 3.075606979669584717e+01 2.530481530329621620e+01 -3.720887930888208928e+01 6.441393327681780079e+00 7.300443179606487476e+00 -2.173300498699595806e+01 8.725002315404521980e+00 -2.199766318906168650e+01 1.107959315945950785e+01 3.601595457443165227e+00 -5.474925926112427454e+00 -1.249212766117061513e+01 1.797686487201029948e+01 9.808798854483224972e+00 -9.142555578943422745e+00 -7.110888384378013960e+00 2.484401035343543285e+01 1.199045217674741437e+01 -7.348269026760809730e+00 -1.669747778836859453e+01 1.404585000292800423e+01 -1.372154158581678907e+01 4.344353362625336779e+00 -7.154009730219087260e+00 -6.380286249207852478e+01 -1.501239175342352894e+01 -2.671829893648272503e+00 -2.543671804465496233e+00 3.535469099282975947e+01 -2.405311373939879260e+01 2.995759097486358158e+01 5.301748145152767933e+01 2.616181596445459689e+01 -9.191956580924626863e+00
2.252254347043781380e+01 -2.248904842552433081e+01 -2.375149547648763626e+00 3.346526040427727366e+01 1.021426853932580237e+01 -4.721102380865225712e+00 -5.874913526688187915e+01 -1.707836111065293139e+01 1.052986404138123167e+00 3.381257031696858917e+01 -2.042941984315181614e+01 3.597807640559128384e+00 -8.913289723380140472e+00 -3.267712131387693120e+01 -1.172810862913453356e+01 1.789137255819667160e+01 -2.060626054642387217e+01 -2.716848811577522582e+01 1.530845317905874969e+00 -8.348195911388742729e+00 -1.871168156476049305e+01 -9.245954375012660265e+00 -2.087863568439457751e+01 2.968086063154203202e+00 9.258460375258048103e+00 -1.332010012311447156e+01 -2.681209183370217275e+01 -3.535164704221868703e+01 2.712599603652486735e+01 2.426452049320150905e+01 4.792771272896387380e+00 1.626122246326348275e+01 2.920421839453331891e+00 -3.101440023417983127e+01 -2.699561009835991854e+01 -1.720032422664680638e+01 4.297615705783474738e+01 4.395413615503804294e+01 2.179672341707856731e+01 2.122098821029421600e+01 6.863001241049493828e+00 -3.443354451159605478e+00 1.547060161902158093e+01 1.240879769674510946e+01 -1.463208103099458235e+01 -4.793357384144029787e+00 -3.431650159819584900e+01 1.461290543900424233e+01 -2.100576805830121785e+01 -1.062186714736226278e+01 -1.713811706028338122e+01 -1.526783295519955708e+01 -2.640543337002262803e+01 4.440210528685305746e+01 -2.819950956984007462e+01 -3.554780695752895525e+01 2.119017422486882651e+01 -1.498120440722450653e+01 -1.848794381221366834e+01 4.010383786878248258e-01 -1.481075097205514801e+01 -3.686637779160514583e+01 -1.701858998049325322e+01 6.145295967145894878e+00 1.204145343695858905e+01 1.895128808444161805e+01 -8.495669791051733810e+00 1.507869654612261812e+01 -5.597915376347192273e-01 -2.258843317795038441e+00 1.809298668326293225e+01 -9.436111982789268993e+00 5.199093043036253192e+01 -7.961652781885915964e+00 -3.545636151346561604e+01 5.342736451008423870e+00 -3.277004587223577659e+01 9.573570055908360743e+00 3.439082373654273539e+01 1.557670926819328017e+01 -3.057000693350873544e+00 -3.856761717249050747e+01 -1.871681978728938489e+01 -1.325026358124760328e+01 1.591315129120796534e+01 -3.183372279971261065e+01 -2.735749691805020234e+01 -1.209826716127515578e+00 1.205571745395065264e+01 2.241336735916962919e+00 4.500942416651042777e+01 -8.995440458833936503e+00 -4.672971315107311341e+01 2.347607226018874016e+01 6.589279990747061611e+00 2.787051706644797022e+01 -1.445340305726710994e+01 -2.439297288268041797e+01 2.248995254173137504e+00 8.515569969250941895e+00
1.183662144982562836e+01 1.503630854469949618e+01 6.374901003682104772e+00 2.755086368463461888e+00 5.106401417327929515e+00 2.238885991366874606e+00 2.100674355457905929e+00 4.385636138085395430e+00 1.522992173784205150e+01 -1.255991226034589570e+00 1.039667642086304244e+00 -1.329097895330121837e+01 8.255076620324997450e+00 -2.028384405398740764e+00 -1.144897858686392489e+01 -2.939316625895786128e+00 -1.082904396582257611e+01 2.596093763759432349e+00 -1.890293406370761875e-01 2.030676250462174703e+00 -4.512145424172383734e+00 -1.158311965504046803e+01 -1.093838573728551111e+01 3.485003455077751444e-01 7.645288951520678999e+00 -4.594816520046698827e+00 -2.090534971806043973e+00 6.044448388149127993e+00 9.986111023974316936e+00 -1.207255558409085827e+00 -2.705128755947100672e+00 6.552586694078883944e+00 7.043537944869619760e-02 2.697316027315462605e+00 -8.524877970782020142e+00 1.304153450107679113e+01 1.290287303963616772e+01 6.079501615787058277e+00 -1.797855178194239123e+00 -1.040206055163077181e+00 2.525745824339774792e+00 8.899862643289223385e+00 -2.919829820058521097e+00 2.733992335376359328e+00 -4.524926838440226362e+00 4.538719780689984162e+00 2.657234106839099219e+00 2.948329721733246700e+00 1.599077500145005537e+01 7.495059485135472599e+00 -4.578681545581957946e-01 -5.545109345979597926e+00 7.559561282417145200e+00 -2.937716775902410316e+00 6.370471953172645918e+00 5.665523813764034244e+00 7.971364187861854411e+00 2.138723800114271878e+00 -6.939727567799347518e+00 -4.626432412032581709e+00 -2.375242227067177581e+00 -1.491889906619570105e+01 -7.410153084181619221e+00 1.035344391403880948e+01 -2.635421196084835049e-01 -1.151274124319152659e+00 1.451519365522263705e+01 -1.606184162865203380e+00 4.295236852433304442e+00 -4.952043964139972942e+00 6.107768154684421802e+00 -3.129624951246877895e+00 -1.141969649252029262e-01 -2.835655078463557577e-01 -3.110689558014160028e+00 4.244982165020329545e-01 -4.007847087081146675e+00 -3.310043667630404141e+00 -7.757879736108042046e+00 -1.388941549905535311e+01 -4.277085349518078949e+00 -1.998178242218241696e+00 7.731970095004959020e+00 -9.839554287718238257e+00 9.525523966609819038e-01 4.661666339150596805e+00 -1.062135464126067852e+01 -3.400828260898481226e+00 -1.299233907069747573e+01 5.933117028901679912e-01 2.677596414671473468e+00 2.616223543074867930e+00 3.312960742508468392e+00 1.385259021787116041e+01 -4.643474937782526624e+00 4.085277346419929678e+00 4.628600694198220289e+00 -3.227651275499420880e+00 -9.122729055368473672e-01 3.911461485674358585e+00
2.684997734845750106e+00 1.253122572063721130e+01 -1.015603164160489236e+00 9.665278850101289843e-01 8.164555061345221132e-01 1.002507467658381479e+01 -5.730929002723345711e+00 5.800310540423438077e+00 -9.758715054126241739e+00 1.028482625759274249e+01 2.537422818350379305e+00 -2.334408446245304969e+00 8.067838469069037899e+00 -7.035632979736701209e+00 1.308959546024302334e+01 -8.406057792459609601e+00 -1.427371202828655150e+00 -3.427487192118795711e+00 2.874062561848830022e+00 -4.256466574990511731e+00 -2.412418087680896495e+00 1.190555668462362604e+00 3.105264053774230426e+00 4.892023511378911671e+00 -8.285545656238948453e+00 -5.842872526448711135e+00 3.768201646600375931e-01 3.124513655968287118e+00 1.272132132823045758e+01 -7.184641827877486620e+00 8.202446707569851725e+00 2.390778401779079410e+00 1.198294954125543299e+01 1.263580841804898114e+01 6.504467703019624736e+00 -2.775362159481891577e+00 9.934207427965860759e+00 -5.778768391716110564e+00 5.384169886492474077e+00 4.120891020058962795e+00 -7.376745686210960606e+00 -4.660493565351398360e+00 1.240835263331959126e+01 -5.166006310788708866e+00 2.133429354482667129e-01 3.868861310741820603e+00 -7.334256003296042437e+00 1.118336685885046533e+00 6.337440089301340507e+00 -8.829578057452319939e+00 1.149636327683622739e+01 -6.604503847498232050e-01 -7.246213011352311995e+00 -3.341754439020394596e+00 5.874732350467102293e-01 -6.711286314498258854e+00 2.126655329957140683e+00 5.749222907352853795e+00 4.573347565503140366e+00 -3.056524948567268751e+00 -9.225643584086723692e+00 4.195274702294198299e+00 3.500028214972397689e-01 -8.674945688752597306e+00 -7.837689771362214231e+00 5.178506952610043790e+00 8.968033366690958630e+00 7.378480534119939094e+00 -1.084954446782344739e+01 1.878198745397677616e+00 2.128767902011923674e+00 -6.336986145213879595e+00 2.544086259824730689e+00 -6.414161555495183187e+00 3.230630993976432386e+00 1.050181844088887484e+00 -1.596400145300918005e+00 -3.642512089553418431e+00 5.241798540960975750e+00 2.860084141707945005e+00 -2.665894477989545930e+00 -2.073425196434960149e+00 7.244152765591151066e+00 3.496221564076636312e+00 -2.142642255291829834e+00 -4.868756328741421058e+00 4.095556046009731332e+00 -4.000930679924443290e+00 1.266770708782615662e+00 -2.086000252836264224e+00 -1.860402727204678186e+01 -4.377324872327552185e+00 -7.790730525539583118e-01 -7.416908061297160515e-01 1.030889804155125766e+01 -7.013530145794583781e+00 8.735170993833301978e+00 1.545913943769398102e+01 7.628391627877063819e+00 -2.680231386040928587e+00
6.567244938410796706e+00 -6.557488376927616436e+00 -6.925488742202076109e-01 9.757960083616254110e+00 2.978347771734552119e+00 -1.376608129113938928e+00 -1.713040871283077138e+01 -4.979780769505698146e+00 3.070354262151693825e-01 9.859247057690064153e+00 -5.956906438163691142e+00 1.049061734808905522e+00 -2.599003950719680933e+00 -9.528164133529390512e+00 -3.419753384080188585e+00 5.216853777979439499e+00 -6.008479414696200394e+00 -7.921933756580936681e+00 4.463878865771463422e-01 -2.434295409202204663e+00 -5.456024707472337809e+00 -2.696008845664641829e+00 -6.087910056750109433e+00 8.654461676548589333e-01 2.699617079964753419e+00 -3.883919258927425844e+00 -7.818002272610351078e+00 -1.030801289360436357e+01 7.909557201131042881e+00 7.075147741191148754e+00 1.397500671629247515e+00 4.741698270615622768e+00 8.515469203825749567e-01 -9.043347363746931933e+00 -7.871516613058980205e+00 -5.015366171769678694e+00 1.253124177889244706e+01 1.281639063795608457e+01 6.355483735679428037e+00 6.187665999335780320e+00 2.001150769324202106e+00 -1.004031045735733096e+00 4.510989539464753229e+00 3.618194513594548578e+00 -4.266511384049751499e+00 -1.397675336106257049e+00 -1.000618601427757248e+01 4.260878598694934460e+00 -6.124981765096332076e+00 -3.097178020368618334e+00 -4.997220177905035143e+00 -4.451876203897992212e+00 -7.699447646005945778e+00 1.294701148212678099e+01 -8.222566024922468131e+00 -1.036520337070185960e+01 6.178700655389617324e+00 -4.368292801187958041e+00 -5.390816912950018747e+00 1.168220559156463306e-01 -4.318591019036282397e+00 -1.074970862834307006e+01 -4.962362636729624299e+00 1.791875624748112461e+00 3.511102841438995537e+00 5.526011565347139332e+00 -2.477225223989971692e+00 4.396716693769040063e+00 -1.632273423334139884e-01 -6.586673884563686299e-01 5.275471778955828306e+00 -2.751444289771732166e+00 1.515980774615104743e+01 -2.321500007689939693e+00 -1.033853973947529958e+01 1.557847348546813393e+00 -9.555248800379279928e+00 2.791465071782477381e+00 1.002786345684252822e+01 4.541923930005594912e+00 -8.912972058392290009e-01 -1.124572692826562736e+01 -5.457534739714608563e+00 -3.863615702842858379e+00 4.640002583406602099e+00 -9.282248813450456382e+00 -7.977015906896752107e+00 -3.527830244670530080e-01 3.515274231121764181e+00 6.535392937616628650e-01 1.312412203113447440e+01 -2.622831889689135387e+00 -1.362569894013117100e+01 6.845283903455413821e+00 1.921336924637143451e+00 8.126622287324632765e+00 -4.214397936828785163e+00 -7.112642419868982380e+00 6.557902040839678204e-01 2.483007222342521469e+00
1.764018541509523530e+00 2.240876311710028546e+00 9.500501361356340491e-01 4.105926128457432767e-01 7.610055278840517357e-01 3.336606405679197751e-01 3.130657261244861878e-01 6.535897985725778181e-01 2.269728385616821331e+00 -1.871813797474817243e-01 1.549415356500704333e-01 -1.980763548400729546e+00 1.230256068703186711e+00 -3.022894011237049483e-01 -1.706251397747707621e+00 -4.380420604957083741e-01 -1.613855920101650021e+00 3.868981185782132126e-01 -2.816761217410797963e-02 3.026890123960004897e-01 -6.724476701546452384e-01 -1.726235495310671997e+00 -1.630149534632835850e+00 5.193479173951379840e-02 1.139382837624518974e+00 -6.847584866974290030e-01 -3.115560126763742277e-01 9.008071073176944221e-01 1.488240009999443059e+00 -1.799168542867343179e-01 -4.031394053205932249e-01 9.765073442062494058e-01 1.049608669868024903e-02 4.019828727060441587e-01 -1.270469793980264939e+00 1.943588603059646536e+00 1.922928496477041893e+00 9.060331026338130922e-01 -2.679142761947298501e-01 -1.550276823865230080e-01 3.764116960856185856e-01 1.326348721191834334e+00 -4.351434951107110982e-01 4.074465884421170081e-01 -6.743634621790820516e-01 6.764039029936091962e-01 3.960124995567533279e-01 4.393939726179951211e-01 2.383119601896108275e+00 1.116992435075834900e+00 -6.823503178626344479e-02 -8.263801506705530375e-01 1.126602921217287445e+00 -4.378089503855535081e-01 9.493926030268411420e-01 8.443327620039355885e-01 1.187966932876454829e+00 3.187398478293979598e-01 -1.034234499856325096e+00 -6.894608570289778582e-01 -3.539825793709486801e-01 -2.223376058519197507e+00 -1.104331748754938225e+00 1.542977957744022355e+00 -3.927374137195080439e-02 -1.715858087824909395e-01 2.163212144784494750e+00 -2.393691992260069124e-01 6.401224299827593667e-01 -7.380023518541884986e-01 9.102720652946051372e-01 -4.664097027464978451e-01 -1.701842052042540701e-02 -4.226113765494311086e-02 -4.635881240097865508e-01 6.326403190093826678e-02 -5.972874517819851681e-01 -4.932934537374579764e-01 -1.156161650152162101e+00 -2.069948387658703925e+00 -6.374137155771448793e-01 -2.977911666207684327e-01 1.152296782060602265e+00 -1.466393876218677006e+00 1.419624553092614094e-01 6.947291517256372062e-01 -1.582906143166188162e+00 -5.068343805693954485e-01 -1.936260210168654794e+00 8.842198729828071313e-02 3.990454368640037885e-01 3.898338335264389665e-01 4.937325028700483842e-01 2.064461627160782076e+00 -6.920141020987738978e-01 6.088309365910531401e-01 6.898023983579237850e-01 -4.810190174593214629e-01 -1.359597386497585214e-01 5.829222813872189102e-01
4.001458334346836843e-01 1.867540391611347106e+00 -1.513564709738359493e-01 1.440426797295787931e-01 1.216782312217165873e-01 1.494040069832064166e+00 -8.540851061126270016e-01 8.644249793172377183e-01 -1.454350021381225044e+00 1.532754871027471655e+00 3.781530252289903582e-01 -3.478958085279154622e-01 1.202353903584111983e+00 -1.048521624533601315e+00 1.950754004276193276e+00 -1.252755725617755056e+00 -2.127171698213692341e-01 -5.108020953885552551e-01 4.283230530110923029e-01 -6.343550377917855920e-01 -3.595166019396208168e-01 1.774313693725009244e-01 4.627812841812252720e-01 7.290558871681250830e-01 -1.234798823612799357e+00 -8.707620403202338544e-01 5.615553045413544664e-02 4.656462503992717106e-01 1.895870253601293243e+00 -1.070731067255838331e+00 1.222413271975114180e+00 3.562787452297804802e-01 1.785822418078910845e+00 1.883124265550619070e+00 9.693600331426628358e-01 -4.136147597016123223e-01 1.480505469376267591e+00 -8.612145447793299047e-01 8.023941662077423986e-01 6.141626914242725999e-01 -1.099354278335544999e+00 -6.945565565207978409e-01 1.849222519043795421e+00 -7.698900830271208084e-01 3.178274976615668573e-02 5.765782600644140388e-01 -1.093024333714847085e+00 1.666650401710095819e-01 9.444760489909698187e-01 -1.315875422699616326e+00 1.713309595365496651e+00 -9.841946056344119675e-02 -1.079906141837362110e+00 -4.980238289200199508e-01 8.755211855053013359e-02 -1.000183757508555260e+00 3.169367196375573736e-01 8.568086123614692129e-01 6.815643251986051032e-01 -4.555129600294385850e-01 -1.374895627655942310e+00 6.252258098903027417e-01 5.216012941568469452e-02 -1.292832187134246302e+00 -1.168050175173331207e+00 7.717492065150278746e-01 1.336514177332437825e+00 1.099612737755090830e+00 -1.616910135344502342e+00 2.799056224791524605e-01 3.172647647032891816e-01 -9.443968340591842869e-01 3.791473782403033677e-01 -9.558993286752397456e-01 4.814596340965895394e-01 1.565111124951100441e-01 -2.379108469901951572e-01 -5.428438732103580966e-01 7.811899943217334163e-01 4.262364431686070376e-01 -3.973117596750275204e-01 -3.090026507619595963e-01 1.079601074444368924e+00 5.210402370440159192e-01 -3.193181790181474633e-01 -7.255969646549639274e-01 6.103615424540607126e-01 -5.962470360301934669e-01 1.887918022116422123e-01 -3.108770214677176735e-01 -2.772578795289442510e+00 -6.523415158750630605e-01 -1.161070492169023749e-01 -1.105332899432077548e-01 1.536338829632263980e+00 -1.045229486637152982e+00 1.301802984850078948e+00 2.303888505282501775e+00 1.136861615167003237e+00 -3.994347741345252167e-01
9.787206759109052800e-01 -9.772686823358329722e-01 -1.032089724259742380e-01 1.454230672306658034e+00 4.438683062709372629e-01 -2.051575030788016507e-01 -2.552959364189347102e+00 -7.421358494676656425e-01 4.575767615956279760e-02 1.469328848434734658e+00 -8.877586851112808652e-01 1.563410356583687377e-01 -3.873349816489995989e-01 -1.419986833765497503e+00 -5.096496422219640721e-01 7.774691505166902994e-01 -8.954464106875992258e-01 -1.180610642536276789e+00 6.652863582867540870e-02 -3.628013739828430118e-01 -8.131090819337523090e-01 -4.017926358646734530e-01 -9.072860271732480220e-01 1.289771043834406772e-01 4.023226610143937343e-01 -5.788174123719618258e-01 -1.165119347842015651e+00 -1.536207403102261670e+00 1.178768875598782184e+00 1.054407259775905992e+00 2.082701137511313028e-01 7.066911469686953939e-01 1.269054784582541173e-01 -1.347735978909204935e+00 -1.173095246154169491e+00 -7.474437392481594333e-01 1.867543262786363512e+00 1.910036045235972146e+00 9.471370838720688523e-01 9.221388230614385728e-01 2.982327233013771783e-01 -1.496312114930462844e-01 6.722731990578882932e-01 5.392158309081028777e-01 -6.358429332988676519e-01 -2.082969012987258284e-01 -1.491227244265361573e+00 6.349951333086900629e-01 -9.128112020873634380e-01 -4.615737187586487211e-01 -7.447379631695675295e-01 -6.634657236047641904e-01 -1.147455310930304284e+00 1.929502468721296937e+00 -1.225414353981839399e+00 -1.544729149611497876e+00 9.208066495143433228e-01 -6.510078880518096467e-01 -8.033973336143359623e-01 1.738694666696172925e-02 -6.436007901295425215e-01 -1.602038096488801466e+00 -7.395420775906290656e-01 2.670437600470299544e-01 5.232600261638857830e-01 8.235636382868154470e-01 -3.691848425779787890e-01 6.552432363625876333e-01 -2.432593477257445277e-02 -9.816597358820083885e-02 7.861708553346545836e-01 -4.100518537337980440e-01 2.259278028879665001e+00 -3.459742684660531142e-01 -1.540755557619895910e+00 2.321636342523031582e-01 -1.424021110428836501e+00 4.160041072247553373e-01 1.494459093028489116e+00 6.768823544695190542e-01 -1.328145722349680646e-01 -1.675952318002513541e+00 -8.133364974413935800e-01 -5.758035842658386638e-01 6.914944652132424263e-01 -1.383339401888632691e+00 -1.188813522618025864e+00 -5.257853836240842377e-02 5.238841478168172472e-01 9.739701631268012083e-02 1.955902441736607988e+00 -3.908607003494247167e-01 -2.030645875715942683e+00 1.020157781257632790e+00 2.863378698375796394e-01 1.211112915747893704e+00 -6.280737050504150432e-01 -1.060003130387471515e+00 9.773605189559585182e-02 3.700423923249902547e-01
