# 
#                 ----------------------------------------------------
#                 Data from a 3D direct N-body simulation. 
# 
#                 rows are i-particle; 
#                 coumns are :mass, tag, x ,y, z, vx, vy, vz, ax, ay, az
# 
#                 NTHU, Computational Physics Lab
# 
#                 ----------------------------------------------------
#                 Time = 1.1000000000000008
1.000000000000000000e+00 2.000000000000000000e+00 3.000000000000000000e+00 4.000000000000000000e+00 5.000000000000000000e+00 6.000000000000000000e+00 7.000000000000000000e+00 8.000000000000000000e+00 9.000000000000000000e+00 1.000000000000000000e+01 1.100000000000000000e+01 1.200000000000000000e+01 1.300000000000000000e+01 1.400000000000000000e+01 1.500000000000000000e+01 1.600000000000000000e+01 1.700000000000000000e+01 1.800000000000000000e+01 1.900000000000000000e+01 2.000000000000000000e+01 2.100000000000000000e+01 2.200000000000000000e+01 2.300000000000000000e+01 2.400000000000000000e+01 2.500000000000000000e+01 2.600000000000000000e+01 2.700000000000000000e+01 2.800000000000000000e+01 2.900000000000000000e+01 3.000000000000000000e+01 3.100000000000000000e+01 3.200000000000000000e+01 3.300000000000000000e+01 3.400000000000000000e+01 3.500000000000000000e+01 3.600000000000000000e+01 3.700000000000000000e+01 3.800000000000000000e+01 3.900000000000000000e+01 4.000000000000000000e+01 4.100000000000000000e+01 4.200000000000000000e+01 4.300000000000000000e+01 4.400000000000000000e+01 4.500000000000000000e+01 4.600000000000000000e+01 4.700000000000000000e+01 4.800000000000000000e+01 4.900000000000000000e+01 5.000000000000000000e+01 5.100000000000000000e+01 5.200000000000000000e+01 5.300000000000000000e+01 5.400000000000000000e+01 5.500000000000000000e+01 5.600000000000000000e+01 5.700000000000000000e+01 5.800000000000000000e+01 5.900000000000000000e+01 6.000000000000000000e+01 6.100000000000000000e+01 6.200000000000000000e+01 6.300000000000000000e+01 6.400000000000000000e+01 6.500000000000000000e+01 6.600000000000000000e+01 6.700000000000000000e+01 6.800000000000000000e+01 6.900000000000000000e+01 7.000000000000000000e+01 7.100000000000000000e+01 7.200000000000000000e+01 7.300000000000000000e+01 7.400000000000000000e+01 7.500000000000000000e+01 7.600000000000000000e+01 7.700000000000000000e+01 7.800000000000000000e+01 7.900000000000000000e+01 8.000000000000000000e+01 8.100000000000000000e+01 8.200000000000000000e+01 8.300000000000000000e+01 8.400000000000000000e+01 8.500000000000000000e+01 8.600000000000000000e+01 8.700000000000000000e+01 8.800000000000000000e+01 8.900000000000000000e+01 9.000000000000000000e+01 9.100000000000000000e+01 9.200000000000000000e+01 9.300000000000000000e+01 9.400000000000000000e+01 9.500000000000000000e+01 9.600000000000000000e+01 9.700000000000000000e+01 9.800000000000000000e+01 9.900000000000000000e+01 1.000000000000000000e+02
2.000000000000000111e-01 2.000000000000000111e-01 2.000000000000000111e-01 2.000000000000000111e-01 2.000000000000000111e-01 2.000000000000000111e-01 2.000000000000000111e-01 2.000000000000000111e-01 2.000000000000000111e-01 2.000000000000000111e-01 2.000000000000000111e-01 2.000000000000000111e-01 2.000000000000000111e-01 2.000000000000000111e-01 2.000000000000000111e-01 2.000000000000000111e-01 2.000000000000000111e-01 2.000000000000000111e-01 2.000000000000000111e-01 2.000000000000000111e-01 2.000000000000000111e-01 2.000000000000000111e-01 2.000000000000000111e-01 2.000000000000000111e-01 2.000000000000000111e-01 2.000000000000000111e-01 2.000000000000000111e-01 2.000000000000000111e-01 2.000000000000000111e-01 2.000000000000000111e-01 2.000000000000000111e-01 2.000000000000000111e-01 2.000000000000000111e-01 2.000000000000000111e-01 2.000000000000000111e-01 2.000000000000000111e-01 2.000000000000000111e-01 2.000000000000000111e-01 2.000000000000000111e-01 2.000000000000000111e-01 2.000000000000000111e-01 2.000000000000000111e-01 2.000000000000000111e-01 2.000000000000000111e-01 2.000000000000000111e-01 2.000000000000000111e-01 2.000000000000000111e-01 2.000000000000000111e-01 2.000000000000000111e-01 2.000000000000000111e-01 2.000000000000000111e-01 2.000000000000000111e-01 2.000000000000000111e-01 2.000000000000000111e-01 2.000000000000000111e-01 2.000000000000000111e-01 2.000000000000000111e-01 2.000000000000000111e-01 2.000000000000000111e-01 2.000000000000000111e-01 2.000000000000000111e-01 2.000000000000000111e-01 2.000000000000000111e-01 2.000000000000000111e-01 2.000000000000000111e-01 2.000000000000000111e-01 2.000000000000000111e-01 2.000000000000000111e-01 2.000000000000000111e-01 2.000000000000000111e-01 2.000000000000000111e-01 2.000000000000000111e-01 2.000000000000000111e-01 2.000000000000000111e-01 2.000000000000000111e-01 2.000000000000000111e-01 2.000000000000000111e-01 2.000000000000000111e-01 2.000000000000000111e-01 2.000000000000000111e-01 2.000000000000000111e-01 2.000000000000000111e-01 2.000000000000000111e-01 2.000000000000000111e-01 2.000000000000000111e-01 2.000000000000000111e-01 2.000000000000000111e-01 2.000000000000000111e-01 2.000000000000000111e-01 2.000000000000000111e-01 2.000000000000000111e-01 2.000000000000000111e-01 2.000000000000000111e-01 2.000000000000000111e-01 2.000000000000000111e-01 2.000000000000000111e-01 2.000000000000000111e-01 2.000000000000000111e-01 2.000000000000000111e-01 2.000000000000000111e-01
4.808886331555138227e+00 6.108782626278923544e+00 2.589978830004687538e+00 1.119310553873576808e+00 2.074618731940154781e+00 9.096094319173390064e-01 8.534377074699732724e-01 1.781789675609664947e+00 6.187457943781483394e+00 -5.102719083721768412e-01 4.223929372422166040e-01 -5.399741870134688426e+00 3.353825139513083364e+00 -8.240890304355084073e-01 -4.651373090917585884e+00 -1.194204280330721790e+00 -4.399555602807033949e+00 1.054714444287423891e+00 -7.682246040765354500e-02 8.246083354261093401e-01 -1.833157565266636757e+00 -4.705920751155264092e+00 -4.443989835049023895e+00 1.416030595551751869e-01 3.106058713290478668e+00 -1.866813473408063251e+00 -8.493086619653189562e-01 2.455693133852890675e+00 4.057046805432646508e+00 -4.904820759176618528e-01 -1.099071004484540204e+00 2.662333537179231158e+00 2.862258460530010123e-02 1.095841459443882338e+00 -3.463401777076822174e+00 5.298400276531229913e+00 5.242032682696944335e+00 2.469920112433251713e+00 -7.305680303098929240e-01 -4.225697168144693650e-01 1.026151313498237183e+00 3.615784853256694298e+00 -1.186247791260072404e+00 1.110757474890293528e+00 -1.838272347724024813e+00 1.843983535729983192e+00 1.079535565067479164e+00 1.197804322114747855e+00 6.496565434542048045e+00 3.045036207699173048e+00 -1.860283624750202758e-01 -2.252897988743010949e+00 3.071257493078932921e+00 -1.193516521606684533e+00 2.588161443760527369e+00 2.301768035909699694e+00 3.238612689279041224e+00 8.688706075522347749e-01 -2.819395584621749773e+00 -1.879724648016968702e+00 -9.650022301803949931e-01 -6.061101297444003499e+00 -3.010591130441572449e+00 4.206325653992310620e+00 -1.070846265632441757e-01 -4.676538667019229378e-01 5.897083327317031554e+00 -6.525570785285538244e-01 1.745028241693978410e+00 -2.011901923506542733e+00 2.481216753619644333e+00 -1.271479396913429705e+00 -4.639799408235643213e-02 -1.151961181736524675e-01 -1.263783817297921441e+00 1.724558758248970203e-01 -1.628306218586105247e+00 -1.344807970615054415e+00 -3.151805852076975611e+00 -5.642873393950688765e+00 -1.737679293074530618e+00 -8.117928991888008206e-01 3.141304648260594856e+00 -3.997538321962548657e+00 3.869737752963021138e-01 1.893915836990625490e+00 -4.315161044708548665e+00 -1.381611285207536843e+00 -5.278390598414905099e+00 2.410430050568012628e-01 1.087820060241496689e+00 1.063348346256961729e+00 1.345962421940575249e+00 5.627902849833903431e+00 -1.886553429809199933e+00 1.659735466610424259e+00 1.880474812172660437e+00 -1.311301923456298146e+00 -3.706082238342212065e-01 1.589152922510872923e+00
1.090845675497001954e+00 5.091051999492059110e+00 -4.126071307978192437e-01 3.926697512587440375e-01 3.316929929238824348e-01 4.072924373769537532e+00 -2.328304995615110062e+00 2.356493456531686626e+00 -3.964669580620847622e+00 4.178426608579066226e+00 1.030887530564711385e+00 -9.484217738993456770e-01 3.277741012218683192e+00 -2.858399868618729300e+00 5.317905845568230205e+00 -3.415172747956853883e+00 -5.799347847735369932e-01 -1.392479574098668405e+00 1.167651860895140503e+00 -1.729202050466374541e+00 -9.801506328273363877e-01 4.836738594665025981e-01 1.261567320899657396e+00 1.987528541286762263e+00 -3.366190086417697014e+00 -2.373827671405190465e+00 1.531070449857583338e-01 1.269414991537812565e+00 5.168283893255428474e+00 -2.918919721722952776e+00 3.332438326554639119e+00 9.714504438213731330e-01 4.868360077431595379e+00 5.133556259818217171e+00 2.642614602997732209e+00 -1.127544952846430304e+00 4.035954984908407539e+00 -2.347741455723531434e+00 2.187520498618400921e+00 1.674032164780649090e+00 -2.997009739140204410e+00 -1.893423849692435157e+00 5.041174944466412455e+00 -2.098823128364602386e+00 8.675958464159075345e-02 1.571812213676581527e+00 -2.979730905835503485e+00 4.543581395957356772e-01 2.574697434253730766e+00 -3.587221290576182664e+00 4.670649531977234759e+00 -2.683781311324516805e-01 -2.943940860443169605e+00 -1.357659177403365725e+00 2.386692837130856837e-01 -2.726629043338469227e+00 8.639999139222461766e-01 2.335757514770130605e+00 1.858053085630631207e+00 -1.241799432496718536e+00 -3.748171867779632294e+00 1.704410767576167718e+00 1.422033605139462475e-01 -3.524386313976650253e+00 -3.184270301496852085e+00 2.103929160715984459e+00 3.643438526631218366e+00 2.997715168214338366e+00 -4.407891391120307034e+00 7.630836446379558602e-01 8.647644739610784725e-01 -2.574595192882543238e+00 1.033585484546417188e+00 -2.605942295404884312e+00 1.312537037434472031e+00 4.266458062539692508e-01 -6.485837736665696074e-01 -1.479863066097670599e+00 2.129583030701191149e+00 1.161996966369551298e+00 -1.082992942223188759e+00 -8.423821896935711484e-01 2.943089823682667916e+00 1.420442663024614971e+00 -8.705026371417788900e-01 -1.978014627974719497e+00 1.663920186972057902e+00 -1.625564911414133507e+00 5.146232390403401302e-01 -8.474889297017719203e-01 -7.558222945802199888e+00 -1.778481462067949881e+00 -3.165059311162760070e-01 -3.013374918217265885e-01 4.188230982639465694e+00 -2.849406887606189542e+00 3.548886956098884937e+00 6.280584969610768731e+00 3.099215160605122144e+00 -1.088914413834211947e+00
2.668084295584819632e+00 -2.664106033739636725e+00 -2.813772475739395040e-01 3.964411439187380815e+00 1.209994650322546050e+00 -5.592714921712820253e-01 -6.959570170836808956e+00 -2.023171562210394292e+00 1.247397929317549115e-01 4.005537892452987414e+00 -2.420141479588946876e+00 4.262130968273353804e-01 -1.055874339093432868e+00 -3.871032015906943347e+00 -1.389336686527677278e+00 2.119472210847337834e+00 -2.441081512988819036e+00 -3.218456906569479248e+00 1.813321654383816539e-01 -9.888657483699241357e-01 -2.216667996175289979e+00 -1.095277885628380021e+00 -2.473337579466364566e+00 3.516123926832881996e-01 1.096798621425635112e+00 -1.577964957089141418e+00 -3.176248996309875228e+00 -4.187867906771081117e+00 3.213409339619999194e+00 2.874476862436778468e+00 5.677667716714781543e-01 1.926183603885040618e+00 3.459670342733734416e-01 -3.674052739487391861e+00 -3.197985923037954592e+00 -2.037596382974981246e+00 5.091055126192066460e+00 5.206925239989724119e+00 2.582227134305864702e+00 2.513964309914604289e+00 8.130107931767485141e-01 -4.079103951387422766e-01 1.832703659579752120e+00 1.470011804635284580e+00 -1.733347403527429664e+00 -5.678323526870323601e-01 -4.065235070201270950e+00 1.731118249455219527e+00 -2.488396234318793088e+00 -1.258299953410874972e+00 -2.030234610546411744e+00 -1.808671799662226798e+00 -3.128053538915754217e+00 5.259993358263933771e+00 -3.340593132681338062e+00 -4.211112619364683063e+00 2.510293977355710027e+00 -1.774723831817242248e+00 -2.190131790330873685e+00 4.762571223434156759e-02 -1.754531484033778677e+00 -4.367284315695245667e+00 -2.016080405737119552e+00 7.279922207731381878e-01 1.426474125115984037e+00 2.244928547695334675e+00 -1.006408910654957412e+00 1.786276499429974463e+00 -6.631418338908823262e-02 -2.675668185776637897e-01 2.143529605903811142e+00 -1.117816512550630748e+00 6.158981329260067028e+00 -9.431617172143016425e-01 -4.200279195947517863e+00 6.329327044764022636e-01 -3.882051155689229649e+00 1.134161588106409324e+00 4.074033142961376974e+00 1.845278642032672556e+00 -3.622223902226786030e-01 -4.568857129275849083e+00 -2.217264604203362133e+00 -1.569630751162760518e+00 1.885157990406782114e+00 -3.771113088359853815e+00 -3.240878191427373434e+00 -1.433039268586274728e-01 1.428151382412936599e+00 2.655169249086304917e-01 5.331912247659410298e+00 -1.065735028578788768e+00 -5.535737613988519712e+00 2.781038037310617828e+00 7.805857384930947607e-01 3.301634413251583133e+00 -1.712194581118369863e+00 -2.889652917222865103e+00 2.664059562418347182e-01 1.008787433120716059e+00
3.722130318047355946e+00 4.728274593022834260e+00 2.004663762940346761e+00 8.663593318597669901e-01 1.605770425642306432e+00 7.040446798216207780e-01 6.605716739582573327e-01 1.379118088020354849e+00 4.789166630507605049e+00 -3.949564523794684145e-01 3.269355604192906162e-01 -4.179460942727284412e+00 2.595892723691637372e+00 -6.378508536204854362e-01 -3.600218910191579802e+00 -9.243175762947446472e-01 -3.405299488901599059e+00 8.163616619431519617e-01 -5.945579842104649348e-02 6.383446311130008821e-01 -1.418883934304474570e+00 -3.642428237047809159e+00 -3.439689443308041383e+00 1.095984707919829271e-01 2.404124815203574350e+00 -1.444918562563408670e+00 -6.573779151860004166e-01 1.900732346035435727e+00 3.140204872873819220e+00 -3.796366498702690717e-01 -8.506810030458015204e-01 2.060630056821547651e+00 2.215270087666272938e-02 8.481936913706482617e-01 -2.680714291590463816e+00 4.101021297336576943e+00 4.057399618130448360e+00 1.911747347070138270e+00 -5.654340863812845619e-01 -3.270817628501968555e-01 7.942496316596001638e-01 2.798652102473378367e+00 -9.181680049562058743e-01 8.597353938778955484e-01 -1.422860244483920233e+00 1.427256748350651083e+00 8.355776093076197064e-01 9.271178410888005761e-01 5.028420483325432677e+00 2.356890162388827203e+00 -1.439858724924810152e-01 -1.743750555519934409e+00 2.377182142564597367e+00 -9.237936872305000380e-01 2.003261106053145557e+00 1.781587887263523351e+00 2.506705431418736474e+00 6.725226084683687544e-01 -2.182247427564302011e+00 -1.454897092183127461e+00 -7.469204040498909070e-01 -4.691364515713843275e+00 -2.330218124141112845e+00 3.255738977624872188e+00 -8.288134089846038721e-02 -3.619862447256249061e-01 4.564413676289772681e+00 -5.050841222565809474e-01 1.350672102891157245e+00 -1.557228211353674840e+00 1.920532853136067475e+00 -9.841386972603172190e-01 -3.591188612215208409e-02 -8.916496351444806734e-02 -9.781828311150535527e-01 1.334840216156193138e-01 -1.260319863686248931e+00 -1.040889213860732632e+00 -2.439532554730730052e+00 -4.367646584740307425e+00 -1.344978235240118725e+00 -6.283389258826619361e-01 2.431398887430265887e+00 -3.094137195944849150e+00 2.995267080052144149e-01 1.465908787012156322e+00 -3.339980809661308392e+00 -1.069393233001897814e+00 -4.085538719027425714e+00 1.865705441595653380e-01 8.419872480804654336e-01 8.229427489560281472e-01 1.041789626845166739e+00 4.356061336190738764e+00 -1.460203891424940448e+00 1.284652809540501206e+00 1.455506937670113077e+00 -1.014962395471096901e+00 -2.868598439637943254e-01 1.230013565776592710e+00
8.443249355536831535e-01 3.940536878520654707e+00 -3.193632703269712048e-01 3.039314042430658058e-01 2.567361985458458951e-01 3.152483616231602781e+00 -1.802135677389393065e+00 1.823953697358100312e+00 -3.068702251201015141e+00 3.234149644779210853e+00 7.979172619135130873e-01 -7.340849035441792125e-01 2.537006029592198786e+00 -2.212428091723318779e+00 4.116123344640076454e+00 -2.643374606144531569e+00 -4.488682283445512011e-01 -1.077797028032345894e+00 9.037749949440855302e-01 -1.338439159973182191e+00 -7.586354002215089931e-01 3.743722727626436209e-01 9.764699795250252334e-01 1.538360437706894679e+00 -2.605466403122878916e+00 -1.837361075256733312e+00 1.185030290487006088e-01 9.825381066862507451e-01 4.000314892247001985e+00 -2.259275194543719945e+00 2.579340161761330741e+00 7.518809689838463761e-01 3.768158111211591166e+00 3.973432229645251557e+00 2.045405213296562774e+00 -8.727335355493521796e-01 3.123880658187736969e+00 -1.817179560912581149e+00 1.693145953688035998e+00 1.295757061580149028e+00 -2.319707968808251586e+00 -1.465531452409274626e+00 3.901921925300709137e+00 -1.624507438020327488e+00 6.713401730834982206e-02 1.216599144969278568e+00 -2.306337644623039473e+00 3.516760400253356456e-01 1.992849669979884331e+00 -2.776545586084321116e+00 3.615133414520147692e+00 -2.077151456541385666e-01 -2.278640375911170413e+00 -1.050843336308242781e+00 1.847336414522065817e-01 -2.110435570977680975e+00 6.687454017252143501e-01 1.807899489401211257e+00 1.438146452549924570e+00 -9.611619502781308944e-01 -2.901114078350244707e+00 1.319235002116760258e+00 1.100653703188311655e-01 -2.727913356234977549e+00 -2.464651480005690676e+00 1.628453450768417188e+00 2.820065771404113963e+00 2.320253842967960889e+00 -3.411749912868011325e+00 5.906296029296903560e-01 6.693580862914066953e-01 -1.992752168374800625e+00 8.000075670533395300e-01 -2.017016751986127066e+00 1.015912903435935322e+00 3.302315180202518019e-01 -5.020083687086743796e-01 -1.145427231238967947e+00 1.648323166282399832e+00 8.993926507561580408e-01 -8.382672996329229020e-01 -6.520112199362954053e-01 2.277984796537046108e+00 1.099432216052161015e+00 -6.737768628804028381e-01 -1.531010220788994625e+00 1.287889868246483216e+00 -1.258182728778493020e+00 3.983307016796123201e-01 -6.559643730257026517e-01 -5.850162401533165912e+00 -1.376542244851747698e+00 -2.449811635681006794e-01 -2.332363993646916489e-01 3.241732820437428941e+00 -2.205470381297081506e+00 2.746869791041237630e+00 4.861247442280303588e+00 2.398823058695786603e+00 -8.428289620725474274e-01
2.065126838673044141e+00 -2.062050849011680675e+00 -2.177858939166656405e-01 3.068491589874120962e+00 9.365544408309220969e-01 -4.328834835149394378e-01 -5.386790376092750243e+00 -1.565950821213125010e+00 9.654997055467574862e-02 3.100329184980013419e+00 -1.873211810664591637e+00 3.298916000533009263e-01 -8.172644462327535164e-01 -2.996219324049656407e+00 -1.075364591082761168e+00 1.640492021869704331e+00 -1.889422443771344051e+00 -2.491121079161445540e+00 1.403581348631076919e-01 -7.654195961866797626e-01 -1.715716502115610442e+00 -8.477647425518061164e-01 -1.914392200680688383e+00 2.721504840669868863e-01 8.489295596647206121e-01 -1.221353587479968583e+00 -2.458448004008014109e+00 -3.241452570076139850e+00 2.487218525416950321e+00 2.224866662496652214e+00 4.394573074333882334e-01 1.490939501168546899e+00 2.677805766076149507e-01 -2.843757872557793220e+00 -2.475273615175612285e+00 -1.577123058158792945e+00 3.940540057836327659e+00 4.030219835128956873e+00 1.998633270291616082e+00 1.945815681452653712e+00 6.292793007218585588e-01 -3.157268976666289251e-01 1.418529098813259282e+00 1.137795926801120183e+00 -1.341633349638047257e+00 -4.395092698334588377e-01 -3.146535446890578402e+00 1.339894712261031406e+00 -1.926048330834344569e+00 -9.739370331066686814e-01 -1.571422634372527938e+00 -1.399931703672415040e+00 -2.421150910804005019e+00 4.071295014279457725e+00 -2.585656339874876419e+00 -3.259442033961973184e+00 1.942981049856321363e+00 -1.373653457251289733e+00 -1.695187047903348621e+00 3.682614218629155778e-02 -1.358024341098076793e+00 -3.380330005033322927e+00 -1.560465464972168759e+00 5.634731002754405083e-01 1.104103847061573163e+00 1.737629144207754717e+00 -7.789754673456236178e-01 1.382594265923591248e+00 -5.132800959300162780e-02 -2.071066027769848938e-01 1.659058579038654280e+00 -8.652061373439892122e-01 4.767123470616429159e+00 -7.300170757275413758e-01 -3.251057011294487431e+00 4.898916236433464855e-01 -3.004744816018791287e+00 8.778382401606129593e-01 3.153347231382090055e+00 1.428260661342752424e+00 -2.803387426468668120e-01 -3.536337368603212461e+00 -1.716182054257864520e+00 -1.214921914063803454e+00 1.459120391172840092e+00 -2.918883322715645878e+00 -2.508465798957870696e+00 -1.109236903903153826e-01 1.105405964048980172e+00 2.055124746456553630e-01 4.126969094425970930e+00 -8.248565507186248480e-01 -4.284721243790710510e+00 2.152555529964620185e+00 6.041817179996040732e-01 2.555497281196223547e+00 -1.325256499794771337e+00 -2.236625827091954566e+00 2.062062815537817340e-01 7.808098859833559890e-01
1.764024922730799805e+00 2.240879499475775916e+00 9.500573625621766549e-01 4.105937244996351598e-01 7.610116059808551547e-01 3.336632242893430855e-01 3.130660990305993430e-01 6.535952354749842153e-01 2.269733338548440837e+00 -1.871818460474816148e-01 1.549426474824228406e-01 -1.980769762562448744e+00 1.230262602557333551e+00 -3.022919211238228043e-01 -1.706254945192456907e+00 -4.380481471732838861e-01 -1.613863834763682448e+00 3.868989449262063562e-01 -2.817037202712555088e-02 3.026477468524852998e-01 -6.724500815664710140e-01 -1.726244387867622576e+00 -1.630158749548052066e+00 5.193679398430109395e-02 1.139386206158945258e+00 -6.847682301560708007e-01 -3.115553553668835018e-01 9.008107655509417500e-01 1.488242309864856727e+00 -1.799183607001694218e-01 -4.031464937730951936e-01 9.765322912464051708e-01 1.049682934032355498e-02 4.019840979587714358e-01 -1.270472663912215916e+00 1.943594753565785371e+00 1.922931050472108883e+00 9.060352839572952677e-01 -2.679311188424045032e-01 -1.550243555333619683e-01 3.764143079123540292e-01 1.326355738776157311e+00 -4.351453934559079140e-01 4.074494668311307022e-01 -6.743576385081665459e-01 6.764094513813669884e-01 3.960114066523964804e-01 4.393935429697266581e-01 2.383124353699766385e+00 1.116996937763387487e+00 -6.823627271363286173e-02 -8.263911806608713606e-01 1.126609150978426399e+00 -4.378110446319871119e-01 9.493979270642718404e-01 8.443384662261148588e-01 1.187978802445169402e+00 3.187375445737695157e-01 -1.034236074114663451e+00 -6.894776547780980813e-01 -3.539847184197205121e-01 -2.223381172920215754e+00 -1.104341489100153728e+00 1.542984874178643384e+00 -3.927545485886221183e-02 -1.715783387921399894e-01 2.163216638237161149e+00 -2.393710828935804724e-01 6.401241470053505855e-01 -7.380077426027034093e-01 9.102543896610986174e-01 -4.664114743842657229e-01 -1.701879679456290775e-02 -4.226038503182489442e-02 -4.635896059582584328e-01 6.326364746380103155e-02 -5.972928544163840225e-01 -4.932984427756639811e-01 -1.156165573033207439e+00 -2.069955304359976545e+00 -6.374181111214384243e-01 -2.977911119218034086e-01 1.152303348153963292e+00 -1.466399624163686743e+00 1.419607010194175456e-01 6.947329255146473814e-01 -1.582912231755710497e+00 -5.068309705167379775e-01 -1.936263908342384488e+00 8.842200605595595952e-02 3.990456084079831434e-01 3.898830985944239380e-01 4.937342535852878300e-01 2.064467523188115994e+00 -6.920208501976093940e-01 6.088333713247280343e-01 6.898053744629119022e-01 -4.810205466737422220e-01 -1.359578420622072070e-01 5.829282087872458273e-01
4.001479807601018290e-01 1.867543713637066283e+00 -1.513566101104230899e-01 1.440428479896311842e-01 1.216776238440951535e-01 1.494047432424132849e+00 -8.540871133035824458e-01 8.644270968638676500e-01 -1.454352976175488976e+00 1.532759466249505875e+00 3.781548173730290840e-01 -3.478988932159369774e-01 1.202358801301636415e+00 -1.048527540666567948e+00 1.950758042151306881e+00 -1.252763207633638798e+00 -2.127215325417884106e-01 -5.108026693230045545e-01 4.283247170237189372e-01 -6.343487610065635662e-01 -3.595235047637550529e-01 1.774303824101982896e-01 4.627814667482304523e-01 7.290624340694625838e-01 -1.234803919657188498e+00 -8.707686672746176582e-01 5.615738280041573244e-02 4.656493066267881065e-01 1.895873825502778276e+00 -1.070735135762741042e+00 1.222419274925790944e+00 3.562953440132575755e-01 1.785831493447727736e+00 1.883129254934689856e+00 9.693669566417592032e-01 -4.136155564802599938e-01 1.480507229042075545e+00 -8.612166476771208057e-01 8.024059272419696853e-01 6.141469402478164641e-01 -1.099363058858668696e+00 -6.945586901511624500e-01 1.849230298194024513e+00 -7.698949893393147725e-01 3.179178255145906351e-02 5.765806302561563568e-01 -1.093031351524431427e+00 1.666666363955111307e-01 9.444766979114769256e-01 -1.315881460980593776e+00 1.713315848521785645e+00 -9.842570907035212702e-02 -1.079910930306169359e+00 -4.980254564210356283e-01 8.755195279386197849e-02 -1.000189721428642375e+00 3.169378317069269646e-01 8.568127651288333091e-01 6.815700248616791690e-01 -4.555166541241613687e-01 -1.374906135972739918e+00 6.252268747472310428e-01 5.216106440532189414e-02 -1.292836854021998327e+00 -1.168058353236232305e+00 7.717570184933152388e-01 1.336516777041717008e+00 1.099621584217747916e+00 -1.616918801571109121e+00 2.799092048643036512e-01 3.172559257317366654e-01 -9.444061641792540485e-01 3.791482007600393556e-01 -9.559079503556197066e-01 4.814637568920281940e-01 1.565102479980879646e-01 -2.379129013807952109e-01 -5.428471961172161020e-01 7.811915247173347732e-01 4.262406517587092325e-01 -3.973042063876381924e-01 -3.090045986832016811e-01 1.079604381077923669e+00 5.210448885401089969e-01 -3.193201116087766578e-01 -7.255970418504663622e-01 6.103649100152647167e-01 -5.962596915794782237e-01 1.887893081086970959e-01 -3.108787487986038878e-01 -2.772581430649889267e+00 -6.523542336888604742e-01 -1.161064620874121545e-01 -1.105346807412523613e-01 1.536346045461686183e+00 -1.045233994320233117e+00 1.301811148576690780e+00 2.303893827063133060e+00 1.136867230143058238e+00 -3.994374649551885592e-01
9.787239431305786441e-01 -9.772704185344813776e-01 -1.032108374851280069e-01 1.454238758152316846e+00 4.438673473117267787e-01 -2.051576466697119794e-01 -2.552965112436999640e+00 -7.421413564874693725e-01 4.575783493067808044e-02 1.469334496646689470e+00 -8.877637936876490166e-01 1.563425332039460602e-01 -3.873334400566305624e-01 -1.419992705107743447e+00 -5.096501215935340667e-01 7.774731532217024066e-01 -8.954502145537246438e-01 -1.180614708630551624e+00 6.652648028960753135e-02 -3.627899180493243669e-01 -8.131161049967222665e-01 -4.017904270001202427e-01 -9.072883554741681955e-01 1.289782006386490931e-01 4.023262440474776880e-01 -5.788235023496879350e-01 -1.165125103802478579e+00 -1.536214252347166687e+00 1.178770894531261826e+00 1.054415654282334636e+00 2.082710324114447342e-01 7.066687688545646440e-01 1.269067270587829477e-01 -1.347740336093396607e+00 -1.173100561839117706e+00 -7.474458293099405237e-01 1.867546225960492023e+00 1.910041502080308540e+00 9.471587968892052345e-01 9.221516386747312666e-01 2.982337518513888952e-01 -1.496318399001997645e-01 6.722772686454131508e-01 5.392221287704660471e-01 -6.358435250221528001e-01 -2.082972512380216745e-01 -1.491232973139251516e+00 6.350019867966463227e-01 -9.128132829599064912e-01 -4.615757737404204142e-01 -7.447411456099037874e-01 -6.634680959062322358e-01 -1.147457829126337092e+00 1.929508053377511301e+00 -1.225418349035756416e+00 -1.544737068641345967e+00 9.208165010110148652e-01 -6.510112299765355992e-01 -8.033996611418261491e-01 1.740437728894460301e-02 -6.436041150069145012e-01 -1.602041788613062012e+00 -7.395460268135558568e-01 2.670451019482491528e-01 5.232631660820241670e-01 8.235523760793501680e-01 -3.691842753323456572e-01 6.552471045865774224e-01 -2.432597059359967520e-02 -9.816303165320186541e-02 7.862006178670248868e-01 -4.100514445111208550e-01 2.259283865865372665e+00 -3.459756855015077015e-01 -1.540763383431402511e+00 2.321669197633401682e-01 -1.424028622994319315e+00 4.160127798936192889e-01 1.494463897405642561e+00 6.768872030366467341e-01 -1.328270557643629890e-01 -1.675962037869445753e+00 -8.133417384231469427e-01 -5.758006358548534154e-01 6.915028253460469010e-01 -1.383344036448901360e+00 -1.188822157526139289e+00 -5.257641628142530749e-02 5.238854448965377664e-01 9.739761075133412938e-02 1.955904304179371112e+00 -3.908782852891224402e-01 -2.030653160659508405e+00 1.020160599629042597e+00 2.863389682422392002e-01 1.211119026931331666e+00 -6.280763203205002032e-01 -1.060005526274726773e+00 9.773395856963927597e-02 3.700449397089992654e-01
