# 
#                 ----------------------------------------------------
#                 Data from a 3D direct N-body simulation. 
# 
#                 rows are i-particle; 
#                 coumns are :mass, tag, x ,y, z, vx, vy, vz, ax, ay, az
# 
#                 NTHU, Computational Physics Lab
# 
#                 ----------------------------------------------------
#                 Time = 7.4999999999998845
1.000000000000000000e+00 2.000000000000000000e+00 3.000000000000000000e+00 4.000000000000000000e+00 5.000000000000000000e+00 6.000000000000000000e+00 7.000000000000000000e+00 8.000000000000000000e+00 9.000000000000000000e+00 1.000000000000000000e+01 1.100000000000000000e+01 1.200000000000000000e+01 1.300000000000000000e+01 1.400000000000000000e+01 1.500000000000000000e+01 1.600000000000000000e+01 1.700000000000000000e+01 1.800000000000000000e+01 1.900000000000000000e+01 2.000000000000000000e+01 2.100000000000000000e+01 2.200000000000000000e+01 2.300000000000000000e+01 2.400000000000000000e+01 2.500000000000000000e+01 2.600000000000000000e+01 2.700000000000000000e+01 2.800000000000000000e+01 2.900000000000000000e+01 3.000000000000000000e+01 3.100000000000000000e+01 3.200000000000000000e+01 3.300000000000000000e+01 3.400000000000000000e+01 3.500000000000000000e+01 3.600000000000000000e+01 3.700000000000000000e+01 3.800000000000000000e+01 3.900000000000000000e+01 4.000000000000000000e+01 4.100000000000000000e+01 4.200000000000000000e+01 4.300000000000000000e+01 4.400000000000000000e+01 4.500000000000000000e+01 4.600000000000000000e+01 4.700000000000000000e+01 4.800000000000000000e+01 4.900000000000000000e+01 5.000000000000000000e+01 5.100000000000000000e+01 5.200000000000000000e+01 5.300000000000000000e+01 5.400000000000000000e+01 5.500000000000000000e+01 5.600000000000000000e+01 5.700000000000000000e+01 5.800000000000000000e+01 5.900000000000000000e+01 6.000000000000000000e+01 6.100000000000000000e+01 6.200000000000000000e+01 6.300000000000000000e+01 6.400000000000000000e+01 6.500000000000000000e+01 6.600000000000000000e+01 6.700000000000000000e+01 6.800000000000000000e+01 6.900000000000000000e+01 7.000000000000000000e+01 7.100000000000000000e+01 7.200000000000000000e+01 7.300000000000000000e+01 7.400000000000000000e+01 7.500000000000000000e+01 7.600000000000000000e+01 7.700000000000000000e+01 7.800000000000000000e+01 7.900000000000000000e+01 8.000000000000000000e+01 8.100000000000000000e+01 8.200000000000000000e+01 8.300000000000000000e+01 8.400000000000000000e+01 8.500000000000000000e+01 8.600000000000000000e+01 8.700000000000000000e+01 8.800000000000000000e+01 8.900000000000000000e+01 9.000000000000000000e+01 9.100000000000000000e+01 9.200000000000000000e+01 9.300000000000000000e+01 9.400000000000000000e+01 9.500000000000000000e+01 9.600000000000000000e+01 9.700000000000000000e+01 9.800000000000000000e+01 9.900000000000000000e+01 1.000000000000000000e+02
2.000000000000000111e-01 2.000000000000000111e-01 2.000000000000000111e-01 2.000000000000000111e-01 2.000000000000000111e-01 2.000000000000000111e-01 2.000000000000000111e-01 2.000000000000000111e-01 2.000000000000000111e-01 2.000000000000000111e-01 2.000000000000000111e-01 2.000000000000000111e-01 2.000000000000000111e-01 2.000000000000000111e-01 2.000000000000000111e-01 2.000000000000000111e-01 2.000000000000000111e-01 2.000000000000000111e-01 2.000000000000000111e-01 2.000000000000000111e-01 2.000000000000000111e-01 2.000000000000000111e-01 2.000000000000000111e-01 2.000000000000000111e-01 2.000000000000000111e-01 2.000000000000000111e-01 2.000000000000000111e-01 2.000000000000000111e-01 2.000000000000000111e-01 2.000000000000000111e-01 2.000000000000000111e-01 2.000000000000000111e-01 2.000000000000000111e-01 2.000000000000000111e-01 2.000000000000000111e-01 2.000000000000000111e-01 2.000000000000000111e-01 2.000000000000000111e-01 2.000000000000000111e-01 2.000000000000000111e-01 2.000000000000000111e-01 2.000000000000000111e-01 2.000000000000000111e-01 2.000000000000000111e-01 2.000000000000000111e-01 2.000000000000000111e-01 2.000000000000000111e-01 2.000000000000000111e-01 2.000000000000000111e-01 2.000000000000000111e-01 2.000000000000000111e-01 2.000000000000000111e-01 2.000000000000000111e-01 2.000000000000000111e-01 2.000000000000000111e-01 2.000000000000000111e-01 2.000000000000000111e-01 2.000000000000000111e-01 2.000000000000000111e-01 2.000000000000000111e-01 2.000000000000000111e-01 2.000000000000000111e-01 2.000000000000000111e-01 2.000000000000000111e-01 2.000000000000000111e-01 2.000000000000000111e-01 2.000000000000000111e-01 2.000000000000000111e-01 2.000000000000000111e-01 2.000000000000000111e-01 2.000000000000000111e-01 2.000000000000000111e-01 2.000000000000000111e-01 2.000000000000000111e-01 2.000000000000000111e-01 2.000000000000000111e-01 2.000000000000000111e-01 2.000000000000000111e-01 2.000000000000000111e-01 2.000000000000000111e-01 2.000000000000000111e-01 2.000000000000000111e-01 2.000000000000000111e-01 2.000000000000000111e-01 2.000000000000000111e-01 2.000000000000000111e-01 2.000000000000000111e-01 2.000000000000000111e-01 2.000000000000000111e-01 2.000000000000000111e-01 2.000000000000000111e-01 2.000000000000000111e-01 2.000000000000000111e-01 2.000000000000000111e-01 2.000000000000000111e-01 2.000000000000000111e-01 2.000000000000000111e-01 2.000000000000000111e-01 2.000000000000000111e-01 2.000000000000000111e-01
6.475765194087270515e+01 8.226290279308513220e+01 3.487688976259641294e+01 1.507295253624735842e+01 2.793697299835055148e+01 1.224887819500004227e+01 1.149268435271585886e+01 2.399369164576796365e+01 8.332218643267661662e+01 -6.871470187791469897e+00 5.687988722320426405e+00 -7.271436038490993781e+01 4.516321546382668828e+01 -1.109723400403633242e+01 -6.263682044454413500e+01 -1.608096854185718527e+01 -5.924528107153778222e+01 1.420310667279358974e+01 -1.034226040288580784e+00 1.110887870090420115e+01 -2.468575506281806042e+01 -6.337080878834670727e+01 -5.984351072647861258e+01 1.906667799233712435e+00 4.182703485472229232e+01 -2.513819470500580522e+01 -1.143719117842635491e+01 3.306892796179436544e+01 5.463352487344376129e+01 -6.604861328091504724e+00 -1.479975981912232363e+01 3.584936089605308496e+01 3.853634317805199050e-01 1.475689643153338615e+01 -4.663920894549949026e+01 7.134966186256625065e+01 7.059097859157144228e+01 3.326067196091099021e+01 -9.836314632338771347e+00 -5.690843325115785944e+00 1.381827352573525225e+01 4.869081513850822773e+01 -1.597427127604097663e+01 1.495758449093794340e+01 -2.475551254877519725e+01 2.483120634635341517e+01 1.453756280134838796e+01 1.613014491960032615e+01 8.748476968720328273e+01 4.100516078681628329e+01 -2.504997589950196613e+00 -3.033722207895824141e+01 4.135808212015700747e+01 -1.607213387453274223e+01 3.485261960070005216e+01 3.099589394612992166e+01 4.361114947133913944e+01 1.170079589074129345e+01 -3.796690953374777422e+01 -2.531130822547223858e+01 -1.299486671596433851e+01 -8.162060139847234552e+01 -4.054074994725084480e+01 5.664327820025145144e+01 -1.441859982369793958e+00 -6.298405903314932885e+00 7.941193800404894887e+01 -8.787386061121276626e+00 2.349904563457872442e+01 -2.709247754325285840e+01 3.341491060836942495e+01 -1.712204661123473670e+01 -6.247731952098856123e-01 -1.551356228113713431e+00 -1.701844611141711638e+01 2.322399069187481402e+00 -2.192682731940152507e+01 -1.810917376840956905e+01 -4.244302437351505830e+01 -7.598838903197503214e+01 -2.339979482497771457e+01 -1.093192484400722897e+01 4.230132839088626895e+01 -5.383179164438011099e+01 5.211327036788187428e+00 2.550380393320217465e+01 -5.810898642222925758e+01 -1.860567906652059023e+01 -7.108046595863199002e+01 3.245976881099220446e+00 1.464898985097163830e+01 1.431422501773812073e+01 1.812506642899786158e+01 7.578689894823976658e+01 -2.540434082070565580e+01 2.235038317895801185e+01 2.532288718307279751e+01 -1.765833836315912464e+01 -4.990957207183726041e+00 2.139951764567368286e+01
1.468952264746431524e+01 6.855773181986766929e+01 -5.556313280755231787e+00 5.287825658929884654e+00 4.466771807655522508e+00 5.484679688889033855e+01 -3.135364632042621835e+01 3.173323126296829244e+01 -5.338946717127204522e+01 5.626782702500860012e+01 1.388214090671683643e+01 -1.277148670854645118e+01 4.413881198784610405e+01 -3.849169204903198249e+01 7.161255740872763909e+01 -4.598924482515068490e+01 -7.809160855239595023e+00 -1.875161033096076579e+01 1.572387625777459519e+01 -2.328677245982160215e+01 -1.319835164990579202e+01 6.513445924582256907e+00 1.698873680048947676e+01 2.676413258334531520e+01 -4.532988040440312716e+01 -3.196617820857072445e+01 2.061600938408442829e+00 1.709410933390793730e+01 6.959773982195774522e+01 -3.930687352687999692e+01 4.487526912853005001e+01 1.308016023560426433e+01 6.555826039977119990e+01 6.912993238618349778e+01 3.558573599701691137e+01 -1.518387383515545075e+01 5.434955199123975689e+01 -3.161537501657845795e+01 2.945674583177368078e+01 2.254485065422780110e+01 -4.035796017707970407e+01 -2.549735406994282982e+01 6.788559127625453016e+01 -2.826304411574855635e+01 1.167373092878017715e+00 2.116638133538327082e+01 -4.012546520666221284e+01 6.118392784085274982e+00 3.467180804369384362e+01 -4.830627183082206955e+01 6.289611510271346617e+01 -3.613416802694629837e+00 -3.964374094674631266e+01 -1.828259266765656932e+01 3.214031149669086762e+00 -3.671720981318234323e+01 1.163484005262643883e+01 3.145377535129511060e+01 2.502065620481529606e+01 -1.672215977436924561e+01 -5.047321686285539499e+01 2.295214468155355547e+01 1.914865847069188831e+00 -4.746025827529596341e+01 -4.287974817164247554e+01 2.833149398558730070e+01 4.906368278851597609e+01 4.036745277906028662e+01 -5.935745365187352007e+01 1.027559812889013990e+01 1.164619444324188713e+01 -3.466950279213685349e+01 1.391857632460584959e+01 -3.509171078366647123e+01 1.767469349955057467e+01 5.745470790855246257e+00 -8.733861731722225130e+00 -1.992805645158765060e+01 2.867763001564174985e+01 1.564745329001071639e+01 -1.458481079325049556e+01 -1.134363800559297530e+01 3.963243902694349430e+01 1.912773611257416206e+01 -1.172232050990383989e+01 -2.663670626179432688e+01 2.240663653852961090e+01 -2.188913683515733055e+01 6.930383392083270699e+00 -1.141243093651321949e+01 -1.017816891941428850e+02 -2.394836960506565759e+01 -4.262254815994795720e+00 -4.057779166213882682e+00 5.639957627308422872e+01 -3.837073970862299888e+01 4.778981948773187582e+01 8.457623174525927823e+01 4.173463663452748307e+01 -1.466345737314988362e+01
3.592911180993476705e+01 -3.587570274566825645e+01 -3.788936031104678470e+00 5.338544213350047585e+01 1.629436119771004599e+01 -7.531352166296790607e+00 -9.371966504146472232e+01 -2.724422649669306651e+01 1.679777604535658719e+00 5.393952767814157312e+01 -3.259002043196202436e+01 5.739391220530961846e+00 -1.421897952600107651e+01 -5.212819534474876093e+01 -1.870929713433207553e+01 2.854120932773518149e+01 -3.287214662624383266e+01 -4.334055806300243319e+01 2.442119933226550632e+00 -1.331766603117887193e+01 -2.984976265502993442e+01 -1.474967439747654652e+01 -3.330667711877171655e+01 4.734832059063684540e+00 1.476953378110651904e+01 -2.124883891404972402e+01 -4.277198918930002947e+01 -5.639472615019644763e+01 4.327280454945989874e+01 3.870792607354184867e+01 7.645670053557435786e+00 2.594111931506193969e+01 4.658793154193204167e+00 -4.947575771525455934e+01 -4.306475422804226838e+01 -2.743884216487193584e+01 6.855781230508955559e+01 7.011789762212146115e+01 3.477095592043741590e+01 3.385265172738660766e+01 1.094820962353612792e+01 -5.493012887520590581e+00 2.467946531695592682e+01 1.979507738127866645e+01 -2.334186706616315732e+01 -7.646613964460559743e+00 -5.474342448136924588e+01 2.331117893901853932e+01 -3.350948935443928178e+01 -1.694453698035098554e+01 -2.733958883738660717e+01 -2.435602456204859223e+01 -4.212331670215227319e+01 7.083251987774447400e+01 -4.498529961359402307e+01 -5.670763413901516969e+01 3.380354204222764025e+01 -2.389876418236940481e+01 -2.949291790419383119e+01 6.394846947148880023e-01 -2.362684804092415192e+01 -5.881115498851428924e+01 -2.714890083837033075e+01 9.803282964643662112e+00 1.920911975105457259e+01 3.023228215015837606e+01 -1.355275464695653120e+01 2.405428058499193256e+01 -8.930087676773600380e-01 -3.603473534405856604e+00 2.886243226359432157e+01 -1.505299571302205841e+01 8.293861470050849505e+01 -1.270083109129225996e+01 -5.656175694099308515e+01 8.522966721011965063e+00 -5.227640780921942110e+01 1.527213372037936878e+01 5.486200162395574864e+01 2.484872169022619204e+01 -4.876495100218501300e+00 -6.152496826579263711e+01 -2.985798737305632855e+01 -2.113757369314354051e+01 2.538537686081427225e+01 -5.078278043169414246e+01 -4.364200333917745667e+01 -1.930013421295697418e+00 1.923190337172449205e+01 3.575490622997524959e+00 7.180140575273209436e+01 -1.434973195376437438e+01 -7.454561746248373311e+01 3.745023885355745819e+01 1.051155378923088612e+01 4.446044002368750370e+01 -2.305679871002582360e+01 -3.891293427695358531e+01 3.587750054186904514e+00 1.358445161024609504e+01
1.501185468951197777e+01 1.906988583832234596e+01 8.084991095806310923e+00 3.494153048062513811e+00 6.476211238900367206e+00 2.839475089715250533e+00 2.664192654591000853e+00 5.562097660458726445e+00 1.931543272714498016e+01 -1.592917699712416590e+00 1.318562382729365545e+00 -1.685635320892591693e+01 1.046953740572607572e+01 -2.572505274095660432e+00 -1.452023102774340657e+01 -3.727792205984723051e+00 -1.373398445452344419e+01 3.292510359714192703e+00 -2.397309841463676205e-01 2.575517350507372960e+00 -5.722551179425638956e+00 -1.469034335842290950e+01 -1.387265470462445549e+01 4.419829282695682537e-01 9.696177987965542755e+00 -5.827381589904208070e+00 -2.651335808535373317e+00 7.665901103909249059e+00 1.266494299330657824e+01 -1.531105864249723947e+00 -3.430779535512988865e+00 8.310299384449447047e+00 8.932831979109707998e-02 3.420885172258928630e+00 -1.081172353921722973e+01 1.653999385643447795e+01 1.636414427925063464e+01 7.710361154369564929e+00 -2.280100518616675398e+00 -1.319255953961814942e+00 3.203286822023361236e+00 1.128729019293582070e+01 -3.703088071086902744e+00 3.467396133661476032e+00 -5.738781193693114346e+00 5.756246688668025691e+00 3.370056629172402562e+00 3.739238881545383641e+00 2.028039018431152840e+01 9.505645772990874320e+00 -5.806911855141311252e-01 -7.032593383693097167e+00 9.587446408778911078e+00 -3.725772842280644870e+00 8.079378525959379331e+00 7.185322664658796654e+00 1.010970441581792478e+01 2.712455574954843573e+00 -8.801349634230916763e+00 -5.867461599088311885e+00 -3.012410824670611387e+00 -1.892097586330602965e+01 -9.397950025811473651e+00 1.313080409161754503e+01 -3.342348178183094376e-01 -1.460128738417366234e+00 1.840897542075037663e+01 -2.037048681611151935e+00 5.447457190068575983e+00 -6.280448083404329473e+00 7.746258247582119338e+00 -3.969162378717111750e+00 -1.448301138997967752e-01 -3.596355715500549888e-01 -3.945148149872535370e+00 5.383734820574350710e-01 -5.082964385960885068e+00 -4.197971778783894159e+00 -9.838970623370910218e+00 -1.761532245047186152e+01 -5.424429944585582142e+00 -2.534202343295875348e+00 9.806104163768235793e+00 -1.247906314328196231e+01 1.208084853341781617e+00 5.912178732401474512e+00 -1.347058557011721902e+01 -4.313130218176853603e+00 -1.647760737075088144e+01 7.524712796307906348e-01 3.395878197396711595e+00 3.317923396405941361e+00 4.201679210627955463e+00 1.756862102199582409e+01 -5.889100178762642912e+00 5.181172980762533520e+00 5.870244948265607832e+00 -4.093485474566947779e+00 -1.157000475253347593e+00 4.960721466739029140e+00
3.405260189588767084e+00 1.589279835524125239e+01 -1.288044808969030619e+00 1.225804704962845770e+00 1.035476335191621855e+00 1.271434664648213086e+01 -7.268282151252400070e+00 7.356275458386188681e+00 -1.237654503008683449e+01 1.304378492820366908e+01 3.218098225838886162e+00 -2.960620836321050220e+00 1.023207539187933079e+01 -8.922971778705766965e+00 1.660095258249591410e+01 -1.066101794024291394e+01 -1.810262016186686473e+00 -4.346930951674918830e+00 3.645044022059303668e+00 -5.398305776756750163e+00 -3.059547825086717854e+00 1.509932154219397749e+00 3.938270361442075096e+00 6.204323969731653676e+00 -1.050818343090559637e+01 -7.410244058796023658e+00 4.779000802779795332e-01 3.962676842013270750e+00 1.613388770912896675e+01 -9.111957662845982853e+00 1.040279047008974622e+01 3.032079791176193861e+00 1.519742970175320274e+01 1.602543199046069944e+01 8.249315616165713294e+00 -3.519868710084289365e+00 1.259911723560760599e+01 -7.328954527819868225e+00 6.828479136580960507e+00 5.226384198243014367e+00 -9.355583201406249216e+00 -5.910695321939599012e+00 1.573695300298391331e+01 -6.551808356415210532e+00 2.705516938025520068e-01 4.906702128702527865e+00 -9.301699655476603823e+00 1.418333724414296393e+00 8.037496963753630652e+00 -1.119815369053642939e+01 1.458032041617144436e+01 -8.376052814709846750e-01 -9.190043965330493947e+00 -4.238197296637213007e+00 7.450670519461053409e-01 -8.511616951806665554e+00 2.697141401771624203e+00 7.291478321728539491e+00 5.800163230248753798e+00 -3.876448198394078837e+00 -1.170045549149857322e+01 5.320681137563513907e+00 4.438910346579423294e-01 -1.100204352683812381e+01 -9.940179913617633645e+00 6.567655358936741905e+00 1.137375883087754680e+01 9.357783274871946944e+00 -1.375998252805796085e+01 2.382028790051192502e+00 2.699844666283072847e+00 -8.036900249078740899e+00 3.226551523252171094e+00 -8.134780164667827052e+00 4.097258248106847134e+00 1.331901864880150166e+00 -2.024639626409562965e+00 -4.619630991014350485e+00 6.647940498355591643e+00 3.627309650344202829e+00 -3.381055805399670433e+00 -2.629629926585240973e+00 9.187434629620410576e+00 4.434093892325606134e+00 -2.717414936629725553e+00 -6.174830863493578903e+00 5.194206751161593694e+00 -5.074175076874857915e+00 1.606596005550652739e+00 -2.645578854926442514e+00 -2.359466904780210328e+01 -5.551539330860655319e+00 -9.880657535685769544e-01 -9.406506985970362056e-01 1.307430778219504397e+01 -8.894943126354936780e+00 1.107841619380774212e+01 1.960613863458972972e+01 9.674742416365068820e+00 -3.399213922543378175e+00
8.328942085913126903e+00 -8.316571968392944214e+00 -8.783249851194814273e-01 1.237557512266429782e+01 3.777310743326120157e+00 -1.745891631616856676e+00 -2.172573544673441504e+01 -6.315625182010530914e+00 3.893992399425882378e-01 1.250403886535174358e+01 -7.554871963261181378e+00 1.330475567304834961e+00 -3.296206950311993733e+00 -1.208414031006383205e+01 -4.337122729935871668e+00 6.616298164209562849e+00 -7.620282873440051397e+00 -1.004703282710483059e+01 5.661394766860698979e-01 -3.087338126247192172e+00 -6.919620906331875432e+00 -3.419235636965509251e+00 -7.721024856396531355e+00 1.097604932347863604e+00 3.423797793969774350e+00 -4.925790472311637913e+00 -9.915216976925149694e+00 -1.307318607425154866e+01 1.003134113448686904e+01 8.973080631148054209e+00 1.772386856936999822e+00 6.013742810268618122e+00 1.079976755186122128e+00 -1.146927203358210257e+01 -9.983087943650197360e+00 -6.360764858189050130e+00 1.589281958920524573e+01 1.625445540390990118e+01 8.060330026840892614e+00 7.847515609565899553e+00 2.537969649503221348e+00 -1.273367213124994901e+00 5.721081211652057519e+00 4.588782875957118534e+00 -5.411028651490834562e+00 -1.772609751039256221e+00 -1.269039493272569352e+01 5.403869693619274273e+00 -7.768041884820660492e+00 -3.928010670648377722e+00 -6.337748444266657621e+00 -5.646114456170475471e+00 -9.764867152394860028e+00 1.642011580764955170e+01 -1.042831177755164695e+01 -1.314571567242392369e+01 7.836152416016291866e+00 -5.540106928964593891e+00 -6.836932064203738335e+00 1.481181907801238373e-01 -5.477072370911031385e+00 -1.363337712389500922e+01 -6.293538292821616587e+00 2.272554364437500141e+00 4.452970822090385639e+00 7.008426353001123488e+00 -3.141757952633835060e+00 5.576154437371748429e+00 -2.070140241662131730e-01 -8.353662031699514712e-01 6.690578687209309372e+00 -3.489537635162195173e+00 1.922650807461965172e+01 -2.944253660944503803e+00 -1.311189957758887026e+01 1.975741820674182581e+00 -1.211848664017859001e+01 3.540272281257720977e+00 1.271788972262937811e+01 5.760312065443969232e+00 -1.130363171409436651e+00 -1.426244089498477763e+01 -6.921540324202085870e+00 -4.900062216918257718e+00 5.884692443878479118e+00 -1.177225963878179194e+01 -1.011688006487546687e+01 -4.474244384255036122e-01 4.458265669752076832e+00 8.288539105469762136e-01 1.664474638685002006e+01 -3.326380776742884571e+00 -1.728086136226392355e+01 8.681567850080066151e+00 2.436745067101896645e+00 1.030662540635228908e+01 -5.344930550578300910e+00 -9.020648003867719922e+00 8.317151418000180430e-01 3.149083474622509815e+00
1.764018411732871883e+00 2.240876246879517364e+00 9.500499891657984142e-01 4.105925902377674519e-01 7.610054042697946830e-01 3.336605880214262854e-01 3.130657185405517073e-01 6.535896879920420899e-01 2.269728284887583936e+00 -1.871813702637848409e-01 1.549415130384599604e-01 -1.980763422020711539e+00 1.230255935818414192e+00 -3.022893498728795314e-01 -1.706251325602184066e+00 -4.380419367040872536e-01 -1.613855759136300083e+00 3.868981017725589555e-01 -2.816755604250355260e-02 3.026898560913005021e-01 -6.724476211149733595e-01 -1.726235314455894843e+00 -1.630149347220147593e+00 5.193475101883471279e-02 1.139382769118786332e+00 -6.847582885224497984e-01 -3.115560260469711351e-01 9.008070329180587477e-01 1.488239963226348772e+00 -1.799168236515647779e-01 -4.031392611461538378e-01 9.765068355643150566e-01 1.049607159493564333e-02 4.019828477874752837e-01 -1.270469735614030204e+00 1.943588477974160122e+00 1.922928444535721759e+00 9.060330582715103720e-01 -2.679139333392155931e-01 -1.550277501488675491e-01 3.764116429656478857e-01 1.326348578471278072e+00 -4.351434565028665102e-01 4.074465299014480291e-01 -6.743635807129576554e-01 6.764037901516063434e-01 3.960125217879473802e-01 4.393939813638337855e-01 2.383119505257102144e+00 1.116992343502158702e+00 -6.823500654868362714e-02 -8.263799262603479523e-01 1.126602794517420181e+00 -4.378089077941430540e-01 9.493924947489700283e-01 8.443326459884514801e-01 1.187966691428791410e+00 3.187398946804231858e-01 -1.034234467842661376e+00 -6.894605152656412272e-01 -3.539825358679177247e-01 -2.223375954506061625e+00 -1.104331550646138416e+00 1.542977817078424074e+00 -3.927370652312450749e-02 -1.715859609182966150e-01 2.163212053399973467e+00 -2.393691609161239242e-01 6.401223950628270876e-01 -7.380022422196265142e-01 9.102724260898451547e-01 -4.664096667314892586e-01 -1.701841286806802730e-02 -4.226115296004461647e-02 -4.635880938707486743e-01 6.326403971814421878e-02 -5.972873419026570874e-01 -4.932933522714011976e-01 -1.156161570371146530e+00 -2.069948246984735452e+00 -6.374136262242389162e-01 -2.977911677359227349e-01 1.152296648521187850e+00 -1.466393759321507284e+00 1.419624909889105613e-01 6.947290749775907326e-01 -1.582906019336801196e+00 -5.068344500137021980e-01 -1.936260134963348145e+00 8.842198691743181904e-02 3.990454333752787575e-01 3.898328271337573314e-01 4.937324672649414659e-01 2.064461507250712202e+00 -6.920139648573883084e-01 6.088308870744790768e-01 6.898023378314878107e-01 -4.810189863591852744e-01 -1.359597772348240530e-01 5.829221608354404616e-01
4.001457897633391436e-01 1.867540324050209977e+00 -1.513564681440339177e-01 1.440426763075931815e-01 1.216782435795358830e-01 1.494039920094863971e+00 -8.540850652916238683e-01 8.644249362524581981e-01 -1.454349961288540438e+00 1.532754777572567395e+00 3.781529887809178536e-01 -3.478957457932846387e-01 1.202353803975702240e+00 -1.048521504213439481e+00 1.950753922156585274e+00 -1.252755573449679360e+00 -2.127170810931338918e-01 -5.108020837177982276e-01 4.283230191716449475e-01 -6.343551663523672168e-01 -3.595164615380231909e-01 1.774313894463546426e-01 4.627812804730738194e-01 7.290557540090347732e-01 -1.234798719972368009e+00 -8.707619055475297465e-01 5.615549277984926979e-02 4.656461882420299125e-01 1.895870180958483253e+00 -1.070730984513700967e+00 1.222413149882616512e+00 3.562784068910654911e-01 1.785822233507136758e+00 1.883124164079355678e+00 9.693598923326870453e-01 -4.136147434971494397e-01 1.480505433589575093e+00 -8.612145020117647487e-01 8.023939268089689270e-01 6.141630120709993257e-01 -1.099354099756637781e+00 -6.945565131283323312e-01 1.849222360834467338e+00 -7.698899832445605940e-01 3.178256598012714484e-02 5.765782118607324369e-01 -1.093024190987063271e+00 1.666650077067598767e-01 9.444760357938111195e-01 -1.315875299896198003e+00 1.713309468191539287e+00 -9.841933341646585953e-02 -1.079906044450984925e+00 -4.980237958208459936e-01 8.755212192246765446e-02 -1.000183636212220062e+00 3.169366970200773737e-01 8.568085279058019754e-01 6.815642092797429274e-01 -4.555128848457711266e-01 -1.374895413939467792e+00 6.252257882338496664e-01 5.216011039807897515e-02 -1.292832092220763451e+00 -1.168050008850400889e+00 7.717490475482670087e-01 1.336514124461175790e+00 1.099612557832065907e+00 -1.616909959094507743e+00 2.799055496198866733e-01 3.172649452201415921e-01 -9.443966442998679156e-01 3.791473615124442698e-01 -9.558991533313913047e-01 4.814595502477844180e-01 1.565111300832271735e-01 -2.379108052080422253e-01 -5.428438056286809532e-01 7.811899631973237002e-01 4.262363575668347004e-01 -3.973119134484913717e-01 -3.090026111446153578e-01 1.079601007196379747e+00 5.210401424437275386e-01 -3.193181397146195866e-01 -7.255969630916232482e-01 6.103614739614756646e-01 -5.962467785480296545e-01 1.887918529449386096e-01 -3.108769863382529475e-01 -2.772578741693661364e+00 -6.523412563168814460e-01 -1.161070611576644901e-01 -1.105332616579133148e-01 1.536338682879337281e+00 -1.045229394962164049e+00 1.301802818816287344e+00 2.303888397051589099e+00 1.136861500977586648e+00 -3.994347194103771148e-01
9.787206094637483922e-01 -9.772686470262175185e-01 -1.032089344941658909e-01 1.454230507860414079e+00 4.438683257850336572e-01 -2.051575001581095459e-01 -2.552959247285178090e+00 -7.421357374651315064e-01 4.575767293049693568e-02 1.469328733564512657e+00 -8.877585812147719135e-01 1.563410052022767560e-01 -3.873350130037387373e-01 -1.419986714356374025e+00 -5.096496324728242433e-01 7.774690691124958031e-01 -8.954463333258038116e-01 -1.180610559842779184e+00 6.652867967103329172e-02 -3.628016084068143021e-01 -8.131089390953095686e-01 -4.017926807903420272e-01 -9.072859798248222862e-01 1.289770820888988812e-01 4.023225881437173523e-01 -5.788172885012845548e-01 -1.165119230780516268e+00 -1.536207263804943102e+00 1.178768834539157151e+00 1.054407089048153834e+00 2.082700950633257220e-01 7.066916036306370996e-01 1.269054530650136348e-01 -1.347735890295447714e+00 -1.173095138044720542e+00 -7.474436967417638078e-01 1.867543202523497259e+00 1.910035934258087265e+00 9.471366419468626452e-01 9.221385623344862115e-01 2.982327023847535230e-01 -1.496311987122465048e-01 6.722731162918157422e-01 5.392157028216703063e-01 -6.358429212888410120e-01 -2.082968941821425057e-01 -1.491227127752875914e+00 6.349949939205019600e-01 -9.128111597677869282e-01 -4.615736769648731141e-01 -7.447378984463299822e-01 -6.634656753421703801e-01 -1.147455259718078047e+00 1.929502355143995151e+00 -1.225414272733114540e+00 -1.544728988553320415e+00 9.208064491271866769e-01 -6.510078200868233411e-01 -8.033972862786668001e-01 1.738659188728344102e-02 -6.436007225087762018e-01 -1.602038021400918666e+00 -7.395419972712319323e-01 2.670437327566435037e-01 5.232599623055983473e-01 8.235638677452195022e-01 -3.691848541144147622e-01 6.552431576975749072e-01 -2.432593404423489397e-02 -9.816603342067541094e-02 7.861702485130092066e-01 -4.100518620662750302e-01 2.259277910170912396e+00 -3.459742396484585258e-01 -1.540755398461272296e+00 2.321635674308158148e-01 -1.424020957641912055e+00 4.160039308364648636e-01 1.494458995319852379e+00 6.768822558551006452e-01 -1.328143180652929523e-01 -1.675952120320341354e+00 -8.133363908497398542e-01 -5.758036442349492301e-01 6.914942951848964681e-01 -1.383339307636365145e+00 -1.188813346994308962e+00 -5.257858152124761375e-02 5.238841214447005346e-01 9.739700422459017515e-02 1.955902403859750560e+00 -3.908603412726568416e-01 -2.030645727558240132e+00 1.020157723939127070e+00 2.863378474990803113e-01 1.211112791461147031e+00 -6.280736518625273934e-01 -1.060003081661488711e+00 9.773609447583003762e-02 3.700423405174497749e-01
