# 
#                 ----------------------------------------------------
#                 Data from a 3D direct N-body simulation. 
# 
#                 rows are i-particle; 
#                 coumns are :mass, tag, x ,y, z, vx, vy, vz, ax, ay, az
# 
#                 NTHU, Computational Physics Lab
# 
#                 ----------------------------------------------------
#                 Time = 9.59999999999984
1.000000000000000000e+00 2.000000000000000000e+00 3.000000000000000000e+00 4.000000000000000000e+00 5.000000000000000000e+00 6.000000000000000000e+00 7.000000000000000000e+00 8.000000000000000000e+00 9.000000000000000000e+00 1.000000000000000000e+01 1.100000000000000000e+01 1.200000000000000000e+01 1.300000000000000000e+01 1.400000000000000000e+01 1.500000000000000000e+01 1.600000000000000000e+01 1.700000000000000000e+01 1.800000000000000000e+01 1.900000000000000000e+01 2.000000000000000000e+01 2.100000000000000000e+01 2.200000000000000000e+01 2.300000000000000000e+01 2.400000000000000000e+01 2.500000000000000000e+01 2.600000000000000000e+01 2.700000000000000000e+01 2.800000000000000000e+01 2.900000000000000000e+01 3.000000000000000000e+01 3.100000000000000000e+01 3.200000000000000000e+01 3.300000000000000000e+01 3.400000000000000000e+01 3.500000000000000000e+01 3.600000000000000000e+01 3.700000000000000000e+01 3.800000000000000000e+01 3.900000000000000000e+01 4.000000000000000000e+01 4.100000000000000000e+01 4.200000000000000000e+01 4.300000000000000000e+01 4.400000000000000000e+01 4.500000000000000000e+01 4.600000000000000000e+01 4.700000000000000000e+01 4.800000000000000000e+01 4.900000000000000000e+01 5.000000000000000000e+01 5.100000000000000000e+01 5.200000000000000000e+01 5.300000000000000000e+01 5.400000000000000000e+01 5.500000000000000000e+01 5.600000000000000000e+01 5.700000000000000000e+01 5.800000000000000000e+01 5.900000000000000000e+01 6.000000000000000000e+01 6.100000000000000000e+01 6.200000000000000000e+01 6.300000000000000000e+01 6.400000000000000000e+01 6.500000000000000000e+01 6.600000000000000000e+01 6.700000000000000000e+01 6.800000000000000000e+01 6.900000000000000000e+01 7.000000000000000000e+01 7.100000000000000000e+01 7.200000000000000000e+01 7.300000000000000000e+01 7.400000000000000000e+01 7.500000000000000000e+01 7.600000000000000000e+01 7.700000000000000000e+01 7.800000000000000000e+01 7.900000000000000000e+01 8.000000000000000000e+01 8.100000000000000000e+01 8.200000000000000000e+01 8.300000000000000000e+01 8.400000000000000000e+01 8.500000000000000000e+01 8.600000000000000000e+01 8.700000000000000000e+01 8.800000000000000000e+01 8.900000000000000000e+01 9.000000000000000000e+01 9.100000000000000000e+01 9.200000000000000000e+01 9.300000000000000000e+01 9.400000000000000000e+01 9.500000000000000000e+01 9.600000000000000000e+01 9.700000000000000000e+01 9.800000000000000000e+01 9.900000000000000000e+01 1.000000000000000000e+02
2.000000000000000111e-01 2.000000000000000111e-01 2.000000000000000111e-01 2.000000000000000111e-01 2.000000000000000111e-01 2.000000000000000111e-01 2.000000000000000111e-01 2.000000000000000111e-01 2.000000000000000111e-01 2.000000000000000111e-01 2.000000000000000111e-01 2.000000000000000111e-01 2.000000000000000111e-01 2.000000000000000111e-01 2.000000000000000111e-01 2.000000000000000111e-01 2.000000000000000111e-01 2.000000000000000111e-01 2.000000000000000111e-01 2.000000000000000111e-01 2.000000000000000111e-01 2.000000000000000111e-01 2.000000000000000111e-01 2.000000000000000111e-01 2.000000000000000111e-01 2.000000000000000111e-01 2.000000000000000111e-01 2.000000000000000111e-01 2.000000000000000111e-01 2.000000000000000111e-01 2.000000000000000111e-01 2.000000000000000111e-01 2.000000000000000111e-01 2.000000000000000111e-01 2.000000000000000111e-01 2.000000000000000111e-01 2.000000000000000111e-01 2.000000000000000111e-01 2.000000000000000111e-01 2.000000000000000111e-01 2.000000000000000111e-01 2.000000000000000111e-01 2.000000000000000111e-01 2.000000000000000111e-01 2.000000000000000111e-01 2.000000000000000111e-01 2.000000000000000111e-01 2.000000000000000111e-01 2.000000000000000111e-01 2.000000000000000111e-01 2.000000000000000111e-01 2.000000000000000111e-01 2.000000000000000111e-01 2.000000000000000111e-01 2.000000000000000111e-01 2.000000000000000111e-01 2.000000000000000111e-01 2.000000000000000111e-01 2.000000000000000111e-01 2.000000000000000111e-01 2.000000000000000111e-01 2.000000000000000111e-01 2.000000000000000111e-01 2.000000000000000111e-01 2.000000000000000111e-01 2.000000000000000111e-01 2.000000000000000111e-01 2.000000000000000111e-01 2.000000000000000111e-01 2.000000000000000111e-01 2.000000000000000111e-01 2.000000000000000111e-01 2.000000000000000111e-01 2.000000000000000111e-01 2.000000000000000111e-01 2.000000000000000111e-01 2.000000000000000111e-01 2.000000000000000111e-01 2.000000000000000111e-01 2.000000000000000111e-01 2.000000000000000111e-01 2.000000000000000111e-01 2.000000000000000111e-01 2.000000000000000111e-01 2.000000000000000111e-01 2.000000000000000111e-01 2.000000000000000111e-01 2.000000000000000111e-01 2.000000000000000111e-01 2.000000000000000111e-01 2.000000000000000111e-01 2.000000000000000111e-01 2.000000000000000111e-01 2.000000000000000111e-01 2.000000000000000111e-01 2.000000000000000111e-01 2.000000000000000111e-01 2.000000000000000111e-01 2.000000000000000111e-01 2.000000000000000111e-01
1.001722073315150112e+02 1.272507951503539658e+02 5.395023122738257371e+01 2.331603058903603554e+01 4.321503346387353872e+01 1.894749745763727233e+01 1.777779883351285761e+01 3.711526194771496279e+01 1.288893459850102090e+02 -1.062933227458503183e+01 8.798615752683454971e+00 -1.124802854154509646e+02 6.986195829780483280e+01 -1.716604307430599619e+01 -9.689158974506918298e+01 -2.487521459219938791e+01 -9.164520030646157522e+01 2.197048873545311665e+01 -1.599770544192532729e+00 1.718489662879903079e+01 -3.818585952331012834e+01 -9.802687863247855660e+01 -9.257056483708917938e+01 2.949348057274812085e+00 6.470134760621616010e+01 -3.888558798569686559e+01 -1.769197741947185065e+01 5.115359975594022757e+01 8.451147425840537153e+01 -1.021690022613619675e+01 -2.289331885319787219e+01 5.545418695937866715e+01 5.960967347838602715e-01 2.282712746204875032e+01 -7.214521412005701961e+01 1.103692615018032939e+02 1.091957387761043918e+02 5.145023325970506534e+01 -1.521527579858638646e+01 -8.803117046344306473e+00 2.137516350212748151e+01 7.531872309849255487e+01 -2.471024753048939004e+01 2.313753594515781131e+01 -3.829392480142922039e+01 3.841079470184008215e+01 2.248788934260969086e+01 2.495141030347353706e+01 1.353283675422416081e+02 6.342998498856604783e+01 -3.874907258234236096e+00 -4.692783582665442310e+01 6.397587868660837529e+01 -2.486162546689080699e+01 5.391272491007736534e+01 4.794682497696735624e+01 6.746099519644818088e+01 1.809977408584648018e+01 -5.873023075360808321e+01 -3.915323787433285219e+01 -2.010146092085619074e+01 -1.262571946468562629e+02 -6.271149598635808786e+01 8.762023281947018916e+01 -2.230351607847812279e+00 -9.743023362542897914e+00 1.228406689264989353e+02 -1.359299727602858177e+01 3.635017559998215830e+01 -4.190871341586023391e+01 5.168920378136900240e+01 -2.648572090636441700e+01 -9.664420315184216737e-01 -2.399776777156024998e+00 -2.632546896031399086e+01 3.592480592411812612e+00 -3.391807107207453953e+01 -2.801262630245278729e+01 -6.565419891132543739e+01 -1.175448020027276357e+02 -3.619659471642523130e+01 -1.691037929026072462e+01 6.543496118798424277e+01 -8.327122243485094089e+01 8.061332536613845079e+00 3.945125684892410334e+01 -8.988752383943875657e+01 -2.878082251651729706e+01 -1.099528950028127383e+02 5.021137049314844170e+00 2.266022924461320542e+01 2.214144510566441681e+01 2.803727284649020035e+01 1.172331406669116944e+02 -3.929734193023838174e+01 3.457331852349536661e+01 3.917141570360251279e+01 -2.731530471144245453e+01 -7.720449530432315299e+00 3.310237603918774596e+01
2.272289049345213385e+01 1.060505347516660919e+02 -8.594948390644049141e+00 8.179629639154468279e+00 6.909572643907792688e+00 8.484128280661722954e+01 -4.850029638966000078e+01 4.908746669169717336e+01 -8.258705337353363518e+01 8.703949961903020949e+01 2.147397450573624411e+01 -1.975590055760901365e+01 6.827736040618795244e+01 -5.954192264992325079e+01 1.107759701953924605e+02 -7.113970847438841361e+01 -1.207975221529900089e+01 -2.900648391911147073e+01 2.432292094697816154e+01 -3.602196778755710227e+01 -2.041613582055491705e+01 1.007553967071121725e+01 2.627953728138377798e+01 4.140078080072841971e+01 -7.011979674275777086e+01 -4.944772067644558433e+01 3.189013952545883157e+00 2.644248052076918754e+01 1.076592977292414446e+02 -6.080294640451275967e+01 6.941655005927393063e+01 2.023312154030438137e+01 1.014106007198235204e+02 1.069356283047824121e+02 5.504673729366097490e+01 -2.348761862885067586e+01 8.407221265185789605e+01 -4.890515748374382099e+01 4.556583052536081624e+01 3.487448704856753068e+01 -6.242876061403261900e+01 -3.944131133900584274e+01 1.050107278208621722e+02 -4.371944903482948064e+01 1.805612129667090837e+00 3.274181074230674682e+01 -6.206915276357629807e+01 9.464389933539125721e+00 5.363312132088810102e+01 -7.472389956498196284e+01 9.729263529993899340e+01 -5.589402469878248070e+00 -6.132402606052882987e+01 -2.828094944630003837e+01 4.971724389029320790e+00 -5.679701027822747506e+01 1.799768240365507666e+01 4.865514259503196826e+01 3.870384802049023421e+01 -2.586710687009744802e+01 -7.807581769182871767e+01 3.550419792428046151e+01 2.962050055188947706e+00 -7.341524440462873713e+01 -6.632967618900464402e+01 4.382527682157266469e+01 7.589558995530553887e+01 6.244344326977564918e+01 -9.181870334562586322e+01 1.589505029391673396e+01 1.801543752347744132e+01 -5.362938783516379004e+01 2.153035444845471957e+01 -5.428250668797745249e+01 2.734055409320394503e+01 8.887571756418914504e+00 -1.351019825489283122e+01 -3.082625209538123201e+01 4.436082891779903292e+01 2.420465468775503126e+01 -2.256110081916400389e+01 -1.754721159214349413e+01 6.130657194140864874e+01 2.958822676030562704e+01 -1.813298835817822408e+01 -4.120379237808311501e+01 3.466031773691862128e+01 -3.385962853376048542e+01 1.072052106106439950e+01 -1.765363027179135358e+01 -1.574440302971634651e+02 -3.704501455958880030e+01 -6.593208973420775720e+00 -6.276871463191471712e+00 8.724324934901751760e+01 -5.935485105086353741e+01 7.392496863959100040e+01 1.308291967473575994e+02 6.455837526997649434e+01 -2.268256014351248240e+01
5.557796910595482132e+01 -5.549538123096638031e+01 -5.860994184279862296e+00 8.258072809097603795e+01 2.520544342535229632e+01 -1.165009687929838833e+01 -1.449729845701424438e+02 -4.214344863238233785e+01 2.598411675853263603e+00 8.343787910402696184e+01 -5.041275918219384522e+01 8.878121815386830207e+00 -2.199508783866718176e+01 -8.063596065024461268e+01 -2.894103230265292837e+01 4.414975473534083505e+01 -5.084919979254343758e+01 -6.704257324920008898e+01 3.777708591591525167e+00 -2.060105374263739009e+01 -4.617387170827156950e+01 -2.281602211535728841e+01 -5.152139488257735422e+01 7.324196873516719997e+00 2.284663042430245383e+01 -3.286929097435706382e+01 -6.616303269491859851e+01 -8.723575386356071704e+01 6.693780619457535863e+01 5.987636295768012928e+01 1.182691800479017985e+01 4.012823439697300643e+01 7.206570853290735990e+00 -7.653298658618419381e+01 -6.661591364310892516e+01 -4.244456170030328934e+01 1.060506661783506104e+02 1.084638831581639380e+02 5.378608508429292812e+01 5.236574992651055993e+01 1.693554898735386161e+01 -8.497020822806899076e+00 3.817609804764195758e+01 3.062049199102526487e+01 -3.610706087062830960e+01 -1.182838909028739316e+01 -8.468140960722651300e+01 3.605946919792093297e+01 -5.183512590184887614e+01 -2.621112932864199152e+01 -4.229100760888896104e+01 -3.767580671360534694e+01 -6.515967654807541010e+01 1.095693157185877880e+02 -6.958679278326771112e+01 -8.771976440235482642e+01 5.228984025094553090e+01 -3.696846094757585632e+01 -4.562196623513065674e+01 9.888701795342507150e-01 -3.654783958420480872e+01 -9.097374075394222359e+01 -4.199602132311272129e+01 1.516447854908213699e+01 2.971414666716434994e+01 4.676593591746776468e+01 -2.096449895571716482e+01 3.720901603273372871e+01 -1.381376902684144259e+00 -5.574198690206713103e+00 4.464615264649032866e+01 -2.328518910626368665e+01 1.282959893986407280e+02 -1.964663696544232607e+01 -8.749411163983438655e+01 1.318394518218832623e+01 -8.086519590020284909e+01 2.362399410348309559e+01 8.486485208459481555e+01 3.843790235987044923e+01 -7.543113223378976606e+00 -9.517156848647744027e+01 -4.618662875036258697e+01 -3.269735140971966558e+01 3.926797584151547227e+01 -7.855478880638146677e+01 -6.750878483083164383e+01 -2.985540532602459329e+00 2.974942575477169626e+01 5.530844224319462654e+00 1.110681379495159717e+02 -2.219697848460363687e+01 -1.153130000894810223e+02 5.793097909562936110e+01 1.626009337437808355e+01 6.877485702933050504e+01 -3.566605524597223109e+01 -6.019360185941245334e+01 5.549859958399100179e+00 2.101347024575655809e+01
1.871629328049909446e+01 2.377572591997610729e+01 1.008009598964453346e+01 4.356397474731158681e+00 8.074322517712181124e+00 3.540162294738564253e+00 3.321630659222053694e+00 6.934635942483778237e+00 2.408186206824207076e+01 -1.985998571884062036e+00 1.643939547277389224e+00 -2.101595632344507081e+01 1.305307479552849692e+01 -3.207312879742326484e+00 -1.810335877056332166e+01 -4.647680202807675798e+00 -1.712308145735699227e+01 4.104996363898789191e+00 -2.988828199791871421e-01 3.211166527494109690e+00 -7.134691155935667162e+00 -1.831543741613970866e+01 -1.729596822742428941e+01 5.510458822990800254e-01 1.208888176423597827e+01 -7.265373883330060067e+00 -3.305603470822386036e+00 9.557595830813147231e+00 1.579024688953674804e+01 -1.908931176531722729e+00 -4.277371902095835843e+00 1.036096345036007982e+01 1.113700615686177287e-01 4.265049138470597079e+00 -1.347970995088211765e+01 2.062152958919050860e+01 2.040229398329740107e+01 9.613030551562797399e+00 -2.842719584023063462e+00 -1.644814267740104974e+00 3.993751242103928512e+00 1.407262212672735124e+01 -4.616889307831787193e+00 4.323033813230821032e+00 -7.154944780468767362e+00 7.176694583945057992e+00 4.201682937544245711e+00 4.661966247373493744e+00 2.528494109050602034e+01 1.185132964237458175e+01 -7.239846849432840514e-01 -8.767991101473858961e+00 1.195331220535942762e+01 -4.645171524476483960e+00 1.007310270348131986e+01 8.958421155391906865e+00 1.260443433078562059e+01 3.381809380373578922e+00 -1.097324199853201776e+01 -7.315328487174751260e+00 -3.755774125303948718e+00 -2.359006530873836383e+01 -1.171704616973472213e+01 1.637105742765015393e+01 -4.167095817390684687e-01 -1.820459342704050520e+00 2.295172068102697693e+01 -2.539723897792962148e+00 6.791714199882409986e+00 -7.830252729844665360e+00 9.657830547240662256e+00 -4.948622658414754127e+00 -1.805687765798104361e-01 -4.483840014520530382e-01 -4.918683129896301409e+00 6.712279699019667589e-01 -6.337267741596533277e+00 -5.233887760968674030e+00 -1.226690987587235426e+01 -2.196221368930282836e+01 -6.762998508948919962e+00 -3.159563796174327699e+00 1.222592704987511780e+01 -1.555848997151463209e+01 1.506206104667858758e+00 7.371109746297750398e+00 -1.679468814044740554e+01 -5.377482602624636954e+00 -2.054375361149310919e+01 9.381574519412940738e-01 4.233873605504851589e+00 4.136571761855683427e+00 5.238517371677390955e+00 2.190399011916971617e+01 -7.342329427074524517e+00 6.459717815516842876e+00 7.318829823361216569e+00 -5.103625328271015782e+00 -1.442516029345487505e+00 6.184857936076540774e+00
4.245566323307028433e+00 1.981463299740377337e+01 -1.605893390465486181e+00 1.528294323266709442e+00 1.291000653722452540e+00 1.585183039370102520e+01 -9.061860765197675249e+00 9.171567800075770549e+00 -1.543067991468844014e+01 1.626256990806763980e+01 4.012219481593404247e+00 -3.691201866883230487e+00 1.275701832369746747e+01 -1.112486686926869339e+01 2.069753577241943532e+01 -1.329180455812718264e+01 -2.256967836126272609e+00 -5.419615320858898855e+00 4.544522343114996588e+00 -6.730451699134270882e+00 -3.814532314633374277e+00 1.882538083449336375e+00 4.910111048331308403e+00 7.735340977578148092e+00 -1.310126068402860788e+01 -9.238843983958490824e+00 5.958265937342207552e-01 4.940533802045377954e+00 2.011521504791480197e+01 -1.136049268336615725e+01 1.296985801555149287e+01 3.780264253568021537e+00 1.894765628736811891e+01 1.997999267743942298e+01 1.028497131015027044e+01 -4.388459662231772640e+00 1.570817862583575319e+01 -9.137504957772730307e+00 8.513506246996678684e+00 6.516126705593311641e+00 -1.166422670954597507e+01 -7.369263974882600543e+00 1.962031987094775332e+01 -8.168577264599161225e+00 3.372949780508183171e-01 6.117516346253031756e+00 -1.159705037554691565e+01 1.768330222174007815e+00 1.002089663143090270e+01 -1.396149175062395997e+01 1.817827022719865937e+01 -1.044285809481025895e+00 -1.145784660340786942e+01 -5.284047249076221142e+00 9.289265098970007628e-01 -1.061200251901278513e+01 3.362708452677558579e+00 9.090776182399743277e+00 7.231448003948692360e+00 -4.833025213897061079e+00 -1.458773573948075608e+01 6.633655280563945489e+00 5.534272557008009796e-01 -1.371699086663545941e+01 -1.239308483781020875e+01 8.188328268562688805e+00 1.418043846223999616e+01 1.166696954420710952e+01 -1.715549334212922972e+01 2.969830402902968736e+00 3.366101153755803210e+00 -1.002013309441384514e+01 4.022760972934759316e+00 -1.014216828715096241e+01 5.108323256040414151e+00 1.660575248037077012e+00 -2.524252293633764577e+00 -5.759602944479798481e+00 8.288439403405982731e+00 4.522405952652444050e+00 -4.215410910924879850e+00 -3.278535387504814214e+00 1.145459670656757112e+01 5.528278137769012446e+00 -3.387983007724562956e+00 -7.698584485099146946e+00 6.475965807608798031e+00 -6.326293165689020448e+00 2.003058925528248935e+00 -3.298420506299783117e+00 -2.941708437494163420e+01 -6.921455821743140113e+00 -1.231890588776408668e+00 -1.172770532025942281e+00 1.630061893295505371e+01 -1.108992480374719136e+01 1.381220201909259870e+01 2.444430420697386808e+01 1.206215150361256683e+01 -4.238026802247612856e+00
1.038425532807623952e+01 -1.036883610710879289e+01 -1.095063726029728679e+00 1.542945909584303266e+01 4.709434238550307406e+00 -2.176722380291263192e+00 -2.708694979968671745e+01 -7.874110167122277737e+00 4.854903512640340590e-01 1.558962914064499294e+01 -9.419164924847798659e+00 1.658791660944894719e+00 -4.109610495414711906e+00 -1.506611234244386210e+01 -5.407386952595904184e+00 8.248983163146561992e+00 -9.500720129519082846e+00 -1.252631495584368793e+01 7.058497288771923284e-01 -3.849221637064508705e+00 -8.627149597366511102e+00 -4.263000292122091750e+00 -9.626325387157162794e+00 1.368456792081855111e+00 4.268675187715304631e+00 -6.141306707862985270e+00 -1.236196729512829329e+01 -1.629922124918651249e+01 1.250675566371649872e+01 1.118733542125585601e+01 2.209754045963764124e+00 7.497795437188531587e+00 1.346478192211258751e+00 -1.429951735291160375e+01 -1.244658767218865414e+01 -7.930396597223103861e+00 1.981466028030369486e+01 2.026553080286867115e+01 1.004931672409712107e+01 9.784006442491209654e+00 3.164258312640445769e+00 -1.587592723167179143e+00 7.132854708892671702e+00 5.721135779189580717e+00 -6.746298779383239186e+00 -2.210033224782889327e+00 -1.582197183488230507e+01 6.737359101745016510e+00 -9.684945296315424557e+00 -4.897315368555356763e+00 -7.901697994271560610e+00 -7.039392346997223271e+00 -1.217452316873847096e+01 2.047207068899349025e+01 -1.300168170418012359e+01 -1.638964645698028377e+01 9.769845845455231270e+00 -6.907223312574833685e+00 -8.524066338524562525e+00 1.846298323734160418e-01 -6.828633849802599798e+00 -1.699765692622238689e+01 -7.846576441507454369e+00 2.833346187738382760e+00 5.551816706690593684e+00 8.737910605522900553e+00 -3.917046152821356930e+00 6.952165023892304063e+00 -2.580984852457765544e-01 -1.041514907310109317e+00 8.341535864572568570e+00 -4.350646550230915288e+00 2.397099161860789351e+01 -3.670799547851545608e+00 -1.634748582403016925e+01 2.463285274355640375e+00 -1.510893056451547345e+01 4.413880435908132505e+00 1.585625355734855724e+01 7.181764746772668850e+00 -1.409273095075545656e+00 -1.778194023546663516e+01 -8.629546684492412467e+00 -6.109249903846231788e+00 7.336830367270303910e+00 -1.467727213132735820e+01 -1.261338799389113952e+01 -5.578394841141687266e-01 5.558422309819488483e+00 1.033387612558349211e+00 2.075214141345935204e+01 -4.147187289507972885e+00 -2.154521730605227248e+01 1.082389903782230789e+01 3.038054534172221377e+00 1.284996219788423133e+01 -6.663885189303902834e+00 -1.124665444770338674e+01 1.036960964365255311e+00 3.926172360306773967e+00
1.764018350515697220e+00 2.240876216298089307e+00 9.500499198380147892e-01 4.105925795733178507e-01 7.610053459593373315e-01 3.336605632345772676e-01 3.130657149631174696e-01 6.535896358292984099e-01 2.269728237372254931e+00 -1.871813657901758299e-01 1.549415023722900686e-01 -1.980763362405687067e+00 1.230255873134757261e+00 -3.022893256971885823e-01 -1.706251291570237250e+00 -4.380418783097702051e-01 -1.613855683206782965e+00 3.868980938450432006e-01 -2.816752956441585798e-02 3.026902544269796103e-01 -6.724475979823717475e-01 -1.726235229144224448e+00 -1.630149258814931112e+00 5.193473181050751314e-02 1.139382736803745244e+00 -6.847581950396846029e-01 -3.115560323542096444e-01 9.008069978227650765e-01 1.488239941162834201e+00 -1.799168092006367126e-01 -4.031391931364436410e-01 9.765065955317040469e-01 1.049606447028358577e-02 4.019828360330669481e-01 -1.270469708081926274e+00 1.943588418969743437e+00 1.922928420034306862e+00 9.060330373452349928e-01 -2.679137715858410651e-01 -1.550277821213301988e-01 3.764116179081427593e-01 1.326348511148134124e+00 -4.351434382910115417e-01 4.074465022869357966e-01 -6.743636366335108434e-01 6.764037369224245033e-01 3.960125322749618593e-01 4.393939854898681885e-01 2.383119459671263041e+00 1.116992300305622354e+00 -6.823499464378353363e-02 -8.263798203969471290e-01 1.126602734751323887e+00 -4.378088877032433879e-01 9.493924436728861105e-01 8.443325912620583962e-01 1.187966577530960466e+00 3.187399167811366674e-01 -1.034234452741575883e+00 -6.894603540414151466e-01 -3.539825153469455254e-01 -2.223375905441790756e+00 -1.104331457194684729e+00 1.542977750724458863e+00 -3.927369008442383597e-02 -1.715860326985427509e-01 2.163212010292800080e+00 -2.393691428448014302e-01 6.401223785906524633e-01 -7.380021905035570873e-01 9.102725963839480849e-01 -4.664096497437937305e-01 -1.701840925836160118e-02 -4.226116017947466330e-02 -4.635880796537740212e-01 6.326404340555902284e-02 -5.972872900710080035e-01 -4.932933044083927521e-01 -1.156161532737511211e+00 -2.069948180626655976e+00 -6.374135840780242868e-01 -2.977911682620760225e-01 1.152296585528863160e+00 -1.466393704179708379e+00 1.419625078195614620e-01 6.947290387746606344e-01 -1.582905960924630984e+00 -5.068344827783951567e-01 -1.936260099488417596e+00 8.842198673781842544e-02 3.990454317296084907e-01 3.898323520510821316e-01 4.937324504695586591e-01 2.064461450687549160e+00 -6.920139001187931571e-01 6.088308637168924342e-01 6.898023092804019818e-01 -4.810189716888779166e-01 -1.359597954366959238e-01 5.829221039693955886e-01
4.001457691630280755e-01 1.867540292180752237e+00 -1.513564668091584020e-01 1.440426746933939628e-01 1.216782494092372713e-01 1.494039849461871627e+00 -8.540850460358186957e-01 8.644249159382149106e-01 -1.454349932942097912e+00 1.532754733488688181e+00 3.781529715878401698e-01 -3.478957162005869019e-01 1.202353756989036127e+00 -1.048521447456827849e+00 1.950753883419731993e+00 -1.252755501669870597e+00 -2.127170392387917608e-01 -5.108020782126381221e-01 4.283230032092530393e-01 -6.343552270677670357e-01 -3.595163953077069041e-01 1.774313989155322790e-01 4.627812787241442627e-01 7.290556911954479968e-01 -1.234798671083866317e+00 -8.707618419736630200e-01 5.615547500824176474e-02 4.656461589215874497e-01 1.895870146691925662e+00 -1.070730945483187480e+00 1.222413092289442060e+00 3.562782472333649308e-01 1.785822146442135994e+00 1.883124116214081489e+00 9.693598259105725701e-01 -4.136147358532812346e-01 1.480505416708578492e+00 -8.612144818377652777e-01 8.023938138651526275e-01 6.141631633475856944e-01 -1.099354015518274386e+00 -6.945564926595430011e-01 1.849222286205043586e+00 -7.698899361757644000e-01 3.178247928020831725e-02 5.765781891224165401e-01 -1.093024123660284230e+00 1.666649923928968657e-01 9.444760295685715734e-01 -1.315875241968291087e+00 1.713309408201914241e+00 -9.841927343498793612e-02 -1.079905998512556753e+00 -4.980237802075334064e-01 8.755212351308942764e-02 -1.000183578994894740e+00 3.169366863509892052e-01 8.568084880670651104e-01 6.815641545991714123e-01 -4.555128493767005571e-01 -1.374895313126411667e+00 6.252257780182406410e-01 5.216010142717975723e-02 -1.292832047448808419e+00 -1.168049930393640246e+00 7.717489725548863921e-01 1.336514099521122434e+00 1.099612472959579534e+00 -1.616909875955018006e+00 2.799055152510434019e-01 3.172650304308531899e-01 -9.443965547873970356e-01 3.791473536217049856e-01 -9.558990706194743225e-01 4.814595106951258252e-01 1.565111383801215950e-01 -2.379107854987883020e-01 -5.428437737493500004e-01 7.811899485155572309e-01 4.262363171868306932e-01 -3.973119859971629420e-01 -3.090025924565129034e-01 1.079600975474630520e+00 5.210400978195830479e-01 -3.193181211746830561e-01 -7.255969623545622804e-01 6.103614416523174269e-01 -5.962466570828162116e-01 1.887918768770371625e-01 -3.108769697672528198e-01 -2.772578716411865596e+00 -6.523411338078549671e-01 -1.161070667902751041e-01 -1.105332483154049111e-01 1.536338613654075980e+00 -1.045229351717867017e+00 1.301802740495764832e+00 2.303888345997699094e+00 1.136861447113375778e+00 -3.994346935962962974e-01
9.787205781197408916e-01 -9.772686303702498023e-01 -1.032089166011699727e-01 1.454230430288965703e+00 4.438683349908297271e-01 -2.051574987803382322e-01 -2.552959192139969247e+00 -7.421356846318405420e-01 4.575767140729738308e-02 1.469328679378753444e+00 -8.877585322053805905e-01 1.563409908357558942e-01 -3.873350277942940179e-01 -1.419986658029404492e+00 -5.096496278740411112e-01 7.774690307131342237e-01 -8.954462968332073114e-01 -1.180610520835182475e+00 6.652870035214906996e-02 -3.628017191018762522e-01 -8.131088717161341073e-01 -4.017927019825604518e-01 -9.072859574901079860e-01 1.289770715723830841e-01 4.023225537696626386e-01 -5.788172300688673166e-01 -1.165119175561064369e+00 -1.536207198096545712e+00 1.178768815170768036e+00 1.054407008513388311e+00 2.082700862477269155e-01 7.066918191638514868e-01 1.269054410867209437e-01 -1.347735848495194677e+00 -1.173095087047973051e+00 -7.474436766909472452e-01 1.867543174096772507e+00 1.910035881908417554e+00 9.471364334598646462e-01 9.221384393397319412e-01 2.982326925181525423e-01 -1.496311926833313599e-01 6.722730772499672103e-01 5.392156424014422633e-01 -6.358429156253539993e-01 -2.082968908251623952e-01 -1.491227072792287611e+00 6.349949281689195590e-01 -9.128111398051125258e-01 -4.615736572501650259e-01 -7.447378679155078895e-01 -6.634656525747854028e-01 -1.147455235560720599e+00 1.929502301568165601e+00 -1.225414234407028014e+00 -1.544728912579820923e+00 9.208063545995951449e-01 -6.510077880269069528e-01 -8.033972639498284662e-01 1.738642451224042818e-02 -6.436006906111274573e-01 -1.602037985981040080e+00 -7.395419593834258176e-01 2.670437198834500481e-01 5.232599321827391403e-01 8.235639760144016774e-01 -3.691848595562863822e-01 6.552431205906142919e-01 -2.432593370069082925e-02 -9.816606164446217697e-02 7.861699621490475520e-01 -4.100518659973999558e-01 2.259277854174490230e+00 -3.459742260549401593e-01 -1.540755323383949493e+00 2.321635359101786311e-01 -1.424020885570301820e+00 4.160038476312835631e-01 1.494458949229448441e+00 6.768822093370040482e-01 -1.328141981491340051e-01 -1.675952027070790162e+00 -8.133363405688855963e-01 -5.758036725234606523e-01 6.914942149800104021e-01 -1.383339263176517564e+00 -1.188813264149626514e+00 -5.257860187994945617e-02 5.238841090050979643e-01 9.739699852255967460e-02 1.955902385992843495e+00 -3.908601717769405459e-01 -2.030645657670272275e+00 1.020157696901257127e+00 2.863378369617424757e-01 1.211112732833424133e+00 -6.280736267731018563e-01 -1.060003058676827425e+00 9.773611456190360591e-02 3.700423160791053712e-01
