# 
#                 ----------------------------------------------------
#                 Data from a 3D direct N-body simulation. 
# 
#                 rows are i-particle; 
#                 coumns are :mass, tag, x ,y, z, vx, vy, vz, ax, ay, az
# 
#                 NTHU, Computational Physics Lab
# 
#                 ----------------------------------------------------
#                 Time = 7.199999999999891
1.000000000000000000e+00 2.000000000000000000e+00 3.000000000000000000e+00 4.000000000000000000e+00 5.000000000000000000e+00 6.000000000000000000e+00 7.000000000000000000e+00 8.000000000000000000e+00 9.000000000000000000e+00 1.000000000000000000e+01 1.100000000000000000e+01 1.200000000000000000e+01 1.300000000000000000e+01 1.400000000000000000e+01 1.500000000000000000e+01 1.600000000000000000e+01 1.700000000000000000e+01 1.800000000000000000e+01 1.900000000000000000e+01 2.000000000000000000e+01 2.100000000000000000e+01 2.200000000000000000e+01 2.300000000000000000e+01 2.400000000000000000e+01 2.500000000000000000e+01 2.600000000000000000e+01 2.700000000000000000e+01 2.800000000000000000e+01 2.900000000000000000e+01 3.000000000000000000e+01 3.100000000000000000e+01 3.200000000000000000e+01 3.300000000000000000e+01 3.400000000000000000e+01 3.500000000000000000e+01 3.600000000000000000e+01 3.700000000000000000e+01 3.800000000000000000e+01 3.900000000000000000e+01 4.000000000000000000e+01 4.100000000000000000e+01 4.200000000000000000e+01 4.300000000000000000e+01 4.400000000000000000e+01 4.500000000000000000e+01 4.600000000000000000e+01 4.700000000000000000e+01 4.800000000000000000e+01 4.900000000000000000e+01 5.000000000000000000e+01 5.100000000000000000e+01 5.200000000000000000e+01 5.300000000000000000e+01 5.400000000000000000e+01 5.500000000000000000e+01 5.600000000000000000e+01 5.700000000000000000e+01 5.800000000000000000e+01 5.900000000000000000e+01 6.000000000000000000e+01 6.100000000000000000e+01 6.200000000000000000e+01 6.300000000000000000e+01 6.400000000000000000e+01 6.500000000000000000e+01 6.600000000000000000e+01 6.700000000000000000e+01 6.800000000000000000e+01 6.900000000000000000e+01 7.000000000000000000e+01 7.100000000000000000e+01 7.200000000000000000e+01 7.300000000000000000e+01 7.400000000000000000e+01 7.500000000000000000e+01 7.600000000000000000e+01 7.700000000000000000e+01 7.800000000000000000e+01 7.900000000000000000e+01 8.000000000000000000e+01 8.100000000000000000e+01 8.200000000000000000e+01 8.300000000000000000e+01 8.400000000000000000e+01 8.500000000000000000e+01 8.600000000000000000e+01 8.700000000000000000e+01 8.800000000000000000e+01 8.900000000000000000e+01 9.000000000000000000e+01 9.100000000000000000e+01 9.200000000000000000e+01 9.300000000000000000e+01 9.400000000000000000e+01 9.500000000000000000e+01 9.600000000000000000e+01 9.700000000000000000e+01 9.800000000000000000e+01 9.900000000000000000e+01 1.000000000000000000e+02
2.000000000000000111e-01 2.000000000000000111e-01 2.000000000000000111e-01 2.000000000000000111e-01 2.000000000000000111e-01 2.000000000000000111e-01 2.000000000000000111e-01 2.000000000000000111e-01 2.000000000000000111e-01 2.000000000000000111e-01 2.000000000000000111e-01 2.000000000000000111e-01 2.000000000000000111e-01 2.000000000000000111e-01 2.000000000000000111e-01 2.000000000000000111e-01 2.000000000000000111e-01 2.000000000000000111e-01 2.000000000000000111e-01 2.000000000000000111e-01 2.000000000000000111e-01 2.000000000000000111e-01 2.000000000000000111e-01 2.000000000000000111e-01 2.000000000000000111e-01 2.000000000000000111e-01 2.000000000000000111e-01 2.000000000000000111e-01 2.000000000000000111e-01 2.000000000000000111e-01 2.000000000000000111e-01 2.000000000000000111e-01 2.000000000000000111e-01 2.000000000000000111e-01 2.000000000000000111e-01 2.000000000000000111e-01 2.000000000000000111e-01 2.000000000000000111e-01 2.000000000000000111e-01 2.000000000000000111e-01 2.000000000000000111e-01 2.000000000000000111e-01 2.000000000000000111e-01 2.000000000000000111e-01 2.000000000000000111e-01 2.000000000000000111e-01 2.000000000000000111e-01 2.000000000000000111e-01 2.000000000000000111e-01 2.000000000000000111e-01 2.000000000000000111e-01 2.000000000000000111e-01 2.000000000000000111e-01 2.000000000000000111e-01 2.000000000000000111e-01 2.000000000000000111e-01 2.000000000000000111e-01 2.000000000000000111e-01 2.000000000000000111e-01 2.000000000000000111e-01 2.000000000000000111e-01 2.000000000000000111e-01 2.000000000000000111e-01 2.000000000000000111e-01 2.000000000000000111e-01 2.000000000000000111e-01 2.000000000000000111e-01 2.000000000000000111e-01 2.000000000000000111e-01 2.000000000000000111e-01 2.000000000000000111e-01 2.000000000000000111e-01 2.000000000000000111e-01 2.000000000000000111e-01 2.000000000000000111e-01 2.000000000000000111e-01 2.000000000000000111e-01 2.000000000000000111e-01 2.000000000000000111e-01 2.000000000000000111e-01 2.000000000000000111e-01 2.000000000000000111e-01 2.000000000000000111e-01 2.000000000000000111e-01 2.000000000000000111e-01 2.000000000000000111e-01 2.000000000000000111e-01 2.000000000000000111e-01 2.000000000000000111e-01 2.000000000000000111e-01 2.000000000000000111e-01 2.000000000000000111e-01 2.000000000000000111e-01 2.000000000000000111e-01 2.000000000000000111e-01 2.000000000000000111e-01 2.000000000000000111e-01 2.000000000000000111e-01 2.000000000000000111e-01 2.000000000000000111e-01
6.033347636275037473e+01 7.664277647279953953e+01 3.249414468359717745e+01 1.404318328842471963e+01 2.602835487006619530e+01 1.141205039462874282e+01 1.070751451368475671e+01 2.235447388376319822e+01 7.762969438751083828e+01 -6.402018039554470796e+00 5.299392375623762419e+00 -6.774658877642099242e+01 4.207771575942885534e+01 -1.033908544263218943e+01 -5.835753244598618750e+01 -1.498234276740734749e+01 -5.519770924459400874e+01 1.323276397948542815e+01 -9.635742851545022747e-01 1.034984453795394366e+01 -2.299924985201735694e+01 -5.904138637025363323e+01 -5.575507103600972414e+01 1.776409984612470572e+00 3.896945368305029689e+01 -2.342079435132846399e+01 -1.065581045701690854e+01 3.080969394721943644e+01 5.090101277387024226e+01 -6.153625825928894066e+00 -1.378866722544582935e+01 3.340021388911554823e+01 3.590372590886202198e-01 1.374872010804517686e+01 -4.345286302192837269e+01 6.647512518734070852e+01 6.576826708788171061e+01 3.098833510229182053e+01 -9.164340604291092873e+00 -5.302042787577786243e+00 1.287422600314489962e+01 4.536431376688224049e+01 -1.488292631031800539e+01 1.393570074477675469e+01 -2.306422455161367679e+01 2.313477051048657884e+01 1.354436637604230143e+01 1.502814598428438586e+01 8.150789300979776897e+01 3.820373171052003869e+01 -2.333860809630176281e+00 -2.826463116088354255e+01 3.853254532347506967e+01 -1.497410342276599593e+01 3.247152870534554125e+01 2.887829211598348067e+01 4.063169664808624049e+01 1.090140251344207734e+01 -3.537304519458155738e+01 -2.358209546946802249e+01 -1.210707268274535053e+01 -7.604436055759622093e+01 -3.777105985959678947e+01 5.277347097475504256e+01 -1.343356853872425649e+00 -5.868088649792722933e+00 7.398658992037000814e+01 -8.187043068939169999e+00 2.189361398539067594e+01 -2.524155321930316731e+01 3.113199539270352645e+01 -1.595228633267892349e+01 -5.820899896309957855e-01 -1.445367308507926607e+00 -1.585576313072674637e+01 2.163733906345322922e+00 -2.042881593417098074e+01 -1.687198043578554874e+01 -3.954336045729544225e+01 -7.079693996816811818e+01 -2.180114945492207923e+01 -1.018506474356483693e+01 3.941135049114840427e+01 -5.015406042074808113e+01 4.855289892824267817e+00 2.376141312197593436e+01 -5.413904152225820354e+01 -1.733454755120937207e+01 -6.622431545359789595e+01 3.024214486621864761e+00 1.364818343625997699e+01 1.333639047761434071e+01 1.688678062689217541e+01 7.060921340965506943e+01 -2.366875139571041231e+01 2.082342867472516446e+01 2.359285480389034007e+01 -1.645193857522391667e+01 -4.649975254522852097e+00 1.993753270307838577e+01
1.368595115119543770e+01 6.387393162798337443e+01 -5.176710879135438148e+00 4.926566167880230829e+00 4.161604428039758830e+00 5.109972469158449115e+01 -2.921159550305256047e+01 2.956524774765124874e+01 -4.974194941059809594e+01 5.242366551168463218e+01 1.293372832351740698e+01 -1.189895576630909702e+01 4.112329529161721808e+01 -3.586198398329830894e+01 6.672005556060449294e+01 -4.284731344412139720e+01 -7.275654519171758317e+00 -1.747051713924387784e+01 1.464963758707252950e+01 -2.169582670907893984e+01 -1.229666554336890627e+01 6.068450690810079706e+00 1.582808084968394091e+01 2.493564290156479046e+01 -4.223299131769254444e+01 -2.978228927689264793e+01 1.920757911559152431e+00 1.592626035987220767e+01 6.484288766747596355e+01 -3.662146912245891173e+01 4.180944057943906245e+01 1.218656882709156442e+01 6.107939349004215046e+01 6.440704337658777945e+01 3.315456250754272816e+01 -1.414652588561291324e+01 5.063643956512506605e+01 -2.945544331089001844e+01 2.744430981788080004e+01 2.100457272979582157e+01 -3.760075615142659444e+01 -2.375540051651969975e+01 6.324772038184468670e+01 -2.633214665822630351e+01 1.087637800494235529e+00 1.972031671638175254e+01 -3.738414139883720821e+01 5.700392592158636695e+00 3.230306037619915571e+01 -4.500604011234882051e+01 5.859911790412985511e+01 -3.366564088456235559e+00 -3.693532352929998552e+01 -1.703354454952919284e+01 2.994450879566483703e+00 -3.420873299145985413e+01 1.083995978349628686e+01 2.930488823866458858e+01 2.331127762533982661e+01 -1.557972339478684987e+01 -4.702495050936786924e+01 2.138407550078894914e+01 1.784045741669507246e+00 -4.421782266154311714e+01 -3.995025644821595989e+01 2.639592608529495266e+01 4.571169827493626769e+01 3.760960036198298440e+01 -5.530221984189144280e+01 9.573585241721797701e+00 1.085051796560902027e+01 -3.230093056670394702e+01 1.296767249892445761e+01 -3.269429219644067786e+01 1.646718170501099721e+01 5.352943232217397984e+00 -8.137175830099160123e+00 -1.856659512564249326e+01 2.671840141452769046e+01 1.457844103113204604e+01 -1.358837308749489914e+01 -1.056865414518096280e+01 3.692479068348652760e+01 1.782095475143462338e+01 -1.092146534526364121e+01 -2.481690886608782520e+01 2.087584077961667361e+01 -2.039371541753284944e+01 6.456900223721130594e+00 -1.063274674447553281e+01 -9.482805452326243767e+01 -2.231226316274840826e+01 -3.971059907657617849e+00 -3.780557953453681730e+00 5.254641917938514695e+01 -3.574929209363342864e+01 4.452487575669633912e+01 7.879806513291921988e+01 3.888337267734078750e+01 -1.366166775884605400e+01
3.347447161169077390e+01 -3.342470824432187726e+01 -3.530082937680484978e+00 4.973820996981248754e+01 1.518114204934196643e+01 -7.016816764323424493e+00 -8.731682757375538984e+01 -2.538293505045126608e+01 1.565016927839812499e+00 5.025443581172635987e+01 -3.036350797930106538e+01 5.347283895621321115e+00 -1.324754751644353590e+01 -4.856685265406269281e+01 -1.743109454882785769e+01 2.659130598670986956e+01 -3.062635684933265523e+01 -4.037957569019341975e+01 2.275271880737255614e+00 -1.240779066531562869e+01 -2.781046628561339062e+01 -1.374198437695209307e+01 -3.103119753101902489e+01 4.411354548088246119e+00 1.376049895949619284e+01 -1.979714855053280687e+01 -3.984985446179096158e+01 -5.254189965501038273e+01 4.031644680673241510e+01 3.606345020347202279e+01 7.123326150783457322e+00 2.416879759342923251e+01 4.340510873065067443e+00 -4.609562422038203522e+01 -4.012261712632857069e+01 -2.556424767383517604e+01 6.387400587253593187e+01 6.532751261816397914e+01 3.239547806196499380e+01 3.153989328023027738e+01 1.020023920032523712e+01 -5.117736127545161828e+00 2.299339324382307481e+01 1.844270722531913265e+01 -2.174717140219272693e+01 -7.124204399398125886e+00 -5.100341122248292436e+01 2.171859280587749907e+01 -3.122015329124891281e+01 -1.578690459468535678e+01 -2.547177750963807341e+01 -2.269204618066344281e+01 -3.924549204320134521e+01 6.599331274160903149e+01 -4.191194972272875674e+01 -5.283343224202516808e+01 3.149413260794734626e+01 -2.226602745569039499e+01 -2.747799116288939203e+01 5.958316346715140099e-01 -2.201268836226964964e+01 -5.479323356242642262e+01 -2.529411874052684794e+01 9.133533623329199713e+00 1.789677520283121837e+01 2.816681461794710017e+01 -1.262684057958345818e+01 2.241092019600000995e+01 -8.319992274606270444e-01 -3.357281144865085665e+00 2.689063631956530287e+01 -1.402458675625333484e+01 7.727232978426623333e+01 -1.183312383383822386e+01 -5.269752106089647015e+01 7.940691535448759275e+00 -4.870494276049905125e+01 1.422877221316597485e+01 5.111388536210936451e+01 2.315108777226094716e+01 -4.543362793506758202e+00 -5.732165384302124522e+01 -2.781812541355089508e+01 -1.969346619196469916e+01 2.365108637120036761e+01 -4.731335280905089036e+01 -4.066043592060464107e+01 -1.798152125868902163e+00 1.791799845630519172e+01 3.331217315042471760e+00 6.689599744491007982e+01 -1.336940643666141781e+01 -6.945273811177671064e+01 3.489167559620047143e+01 9.793415472272760880e+00 4.142295247759225418e+01 -2.148158285926945865e+01 -3.625444001454436460e+01 3.342633635831616878e+00 1.265637847326377496e+01
1.448264916392231072e+01 1.839762296322451007e+01 7.799976096712539331e+00 3.370975270630609533e+00 6.247909615647900594e+00 2.739376912470757652e+00 2.570272938907880445e+00 5.366020752297453456e+00 1.863451424007218193e+01 -1.536763288482025258e+00 1.272079928457195974e+00 -1.626212418030406681e+01 1.010046062286116886e+01 -2.481818468316396853e+00 -1.400835562891210451e+01 -3.596379622999137826e+00 -1.324982772421531152e+01 3.176440928914390671e+00 -2.312807164383710590e-01 2.484710407142646904e+00 -5.520816892309012403e+00 -1.417247276120168209e+01 -1.338360989746936269e+01 4.264025023144656368e-01 9.354363156137306845e+00 -5.621954100186756342e+00 -2.557869000934532178e+00 7.395658992847229385e+00 1.221847100359268978e+01 -1.477130816665655599e+00 -3.309837754869687565e+00 8.017347325665967972e+00 8.617949807172611831e-02 3.300290317525257588e+00 -1.043058261760214300e+01 1.595691731104723310e+01 1.578726574506150193e+01 7.438551236180576787e+00 -2.199726333146256874e+00 -1.272747629998047580e+00 3.090363328286453992e+00 1.088938561711818487e+01 -3.572545033520284186e+00 3.345162173757373569e+00 -5.536472121369849120e+00 5.553325549822822005e+00 3.251252872990588738e+00 3.607420687275730842e+00 1.956545433119309507e+01 9.170548068479712711e+00 -5.602206831470112336e-01 -6.784679402235756385e+00 9.249465568402944982e+00 -3.594430169263111097e+00 7.794560775807766184e+00 6.932022869011920108e+00 9.753314404538366844e+00 2.616833607297953002e+00 -8.491079293367533865e+00 -5.660623439057640205e+00 -2.906216063216405132e+00 -1.825396307529530660e+01 -9.066650557457970550e+00 1.266791074425053942e+01 -3.224527053055665227e-01 -1.408652952568586914e+00 1.776001180327288864e+01 -1.965237932725308889e+00 5.255420470992787862e+00 -6.059047408989878036e+00 7.473176525511390444e+00 -3.829239478123280804e+00 -1.397245899173290007e-01 -3.469572259061396435e-01 -3.806071721230622984e+00 5.193942702666670685e-01 -4.903778181637618694e+00 -4.049983771484187756e+00 -9.492122150987139406e+00 -1.699433797413282576e+01 -5.233205855293270758e+00 -2.444864992992886954e+00 9.460415167082055987e+00 -1.203914501362112510e+01 1.165496106614165583e+00 5.703760008684140459e+00 -1.299571376234121622e+01 -4.161079884280439956e+00 -1.589672932906244718e+01 7.259446835494876016e-01 3.276164567328486488e+00 3.200973532208276406e+00 4.053559469880605448e+00 1.694928256790816334e+01 -5.681495987116559121e+00 4.998523713850446804e+00 5.663304245950821603e+00 -3.949179778163175225e+00 -1.116212542698309163e+00 4.785844816565711035e+00
3.285216451963250073e+00 1.533253625694865718e+01 -1.242637868480687802e+00 1.182591902015990293e+00 9.989728623148630415e-01 1.226613466806550967e+01 -7.012056631013859231e+00 7.096947976823607895e+00 -1.194024004074185719e+01 1.258395849344138817e+01 3.104652328623300317e+00 -2.856252111582509468e+00 9.871369249097963205e+00 -8.608415325522745576e+00 1.601572640453920826e+01 -1.028519126578107645e+01 -1.746446890443616784e+00 -4.193690326373440413e+00 3.516547115768105414e+00 -5.207999228902782107e+00 -2.951692884386024840e+00 1.456702737705650508e+00 3.799435977241014673e+00 5.985607241405172196e+00 -1.013774381326092211e+01 -7.149015484982272461e+00 4.610534318431538381e-01 3.822982984549315066e+00 1.556512665368284054e+01 -8.790738366172213603e+00 1.003606652317770198e+01 2.925196263711610900e+00 1.466168302875732365e+01 1.546049473961852350e+01 7.958507646220121856e+00 -3.395784286776699190e+00 1.215496560495996725e+01 -7.070590176534238935e+00 6.587760954719793283e+00 5.042135299736147935e+00 -9.025776968631092245e+00 -5.702328367309029922e+00 1.518218629221028770e+01 -6.320841359850406960e+00 2.610169210772018689e-01 4.733728664375505879e+00 -8.973792395904119701e+00 1.368334221584494248e+00 7.754154152805004863e+00 -1.080339109860897651e+01 1.406632757368567788e+01 -8.080794794180896634e-01 -8.866072150441977939e+00 -4.088790157363059841e+00 7.188014154231449071e-01 -8.211561859008433828e+00 2.602060392304872405e+00 7.034435762009816351e+00 5.595693965616035825e+00 -3.739794331741169042e+00 -1.128798686390815753e+01 5.133113400747959965e+00 4.282430012352056448e-01 -1.061419389765811339e+01 -9.589764908309822644e+00 6.336130642136773794e+00 1.097280459269595099e+01 9.027899504652717511e+00 -1.327490953751859060e+01 2.298057124003189955e+00 2.604665185597183186e+00 -7.753581252762295151e+00 3.112807314531645719e+00 -7.848010415871850221e+00 3.952820381695203444e+00 1.284948526135701652e+00 -1.953266384180764481e+00 -4.456777848247883256e+00 6.413583508899990626e+00 3.499438741708877476e+00 -3.261862233817877321e+00 -2.536929142609996468e+00 8.863554326388957350e+00 4.277781848083709093e+00 -2.621619494088487379e+00 -5.957151774541165068e+00 5.011098307880757829e+00 -4.895301039203721061e+00 1.549958450476328187e+00 -2.552315758464685391e+00 -2.276289542443920766e+01 -5.355836949824558602e+00 -9.532336354117210142e-01 -9.074907196485400007e-01 1.261340617499067562e+01 -8.581374306404160990e+00 1.068787534551477414e+01 1.891497211374807108e+01 9.333683964250592879e+00 -3.279383505847468072e+00
8.035325902014232469e+00 -8.023391373721930009e+00 -8.473623041662551314e-01 1.193930596768341701e+01 3.644150245901854657e+00 -1.684344381522840939e+00 -2.095984767068435772e+01 -6.092984458984656015e+00 3.756719380119384333e-01 1.206324024345031987e+01 -7.288544387239704214e+00 1.283573265258407536e+00 -3.180006446910951912e+00 -1.165814429385246420e+01 -4.184227840038538204e+00 6.383057442177500818e+00 -7.351648972208463917e+00 -9.692849657833118471e+00 5.461808734840047919e-01 -2.978497647466096687e+00 -6.675688222325141474e+00 -3.298697833444931060e+00 -7.448839061693925956e+00 1.058911807365619850e+00 3.303101016364442089e+00 -4.752145283785618624e+00 -9.565681205823985067e+00 -1.261232389288840849e+01 9.677710483470265856e+00 8.656758501710667630e+00 1.709905828119943960e+00 5.801735336464957982e+00 1.041905118861621293e+00 -1.106495126508017002e+01 -9.631159400512537161e+00 -6.136531748488588178e+00 1.533255662748706349e+01 1.568144462186248944e+01 7.776189027208092241e+00 7.570874036707095911e+00 2.448499838454196720e+00 -1.228477853307479162e+00 5.519399275444474284e+00 4.427018163067757861e+00 -5.220275774912670030e+00 -1.710120682671111281e+00 -1.224302679254156878e+01 5.213371193220012856e+00 -7.494198536215368911e+00 -3.789538566892344917e+00 -6.114327073700487780e+00 -5.447074752798058306e+00 -9.420630573662657881e+00 1.584126509929490290e+01 -1.006068749443587862e+01 -1.268229697328919769e+01 7.559910478082112029e+00 -5.344804581854573300e+00 -6.595912877565180743e+00 1.429022075551639182e-01 -5.283992153079910992e+00 -1.315276571627715896e+01 -6.071675692359227661e+00 2.192441244175252990e+00 4.295992832380227888e+00 6.761357196337762332e+00 -3.031002496583504957e+00 5.379581488807853695e+00 -1.997162439413268098e-01 -8.059163940980187402e-01 6.454727602975005141e+00 -3.366522076675218411e+00 1.854872469967508763e+01 -2.840461388590354463e+00 -1.264967295551205950e+01 1.906092749379199480e+00 -1.169128035044921532e+01 3.415471099193552185e+00 1.226955202247506449e+01 5.557247387114627735e+00 -1.090518871935702405e+00 -1.375965525573583470e+01 -6.677539405247130411e+00 -4.727321124604227265e+00 5.677244152611219619e+00 -1.135725784498765556e+01 -9.760236057976140245e+00 -4.316508646574725994e-01 4.301100432898063097e+00 7.996348090868070635e-01 1.605797566508800145e+01 -3.209122668632044650e+00 -1.667166764163346926e+01 8.375520531984152584e+00 2.350843712495895410e+00 9.943291566931693026e+00 -5.156508454171247813e+00 -8.702647078592145036e+00 8.023943141363902853e-01 3.038070771640994039e+00
1.764018426027594622e+00 2.240876254020526037e+00 9.500500053543842194e-01 4.105925927280020260e-01 7.610054178857642571e-01 3.336605938093579193e-01 3.130657193759103785e-01 6.535897001724170208e-01 2.269728295982808230e+00 -1.871813713084078401e-01 1.549415155290986001e-01 -1.980763435941322870e+00 1.230255950455524827e+00 -3.022893555180981018e-01 -1.706251333548921556e+00 -4.380419503396134617e-01 -1.613855776866458536e+00 3.868981036236907589e-01 -2.816756222534290768e-02 3.026897631162282498e-01 -6.724476265166274835e-01 -1.726235334376846176e+00 -1.630149367863453547e+00 5.193475550415175418e-02 1.139382776664609631e+00 -6.847583103513170677e-01 -3.115560245741959555e-01 9.008070411130932875e-01 1.488239968378348044e+00 -1.799168270259822455e-01 -4.031392770268907300e-01 9.765068916027540569e-01 1.049607325859752173e-02 4.019828505322277090e-01 -1.270469742042980021e+00 1.943588491752185066e+00 1.922928450256992328e+00 9.060330631579601723e-01 -2.679139711072625607e-01 -1.550277426839414829e-01 3.764116488167653651e-01 1.326348594191768315e+00 -4.351434607554820477e-01 4.074465363496448389e-01 -6.743635676557919734e-01 6.764038025810282795e-01 3.960125193391768605e-01 4.393939804004268757e-01 2.383119515901766405e+00 1.116992353588886600e+00 -6.823500932857333445e-02 -8.263799509796156961e-01 1.126602808473280426e+00 -4.378089124855336634e-01 9.493925066756463416e-01 8.443326587674661043e-01 1.187966718024418888e+00 3.187398895197796067e-01 -1.034234471368905117e+00 -6.894605529116901721e-01 -3.539825406597273405e-01 -2.223375965962948619e+00 -1.104331572467718514e+00 1.542977832572590247e+00 -3.927371036168816193e-02 -1.715859441587921363e-01 2.163212063465844270e+00 -2.393691651359197425e-01 6.401223989092127420e-01 -7.380022542957495046e-01 9.102723863362276457e-01 -4.664096706983683061e-01 -1.701841371096481786e-02 -4.226115127422826884e-02 -4.635880971905244063e-01 6.326403885709631914e-02 -5.972873540057538344e-01 -4.932933634477842388e-01 -1.156161579158915265e+00 -2.069948262479823331e+00 -6.374136360660235257e-01 -2.977911676130741703e-01 1.152296663230396145e+00 -1.466393772197554402e+00 1.419624870588273302e-01 6.947290834312843666e-01 -1.582906032976504340e+00 -5.068344423636558238e-01 -1.936260143247085841e+00 8.842198695937696085e-02 3.990454337595574219e-01 3.898329380298158342e-01 4.937324711868038007e-01 2.064461520458657162e+00 -6.920139799743759701e-01 6.088308925286761708e-01 6.898023444984103802e-01 -4.810189897848257123e-01 -1.359597729846282188e-01 5.829221741141039637e-01
4.001457945736833777e-01 1.867540331491991168e+00 -1.513564684557341389e-01 1.440426766845216699e-01 1.216782422182929868e-01 1.494039936588249073e+00 -8.540850697880074671e-01 8.644249409959970931e-01 -1.454349967907667240e+00 1.532754787866504653e+00 3.781529927956380210e-01 -3.478957527034255426e-01 1.202353814947454413e+00 -1.048521517466550090e+00 1.950753931201959945e+00 -1.252755590210824277e+00 -2.127170908664536009e-01 -5.108020850033085924e-01 4.283230228990100308e-01 -6.343551521828508788e-01 -3.595164770032175938e-01 1.774313872352348831e-01 4.627812808814927847e-01 7.290557686764376211e-01 -1.234798731388238258e+00 -8.707619203925700546e-01 5.615549692964638684e-02 4.656461950885817380e-01 1.895870188960002256e+00 -1.070730993627659888e+00 1.222413163331023345e+00 3.562784441658509715e-01 1.785822253837502149e+00 1.883124175256299271e+00 9.693599078427675986e-01 -4.136147452820536641e-01 1.480505437531449253e+00 -8.612145067225618345e-01 8.023939531804419323e-01 6.141629767493047565e-01 -1.099354119426918519e+00 -6.945565179079670193e-01 1.849222378261049959e+00 -7.698899942354973103e-01 3.178258622463103061e-02 5.765782171703115466e-01 -1.093024206708384405e+00 1.666650112826654762e-01 9.444760372474697574e-01 -1.315875313422860238e+00 1.713309482199611322e+00 -9.841934742211584652e-02 -1.079906055178007307e+00 -4.980237994666835699e-01 8.755212155104878657e-02 -1.000183649572902400e+00 3.169366995113785945e-01 8.568085372084747187e-01 6.815642220480814251e-01 -4.555128931276439253e-01 -1.374895437480121441e+00 6.252257906192820736e-01 5.216011249285130991e-02 -1.292832102675360417e+00 -1.168050027170701055e+00 7.717490650590843604e-01 1.336514130284877533e+00 1.099612577650435963e+00 -1.616909978508239698e+00 2.799055576452687544e-01 3.172649253292934568e-01 -9.443966652016966279e-01 3.791473633549966027e-01 -9.558991726452950033e-01 4.814595594836438841e-01 1.565111281458750336e-01 -2.379108098103055458e-01 -5.428438130727402111e-01 7.811899666256414410e-01 4.262363669958372236e-01 -3.973118965090976507e-01 -3.090026155084271697e-01 1.079601014603659426e+00 5.210401528638267665e-01 -3.193181440438554453e-01 -7.255969632637720990e-01 6.103614815058895360e-01 -5.962468069103055157e-01 1.887918473566585487e-01 -3.108769902077189173e-01 -2.772578747597161275e+00 -6.523412849156787763e-01 -1.161070598424046724e-01 -1.105332647735009083e-01 1.536338699044009992e+00 -1.045229405060043470e+00 1.301802837104757637e+00 2.303888408973104873e+00 1.136861513555365244e+00 -3.994347254381779289e-01
9.787206167828271797e-01 -9.772686509155232848e-01 -1.032089386723183816e-01 1.454230525973972066e+00 4.438683236354870054e-01 -2.051575004798234791e-01 -2.552959260162008359e+00 -7.421357498021088350e-01 4.575767328617579704e-02 1.469328746217322124e+00 -8.877585926588501541e-01 1.563410085569770513e-01 -3.873350095500355250e-01 -1.419986727509167102e+00 -5.096496335466770278e-01 7.774690780790676214e-01 -8.954463418471216851e-01 -1.180610568951361738e+00 6.652867484183686009e-02 -3.628015825713896136e-01 -8.131089548288392699e-01 -4.017926758418131072e-01 -9.072859850401675530e-01 1.289770845446024661e-01 4.023225961703389975e-01 -5.788173021456152201e-01 -1.165119243674694438e+00 -1.536207279148376292e+00 1.178768839061814511e+00 1.054407107853645886e+00 2.082700971218041097e-01 7.066915533152722251e-01 1.269054558620457407e-01 -1.347735900056122427e+00 -1.173095149952852800e+00 -7.474437014237814703e-01 1.867543209161374618e+00 1.910035946482154579e+00 9.471366906274671926e-01 9.221385910540357278e-01 2.982327046886895094e-01 -1.496312001200434671e-01 6.722731254084055585e-01 5.392157169302690400e-01 -6.358429226115082100e-01 -2.082968949660257141e-01 -1.491227140586599997e+00 6.349950092739828911e-01 -9.128111644292287163e-01 -4.615736815684160499e-01 -7.447379055755177779e-01 -6.634656806583973943e-01 -1.147455265359004439e+00 1.929502367654396089e+00 -1.225414281682575934e+00 -1.544729006293716678e+00 9.208064711998866780e-01 -6.510078275730792896e-01 -8.033972914926337250e-01 1.738663096838572245e-02 -6.436007299571278040e-01 -1.602038029671751795e+00 -7.395420061183298754e-01 2.670437357626425090e-01 5.232599693395221241e-01 8.235638424669079471e-01 -3.691848528436915133e-01 6.552431663623865532e-01 -2.432593412445786807e-02 -9.816602683019523545e-02 7.861703153680970058e-01 -4.100518611483918163e-01 2.259277923246521880e+00 -3.459742428226720290e-01 -1.540755415992417499e+00 2.321635747911305891e-01 -1.424020974471209566e+00 4.160039502654871435e-01 1.494459006082348829e+00 6.768822667174081431e-01 -1.328143460643410878e-01 -1.675952142094836450e+00 -8.133364025907117156e-01 -5.758036376293834691e-01 6.914943139133512551e-01 -1.383339318018125930e+00 -1.188813366339131594e+00 -5.257857676733899976e-02 5.238841243494981592e-01 9.739700555606989330e-02 1.955902408031834572e+00 -3.908603808384751854e-01 -2.030645743877640630e+00 1.020157730252696071e+00 2.863378499596394566e-01 1.211112805151202787e+00 -6.280736577211094573e-01 -1.060003087028588364e+00 9.773608978561490468e-02 3.700423462239935679e-01
