# 
#                 ----------------------------------------------------
#                 Data from a 3D direct N-body simulation. 
# 
#                 rows are i-particle; 
#                 coumns are :mass, tag, x ,y, z, vx, vy, vz, ax, ay, az
# 
#                 NTHU, Computational Physics Lab
# 
#                 ----------------------------------------------------
#                 Time = 0.4000000000000002
1.000000000000000000e+00 2.000000000000000000e+00 3.000000000000000000e+00 4.000000000000000000e+00 5.000000000000000000e+00 6.000000000000000000e+00 7.000000000000000000e+00 8.000000000000000000e+00 9.000000000000000000e+00 1.000000000000000000e+01 1.100000000000000000e+01 1.200000000000000000e+01 1.300000000000000000e+01 1.400000000000000000e+01 1.500000000000000000e+01 1.600000000000000000e+01 1.700000000000000000e+01 1.800000000000000000e+01 1.900000000000000000e+01 2.000000000000000000e+01 2.100000000000000000e+01 2.200000000000000000e+01 2.300000000000000000e+01 2.400000000000000000e+01 2.500000000000000000e+01 2.600000000000000000e+01 2.700000000000000000e+01 2.800000000000000000e+01 2.900000000000000000e+01 3.000000000000000000e+01 3.100000000000000000e+01 3.200000000000000000e+01 3.300000000000000000e+01 3.400000000000000000e+01 3.500000000000000000e+01 3.600000000000000000e+01 3.700000000000000000e+01 3.800000000000000000e+01 3.900000000000000000e+01 4.000000000000000000e+01 4.100000000000000000e+01 4.200000000000000000e+01 4.300000000000000000e+01 4.400000000000000000e+01 4.500000000000000000e+01 4.600000000000000000e+01 4.700000000000000000e+01 4.800000000000000000e+01 4.900000000000000000e+01 5.000000000000000000e+01 5.100000000000000000e+01 5.200000000000000000e+01 5.300000000000000000e+01 5.400000000000000000e+01 5.500000000000000000e+01 5.600000000000000000e+01 5.700000000000000000e+01 5.800000000000000000e+01 5.900000000000000000e+01 6.000000000000000000e+01 6.100000000000000000e+01 6.200000000000000000e+01 6.300000000000000000e+01 6.400000000000000000e+01 6.500000000000000000e+01 6.600000000000000000e+01 6.700000000000000000e+01 6.800000000000000000e+01 6.900000000000000000e+01 7.000000000000000000e+01 7.100000000000000000e+01 7.200000000000000000e+01 7.300000000000000000e+01 7.400000000000000000e+01 7.500000000000000000e+01 7.600000000000000000e+01 7.700000000000000000e+01 7.800000000000000000e+01 7.900000000000000000e+01 8.000000000000000000e+01 8.100000000000000000e+01 8.200000000000000000e+01 8.300000000000000000e+01 8.400000000000000000e+01 8.500000000000000000e+01 8.600000000000000000e+01 8.700000000000000000e+01 8.800000000000000000e+01 8.900000000000000000e+01 9.000000000000000000e+01 9.100000000000000000e+01 9.200000000000000000e+01 9.300000000000000000e+01 9.400000000000000000e+01 9.500000000000000000e+01 9.600000000000000000e+01 9.700000000000000000e+01 9.800000000000000000e+01 9.900000000000000000e+01 1.000000000000000000e+02
2.000000000000000111e-01 2.000000000000000111e-01 2.000000000000000111e-01 2.000000000000000111e-01 2.000000000000000111e-01 2.000000000000000111e-01 2.000000000000000111e-01 2.000000000000000111e-01 2.000000000000000111e-01 2.000000000000000111e-01 2.000000000000000111e-01 2.000000000000000111e-01 2.000000000000000111e-01 2.000000000000000111e-01 2.000000000000000111e-01 2.000000000000000111e-01 2.000000000000000111e-01 2.000000000000000111e-01 2.000000000000000111e-01 2.000000000000000111e-01 2.000000000000000111e-01 2.000000000000000111e-01 2.000000000000000111e-01 2.000000000000000111e-01 2.000000000000000111e-01 2.000000000000000111e-01 2.000000000000000111e-01 2.000000000000000111e-01 2.000000000000000111e-01 2.000000000000000111e-01 2.000000000000000111e-01 2.000000000000000111e-01 2.000000000000000111e-01 2.000000000000000111e-01 2.000000000000000111e-01 2.000000000000000111e-01 2.000000000000000111e-01 2.000000000000000111e-01 2.000000000000000111e-01 2.000000000000000111e-01 2.000000000000000111e-01 2.000000000000000111e-01 2.000000000000000111e-01 2.000000000000000111e-01 2.000000000000000111e-01 2.000000000000000111e-01 2.000000000000000111e-01 2.000000000000000111e-01 2.000000000000000111e-01 2.000000000000000111e-01 2.000000000000000111e-01 2.000000000000000111e-01 2.000000000000000111e-01 2.000000000000000111e-01 2.000000000000000111e-01 2.000000000000000111e-01 2.000000000000000111e-01 2.000000000000000111e-01 2.000000000000000111e-01 2.000000000000000111e-01 2.000000000000000111e-01 2.000000000000000111e-01 2.000000000000000111e-01 2.000000000000000111e-01 2.000000000000000111e-01 2.000000000000000111e-01 2.000000000000000111e-01 2.000000000000000111e-01 2.000000000000000111e-01 2.000000000000000111e-01 2.000000000000000111e-01 2.000000000000000111e-01 2.000000000000000111e-01 2.000000000000000111e-01 2.000000000000000111e-01 2.000000000000000111e-01 2.000000000000000111e-01 2.000000000000000111e-01 2.000000000000000111e-01 2.000000000000000111e-01 2.000000000000000111e-01 2.000000000000000111e-01 2.000000000000000111e-01 2.000000000000000111e-01 2.000000000000000111e-01 2.000000000000000111e-01 2.000000000000000111e-01 2.000000000000000111e-01 2.000000000000000111e-01 2.000000000000000111e-01 2.000000000000000111e-01 2.000000000000000111e-01 2.000000000000000111e-01 2.000000000000000111e-01 2.000000000000000111e-01 2.000000000000000111e-01 2.000000000000000111e-01 2.000000000000000111e-01 2.000000000000000111e-01 2.000000000000000111e-01
2.635581835763252556e+00 3.348006198645676168e+00 1.419478952760779178e+00 6.134545922177523369e-01 1.137027868729195257e+00 4.985258973371858859e-01 4.677387662386801592e-01 9.765383755556920065e-01 3.391126452198465646e+00 -2.796619893501186560e-01 2.314991017429016418e-01 -2.959408406574648431e+00 1.838115206165337190e+00 -4.516551987225188025e-01 -2.549252660456488240e+00 -6.545043650775111965e-01 -2.411243370034453992e+00 5.780516028314547361e-01 -4.210541111387432200e-02 4.519117911994761094e-01 -1.004689315841820418e+00 -2.579151725314803745e+00 -2.435597014781926362e+00 7.760883929165132700e-02 1.702321290864633685e+00 -1.023139643767617013e+00 -4.654751194681225890e-01 1.345879485064525261e+00 2.223522984072672681e+00 -2.688165659342382496e-01 -6.023658828295187506e-01 1.459145331428934211e+00 1.568748942381869779e-02 6.005920986777741888e-01 -1.898167854818381350e+00 2.903866681347904155e+00 2.872971305828000865e+00 1.353675826255610337e+00 -4.004089313093685543e-01 -2.315931266082734696e-01 5.623983308473867737e-01 1.981686220200668647e+00 -6.501409938604502115e-01 6.087680985571480852e-01 -1.007487231880124456e+00 1.010624667219304440e+00 5.916539268838620913e-01 6.564732096194252353e-01 3.560537025132868738e+00 1.668877781804129601e+00 -1.019562592618329516e-01 -1.234739511797682932e+00 1.683249841300313410e+00 -6.541248502111713936e-01 1.418481679579648880e+00 1.261519993934449690e+00 1.774974848394884841e+00 4.761952560292802006e-01 -1.545210376646148909e+00 -1.030220342472303097e+00 -5.288844114481183745e-01 -3.321875021345298329e+00 -1.650003055854733169e+00 2.305340336650271382e+00 -5.869034106134488754e-02 -2.562994625061394416e-01 3.231982267413029852e+00 -3.576442914995834887e-01 9.563883527209392499e-01 -1.102654596912246987e+00 1.359854366717425656e+00 -6.968532924696839714e-01 -2.542931561610044938e-02 -6.313436483427009582e-02 -6.926354331425693678e-01 9.451661691633259088e-02 -8.924195888886811145e-01 -7.370441247295971277e-01 -1.727394010781766243e+00 -3.092660507035036588e+00 -9.523623934212004372e-01 -4.449144681879755314e-01 1.721640386104098974e+00 -2.190910751898446307e+00 2.120852807932963602e-01 1.037989619953999298e+00 -2.364988567024723931e+00 -7.572092784795561027e-01 -2.892898512434352920e+00 1.321070174564550337e-01 5.961951773332598847e-01 5.828145597450307136e-01 7.376747455888930105e-01 3.084455031252437696e+00 -1.033956470555675189e+00 9.096429127587437602e-01 1.030622562066579873e+00 -7.186784293251768929e-01 -2.031158199303018941e-01 8.709614142273820470e-01
5.978546847863367431e-01 2.790224717539554256e+00 -2.261352245825105911e-01 2.152082824149414431e-01 1.817886127197528845e-01 2.232228179589943462e+00 -1.276061559464006345e+00 1.291510713120453513e+00 -2.172894771389699109e+00 2.290048373493170253e+00 5.649935518251719690e-01 -5.197978703358867580e-01 1.796415174273284121e+00 -1.566590027400178720e+00 2.914555617457744496e+00 -1.871738237371091795e+00 -3.178442248063793607e-01 -7.631683643047120214e-01 6.399490819979043454e-01 -9.477094771747929247e-01 -5.371897827879323906e-01 2.650836162197023893e-01 6.914198123747606894e-01 1.089297168073092292e+00 -1.844891060298161856e+00 -1.301013886901448924e+00 8.391366362716082272e-02 6.957226942862387853e-01 2.832552903410811673e+00 -1.599757589600771857e+00 1.826393519628873863e+00 5.324277370431352852e-01 2.668178998330835050e+00 2.813520851898867026e+00 1.448326531574915643e+00 -6.179673668115677199e-01 2.211962966475991887e+00 -1.286714046338464090e+00 1.198908926657256790e+00 9.174666908044789571e-01 -1.642558964551139589e+00 -1.037718919656352989e+00 2.762891776571440250e+00 -1.150292671429405722e+00 4.755563762954184009e-02 8.614552971877568188e-01 -1.633087918407474914e+00 2.490183927713225387e-01 1.411099519385895507e+00 -1.966030925666880869e+00 2.559819133013888415e+00 -1.470924354640215925e-01 -1.613471241053463512e+00 -7.440852371360721085e-01 1.308059470122549250e-01 -1.494371205551132453e+00 4.735280096708078812e-01 1.280147403633608016e+00 1.018335779397566698e+00 -6.805880067141546474e-01 -2.054245038490134512e+00 9.341269539981275072e-01 7.793715300603971941e-02 -1.931592447844194815e+00 -1.745189357598792013e+00 1.153092974333317144e+00 1.996839349926717633e+00 1.642945626818539173e+00 -2.415812401552745570e+00 4.182210262670790768e-01 4.739406579785659379e-01 -1.411049092851611952e+00 5.664715768109761518e-01 -1.428228855567315936e+00 7.193570265305556655e-01 2.338286703365740904e-01 -3.554667762582893742e-01 -8.110618905300510662e-01 1.167148886738130775e+00 6.368514798837860980e-01 -5.935446288321845065e-01 -4.616806519045608681e-01 1.613003861147668028e+00 7.784965619710861873e-01 -4.770924484756769446e-01 -1.084078756220449691e+00 9.119370097299189792e-01 -8.909218564992392730e-01 2.820448857736047032e-01 -4.644793300741935638e-01 -4.142391971611131929e+00 -9.747299122727934861e-01 -1.734651427143192870e-01 -1.651531443436543567e-01 2.295423491425479856e+00 -1.561660387818274209e+00 1.945022627926183967e+00 3.442166265354859700e+00 1.698572037150956282e+00 -5.967965810660933457e-01
1.462283192419057798e+00 -1.460101860871871882e+00 -1.542139584449155332e-01 2.172756608619760055e+00 6.631539485941868595e-01 -3.065166911130801086e-01 -3.814293919316088743e+00 -1.108831155410094027e+00 6.836549854709343677e-02 2.195294964109064217e+00 -1.326395838541942762e+00 2.335930431088959758e-01 -5.786857695930543999e-01 -2.121577272991778340e+00 -7.614457991942538140e-01 1.161609107470898294e+00 -1.337871474954460904e+00 -1.763923150332892043e+00 9.938024904772767287e-02 -5.419544510066216514e-01 -1.214880573594395496e+00 -6.002810055904549413e-01 -1.355548912601056033e+00 1.927068196326113536e-01 6.011182080063645072e-01 -8.648297962962778751e-01 -1.740791603885075034e+00 -2.295224265838410549e+00 1.761155437393749246e+00 1.575402850592406478e+00 3.111731487586779643e-01 1.055657629589833224e+00 1.896129002414354003e-01 -2.013619034911273253e+00 -1.752704547172988514e+00 -1.116734673768551511e+00 2.790226199329187917e+00 2.853732054257800410e+00 1.415239861395828580e+00 1.377821730740947936e+00 4.455826519469492930e-01 -2.235614286780660820e-01 1.004441617116781371e+00 8.056646900661753596e-01 -9.499857800627249382e-01 -3.112087244022937460e-01 -2.228012893103347825e+00 9.487681043288181959e-01 -1.363801859488861679e+00 -6.896302947111055959e-01 -1.112700656749604500e+00 -9.912695213227693536e-01 -1.714375314470464762e+00 2.882816864628899634e+00 -1.830861578931567646e+00 -2.307964547750942952e+00 1.375808243447609325e+00 -9.726644882003390169e-01 -1.200334000205315998e+00 2.611317974781662485e-02 -9.615977768828239958e-01 -2.393553909556541015e+00 -1.104943740995026458e+00 3.989872311027986562e-01 7.818012133201773795e-01 1.230357384794615871e+00 -5.515761757893089534e-01 9.789964302311100486e-01 -3.634444295360939742e-02 -1.466418532011557474e-01 1.174810642239706215e+00 -6.126347805582146311e-01 3.375520014795860835e+00 -5.169139450077497866e-01 -2.302027078280028061e+00 3.468897828657582783e-01 -2.127617527942379905e+00 6.215987947182818329e-01 2.232834203234264958e+00 1.011334015475167991e+00 -1.985291123820280834e-01 -2.504032616068458950e+00 -1.215206401966884453e+00 -8.602562803119239154e-01 1.033192722060476409e+00 -2.066814502257372066e+00 -1.776214400702532670e+00 -7.853835913582334072e-02 7.827192677945153942e-01 1.455206651249341399e-01 2.922230617267165709e+00 -5.841023291473660395e-01 -3.033943476382364057e+00 1.524188787418988333e+00 4.278116899682564700e-01 1.809511072512539176e+00 -9.383939841575744678e-01 -1.583716425270962569e+00 1.460061754008989132e-01 5.528817709767051003e-01
2.487309890539096457e+00 3.159657453909824554e+00 1.339620232673572442e+00 5.789432052907194093e-01 1.073059461552091198e+00 4.704792156048808183e-01 4.414252303964389945e-01 9.215988830383345931e-01 3.200350979280845554e+00 -2.639289422703714472e-01 2.184751876786938662e-01 -2.792919205388455506e+00 1.734705849044823944e+00 -4.262453313878631356e-01 -2.405838791019901723e+00 -6.176810294301607884e-01 -2.275591106505989281e+00 5.455320143318026505e-01 -3.973524863021399983e-02 4.265104136121335432e-01 -9.481677503715054689e-01 -2.434053010599675382e+00 -2.298574013152922202e+00 7.324177955756638880e-02 1.606552896883789883e+00 -9.655762493653883283e-01 -4.392894734873196150e-01 1.270163100857876204e+00 2.098434181358292072e+00 -2.536930934653304215e-01 -5.684751457509754635e-01 1.377045819561501405e+00 1.480457334889329936e-02 5.668042503081837102e-01 -1.791382085852290640e+00 2.740502096038858415e+00 2.711346689449755321e+00 1.277521629084057864e+00 -3.778744397101521102e-01 -2.185662666737656912e-01 5.307583958065740237e-01 1.870199806410916654e+00 -6.135653425432253671e-01 5.745194222088485514e-01 -9.508126164182152396e-01 9.537675399611674765e-01 5.583701351884390318e-01 6.195425615595224755e-01 3.360231215467480492e+00 1.574990202099590286e+00 -9.621990178680954464e-02 -1.165271577305062367e+00 1.588552826112766381e+00 -6.173249774582866278e-01 1.338680069489127211e+00 1.190548295796068468e+00 1.675114724661876497e+00 4.494074031827592353e-01 -1.458281440028804665e+00 -9.722548881622335992e-01 -4.991301016894093001e-01 -3.134995304982862940e+00 -1.557174531024440034e+00 2.175646334120417968e+00 -5.538772189597359480e-02 -2.418848934841670295e-01 3.050159929962243055e+00 -3.375234841150974718e-01 9.025843977120495687e-01 -1.040620272740477636e+00 1.283363015537660967e+00 -6.576498370233272439e-01 -2.399855255230801468e-02 -5.958304562617362798e-02 -6.536694145111329179e-01 8.919964806216232334e-02 -8.422123413703055395e-01 -6.955779728203730361e-01 -1.630214820652734264e+00 -2.918674640058285696e+00 -8.987835026074908473e-01 -4.198851729957250867e-01 1.624783475798869503e+00 -2.067654773264973045e+00 2.001550369185720879e-01 9.795939758523386498e-01 -2.231939402593832611e+00 -7.146131451508400678e-01 -2.730152255048257537e+00 1.246751311398124201e-01 5.626552420408781341e-01 5.500016370508290509e-01 6.961748313209513706e-01 2.910931315071595638e+00 -9.757861433638260751e-01 8.584683120024069192e-01 9.726417849685989880e-01 -6.782472982813252393e-01 -1.916902403100899932e-01 8.219610501672097724e-01
5.642203457134710165e-01 2.633254726769644893e+00 -2.134135782315344509e-01 2.031013320293491575e-01 1.715621455236678028e-01 2.106646973407858336e+00 -1.204273760223553147e+00 1.218853740076760062e+00 -2.050653787257980643e+00 2.161215871305751879e+00 5.332080523692227514e-01 -4.905542369993911023e-01 1.695352580271570764e+00 -1.478456048987454086e+00 2.750590828445464542e+00 -1.766436864936970830e+00 -2.999611171535296328e-01 -7.202348912711530327e-01 6.039469154336470913e-01 -8.943979445084639934e-01 -5.069657219389402947e-01 2.501714661761792469e-01 6.525228673319932726e-01 1.028013675159614282e+00 -1.741101278247857431e+00 -1.227819911655052998e+00 7.919199563683772258e-02 6.565821640833542361e-01 2.673201545430545334e+00 -1.509758698472372984e+00 1.723643864586248853e+00 5.024664862660387366e-01 2.518071825422361076e+00 2.655239419919182442e+00 1.366845108773652839e+00 -5.832022737186004502e-01 2.087524775653780473e+00 -1.214326924964764798e+00 1.131456313042896289e+00 8.658615572455193865e-01 -1.550149725071104934e+00 -9.793393723651574456e-01 2.607457081825528267e+00 -1.085578653031229246e+00 4.487555089267283165e-02 8.129915963155561753e-01 -1.541212419601901695e+00 2.350086487537330626e-01 1.331715678224490773e+00 -1.855425742043247617e+00 2.415809398798837826e+00 -1.388142313644657455e-01 -1.522700487329568197e+00 -7.022247563692228800e-01 1.234473519098558819e-01 -1.410299979529981540e+00 4.468883998911167832e-01 1.208128613437887466e+00 9.610447720517137915e-01 -6.422985675286585483e-01 -1.938674873305266777e+00 8.815756922428593656e-01 7.355218848627849415e-02 -1.822925377854473838e+00 -1.647006811619063704e+00 1.088219889552215047e+00 1.884502812768601432e+00 1.550514600799731246e+00 -2.279902702538229686e+00 3.946914857270113486e-01 4.472830546679906205e-01 -1.331663494196516861e+00 5.346034422022273302e-01 -1.347877158357747795e+00 6.788863472942338051e-01 2.206747481465126115e-01 -3.354683778582041587e-01 -7.654326413694275688e-01 1.101488383907477830e+00 6.010222283838925206e-01 -5.601578812036536181e-01 -4.357070907387876058e-01 1.522260184749490319e+00 7.346986207529695445e-01 -4.502518817513163074e-01 -1.023092255225838798e+00 8.606328578888080560e-01 -8.407950333626170725e-01 2.661793510705555699e-01 -4.383484417900671004e-01 -3.909354168705456267e+00 -9.198883544802899381e-01 -1.637069144353614225e-01 -1.558614730178580765e-01 2.166287217104525098e+00 -1.473804479081346042e+00 1.835598172691765395e+00 3.248519276750471807e+00 1.603013373929553342e+00 -5.632214793139456166e-01
1.380018551888731793e+00 -1.377960744805572846e+00 -1.455374362712142100e-01 2.050520681107069532e+00 6.258477454988138344e-01 -2.892730637561899409e-01 -3.599712111535601444e+00 -1.046449298650510951e+00 6.451941191695380329e-02 2.071792398227957577e+00 -1.251774768139820360e+00 2.204511270828417302e-01 -5.461317584013996029e-01 -2.002221687127305749e+00 -7.186092819812344157e-01 1.096258944335702479e+00 -1.262605516268049621e+00 -1.664688883208687242e+00 9.379060561944795038e-02 -5.114719818378045124e-01 -1.146531947321615119e+00 -5.665124756550340424e-01 -1.279289263843705227e+00 1.818652314311943463e-01 5.672995147148336414e-01 -8.161742907247915291e-01 -1.642857741879913291e+00 -2.166099393189444999e+00 1.662077955899018411e+00 1.486771782329197045e+00 2.936671556083809143e-01 9.962817910092621743e-01 1.789452842707994762e-01 -1.900337601418197853e+00 -1.654100738203290177e+00 -1.053910001067825286e+00 2.633256315125966474e+00 2.693188233980938762e+00 1.335611973827435461e+00 1.300303548277442989e+00 4.205151937621480762e-01 -2.109843161252032417e-01 9.479331092967335781e-01 7.603374941257788899e-01 -8.965426051561141696e-01 -2.937010304423513518e-01 -2.102669688926644298e+00 8.953901193724198571e-01 -1.287078060487442777e+00 -6.508330313199971462e-01 -1.050102345473485910e+00 -9.355029283377236382e-01 -1.617929253749511798e+00 2.720636767499307940e+00 -1.727861628844793662e+00 -2.178122385947205863e+00 1.298404896746368165e+00 -9.179440347178511317e-01 -1.132806197561593509e+00 2.463493957674313048e-02 -9.074999070965477088e-01 -2.258899027872558918e+00 -1.042781401034898803e+00 3.765409018936775598e-01 7.378181636750075212e-01 1.161147734857727709e+00 -5.205467396434566574e-01 9.239194851968929312e-01 -3.429981344366445778e-02 -1.383938551860661725e-01 1.108704267742585792e+00 -5.781703170942706915e-01 3.185622037193584166e+00 -4.878334337503664742e-01 -2.172518986346096970e+00 3.273732447861171235e-01 -2.007921269695114308e+00 5.866252421712231380e-01 2.107220258368288412e+00 9.544373539456362243e-01 -1.873539766079977686e-01 -2.363159400654506914e+00 -1.146840388637793140e+00 -8.118628464039444603e-01 9.750645072940498093e-01 -1.950540331647500292e+00 -1.676286254414581567e+00 -7.412119052959323384e-02 7.386855463696342383e-01 1.373338693337503857e-01 2.757835211273679921e+00 -5.512335590630197402e-01 -2.863260627478418474e+00 1.438441793350827336e+00 4.037439269964017141e-01 1.707711106933258227e+00 -8.856018535925791468e-01 -1.494620839228301801e+00 1.377934884361987911e-01 5.217772379123168935e-01
1.764035597756683504e+00 2.240884832285468420e+00 9.500694513482191850e-01 4.105955841850720267e-01 7.610217736362582253e-01 3.336675464638395039e-01 3.130667228675230729e-01 6.536043297464159130e-01 2.269741624257541890e+00 -1.871826261134685865e-01 1.549445074676453760e-01 -1.980780158160273752e+00 1.230273532673372028e+00 -3.022961367300632252e-01 -1.706260879697333310e+00 -4.380583288585382928e-01 -1.613877074936547862e+00 3.869003275947439646e-01 -2.817498816946110290e-02 3.025790520660429084e-01 -6.724541161431630831e-01 -1.726259263771213970e+00 -1.630174164280787208e+00 5.194014302177232811e-02 1.139391841696413721e+00 -6.847845274732812237e-01 -3.115542560775840242e-01 9.008168853492001249e-01 1.488246157311575280e+00 -1.799208809943827203e-01 -4.031583500592642033e-01 9.765739215021488340e-01 1.049807166387644979e-02 4.019861476516569665e-01 -1.270477465153664998e+00 1.943605042672052363e+00 1.922935323042234579e+00 9.060389330669221808e-01 -2.679592666460489658e-01 -1.550187979419326290e-01 3.764186769619149442e-01 1.326367478307051595e+00 -4.351485691734032768e-01 4.074542819200827615e-01 -6.743479063518634797e-01 6.764187330219809668e-01 3.960095789027758273e-01 4.393928251632145954e-01 2.383132302954562132e+00 1.117004470212472622e+00 -6.823834858420420313e-02 -8.264096235007687419e-01 1.126619572358235732e+00 -4.378145480731506778e-01 9.494068334955568789e-01 8.443480079592208254e-01 1.187998654525838971e+00 3.187336927816794563e-01 -1.034238708097071857e+00 -6.895057416878661583e-01 -3.539882968315964940e-01 -2.223389728739443960e+00 -1.104357781754571777e+00 1.542996444122039845e+00 -3.927832124177092071e-02 -1.715658625024239492e-01 2.163224155331847864e+00 -2.393742339616138082e-01 6.401270194071656539e-01 -7.380167606428105209e-01 9.102249267633388818e-01 -4.664144398906056588e-01 -1.701942626264553449e-02 -4.225912612946564062e-02 -4.635920850821593775e-01 6.326300413019962654e-02 -5.973018917559577146e-01 -4.933067888337759888e-01 -1.156172135583548810e+00 -2.069966874403498913e+00 -6.374254692681264878e-01 -2.977910208970330208e-01 1.152314332207437397e+00 -1.466409240118908608e+00 1.419577665685705370e-01 6.947392386801390929e-01 -1.582922417150685712e+00 -5.068252741750971513e-01 -1.936270095833152904e+00 8.842203751096876230e-02 3.990458953849219115e-01 3.899651749769635356e-01 4.937371823317026620e-01 2.064477386530617853e+00 -6.920321385134156067e-01 6.088374443152630988e-01 6.898103531705701563e-01 -4.810231048670347009e-01 -1.359546711019693210e-01 5.829381242023985443e-01
4.001515728850132403e-01 1.867549271012206358e+00 -1.513568429082284283e-01 1.440431294806243379e-01 1.216766083567278889e-01 1.494059749135923321e+00 -8.540904711109431613e-01 8.644306395861014458e-01 -1.454357919228856932e+00 1.532767153529259296e+00 3.781578154877667242e-01 -3.479040534722958045e-01 1.202366994489713736e+00 -1.048537437592375055e+00 1.950764797090944302e+00 -1.252775723827708632e+00 -2.127288306282814623e-01 -5.108036297731723963e-01 4.283275011661197285e-01 -6.343383300446276962e-01 -3.595350506891953346e-01 1.774287315917323915e-01 4.627817729576217398e-01 7.290733848089403502e-01 -1.234812444802270592e+00 -8.707797538540902327e-01 5.616048133538798642e-02 4.656544191271415056e-01 1.895879800921206781e+00 -1.070741942126572033e+00 1.222429316613545369e+00 3.563230498325146711e-01 1.785846675251306248e+00 1.883137601615556989e+00 9.693785383775755937e-01 -4.136168894154059195e-01 1.480510172797337987e+00 -8.612201656018583229e-01 8.024255854386438402e-01 6.141206167171472385e-01 -1.099377747078264411e+00 -6.945622595114789855e-01 1.849243311648265831e+00 -7.699031970329736074e-01 3.180688454871195836e-02 5.765845953779984434e-01 -1.093043091100778241e+00 1.666693065314558131e-01 9.444777835396359622e-01 -1.315891562297615058e+00 1.713326309316596019e+00 -9.843615442810038640e-02 -1.079918940750645984e+00 -4.980281790493267247e-01 8.755167567578513166e-02 -1.000199697575482993e+00 3.169396922328633348e-01 8.568197122711332936e-01 6.815795595194893419e-01 -4.555228284599625033e-01 -1.374923714698115917e+00 6.252286561348154859e-01 5.216262793903611583e-02 -1.292844661103785597e+00 -1.168072033991061520e+00 7.717700786250253353e-01 1.336521126070108645e+00 1.099636382112091582e+00 -1.616933299041168892e+00 2.799151975226208955e-01 3.172412001382982072e-01 -9.444217714344534942e-01 3.791495767409805429e-01 -9.559223731144054215e-01 4.814706536605104503e-01 1.565088027866873843e-01 -2.379163380424901275e-01 -5.428527548471103747e-01 7.811940849035290402e-01 4.262476907924536151e-01 -3.972915851966836165e-01 -3.090078571509346506e-01 1.079609912804984972e+00 5.210526696020479909e-01 -3.193233446471356318e-01 -7.255971719336686832e-01 6.103705429385756220e-01 -5.962808540523766299e-01 1.887851371511690135e-01 -3.108816383650052639e-01 -2.772585839356957571e+00 -6.523754398228893692e-01 -1.161054799141724991e-01 -1.105370073012162807e-01 1.536358116441079336e+00 -1.045241535136158362e+00 1.301824804981490225e+00 2.303902729815662465e+00 1.136876623769247807e+00 -3.994419664643826251e-01
9.787294088073719145e-01 -9.772733229948969980e-01 -1.032139573485130746e-01 1.454252284764486980e+00 4.438657444091947957e-01 -2.051578868740011330e-01 -2.552974728623287781e+00 -7.421505685750412473e-01 4.575810054300998714e-02 1.469343945435760634e+00 -8.877723396718364413e-01 1.563450384536264892e-01 -3.873308616033899754e-01 -1.420002527132974146e+00 -5.096509235352473244e-01 7.774798494427511697e-01 -8.954565778672072263e-01 -1.180621510969348087e+00 6.652287533919663820e-02 -3.627708624259018411e-01 -8.131278528282163132e-01 -4.017867321966850924e-01 -9.072922510137533259e-01 1.289800343775461544e-01 4.023322378524095688e-01 -5.788336882818839735e-01 -1.165134732955370955e+00 -1.536225710168860337e+00 1.178774272012587554e+00 1.054429696725410759e+00 2.082725687477848531e-01 7.066314588612391256e-01 1.269088157831105845e-01 -1.347747625150153672e+00 -1.173109454153155262e+00 -7.474493257490175679e-01 1.867551183041940233e+00 1.910050630770451230e+00 9.471950899134465862e-01 9.221730688098762618e-01 2.982354728820159062e-01 -1.496328911123195604e-01 6.722840764402376879e-01 5.392326638319762111e-01 -6.358445171246431826e-01 -2.082978367295225397e-01 -1.491242556775126848e+00 6.350134512801235420e-01 -9.128167639992756932e-01 -4.615792114287955439e-01 -7.447464694226240134e-01 -6.634720634094644076e-01 -1.147462042017008077e+00 1.929517395905895549e+00 -1.225425032465299990e+00 -1.544750315468148782e+00 9.208329783817085223e-01 -6.510168208731148543e-01 -8.034035549016742550e-01 1.743350983737349327e-02 -6.436096769621855174e-01 -1.602047965117270101e+00 -7.395526329732082793e-01 2.670473468936740979e-01 5.232684188887679611e-01 8.235335735972331150e-01 -3.691833264593663011e-01 6.552535761628937028e-01 -2.432603049851842641e-02 -9.815811033022879550e-02 7.862502830205709836e-01 -4.100507613529001949e-01 2.259293630515669449e+00 -3.459780561382609920e-01 -1.540776474972444188e+00 2.321724154669465301e-01 -1.424041190725560790e+00 4.160272873190957732e-01 1.494471934599245211e+00 6.768953131785430122e-01 -1.328479124346253482e-01 -1.675978297493967206e+00 -8.133505054948649837e-01 -5.757957044311177164e-01 6.915168104250589698e-01 -1.383351789888352723e+00 -1.188836601074170440e+00 -5.257286625585210621e-02 5.238876156894006764e-01 9.739860535428516986e-02 1.955907419868552211e+00 -3.909075936515542526e-01 -2.030665347494847506e+00 1.020165314447239568e+00 2.863408057886944191e-01 1.211129250178276218e+00 -6.280806953862965170e-01 -1.060009534331329828e+00 9.773045770428338830e-02 3.700492012970443279e-01
