# 
#                 ----------------------------------------------------
#                 Data from a 3D direct N-body simulation. 
# 
#                 rows are i-particle; 
#                 coumns are :mass, tag, x ,y, z, vx, vy, vz, ax, ay, az
# 
#                 NTHU, Computational Physics Lab
# 
#                 ----------------------------------------------------
#                 Time = 1.2000000000000008
1.000000000000000000e+00 2.000000000000000000e+00 3.000000000000000000e+00 4.000000000000000000e+00 5.000000000000000000e+00 6.000000000000000000e+00 7.000000000000000000e+00 8.000000000000000000e+00 9.000000000000000000e+00 1.000000000000000000e+01 1.100000000000000000e+01 1.200000000000000000e+01 1.300000000000000000e+01 1.400000000000000000e+01 1.500000000000000000e+01 1.600000000000000000e+01 1.700000000000000000e+01 1.800000000000000000e+01 1.900000000000000000e+01 2.000000000000000000e+01 2.100000000000000000e+01 2.200000000000000000e+01 2.300000000000000000e+01 2.400000000000000000e+01 2.500000000000000000e+01 2.600000000000000000e+01 2.700000000000000000e+01 2.800000000000000000e+01 2.900000000000000000e+01 3.000000000000000000e+01 3.100000000000000000e+01 3.200000000000000000e+01 3.300000000000000000e+01 3.400000000000000000e+01 3.500000000000000000e+01 3.600000000000000000e+01 3.700000000000000000e+01 3.800000000000000000e+01 3.900000000000000000e+01 4.000000000000000000e+01 4.100000000000000000e+01 4.200000000000000000e+01 4.300000000000000000e+01 4.400000000000000000e+01 4.500000000000000000e+01 4.600000000000000000e+01 4.700000000000000000e+01 4.800000000000000000e+01 4.900000000000000000e+01 5.000000000000000000e+01 5.100000000000000000e+01 5.200000000000000000e+01 5.300000000000000000e+01 5.400000000000000000e+01 5.500000000000000000e+01 5.600000000000000000e+01 5.700000000000000000e+01 5.800000000000000000e+01 5.900000000000000000e+01 6.000000000000000000e+01 6.100000000000000000e+01 6.200000000000000000e+01 6.300000000000000000e+01 6.400000000000000000e+01 6.500000000000000000e+01 6.600000000000000000e+01 6.700000000000000000e+01 6.800000000000000000e+01 6.900000000000000000e+01 7.000000000000000000e+01 7.100000000000000000e+01 7.200000000000000000e+01 7.300000000000000000e+01 7.400000000000000000e+01 7.500000000000000000e+01 7.600000000000000000e+01 7.700000000000000000e+01 7.800000000000000000e+01 7.900000000000000000e+01 8.000000000000000000e+01 8.100000000000000000e+01 8.200000000000000000e+01 8.300000000000000000e+01 8.400000000000000000e+01 8.500000000000000000e+01 8.600000000000000000e+01 8.700000000000000000e+01 8.800000000000000000e+01 8.900000000000000000e+01 9.000000000000000000e+01 9.100000000000000000e+01 9.200000000000000000e+01 9.300000000000000000e+01 9.400000000000000000e+01 9.500000000000000000e+01 9.600000000000000000e+01 9.700000000000000000e+01 9.800000000000000000e+01 9.900000000000000000e+01 1.000000000000000000e+02
2.000000000000000111e-01 2.000000000000000111e-01 2.000000000000000111e-01 2.000000000000000111e-01 2.000000000000000111e-01 2.000000000000000111e-01 2.000000000000000111e-01 2.000000000000000111e-01 2.000000000000000111e-01 2.000000000000000111e-01 2.000000000000000111e-01 2.000000000000000111e-01 2.000000000000000111e-01 2.000000000000000111e-01 2.000000000000000111e-01 2.000000000000000111e-01 2.000000000000000111e-01 2.000000000000000111e-01 2.000000000000000111e-01 2.000000000000000111e-01 2.000000000000000111e-01 2.000000000000000111e-01 2.000000000000000111e-01 2.000000000000000111e-01 2.000000000000000111e-01 2.000000000000000111e-01 2.000000000000000111e-01 2.000000000000000111e-01 2.000000000000000111e-01 2.000000000000000111e-01 2.000000000000000111e-01 2.000000000000000111e-01 2.000000000000000111e-01 2.000000000000000111e-01 2.000000000000000111e-01 2.000000000000000111e-01 2.000000000000000111e-01 2.000000000000000111e-01 2.000000000000000111e-01 2.000000000000000111e-01 2.000000000000000111e-01 2.000000000000000111e-01 2.000000000000000111e-01 2.000000000000000111e-01 2.000000000000000111e-01 2.000000000000000111e-01 2.000000000000000111e-01 2.000000000000000111e-01 2.000000000000000111e-01 2.000000000000000111e-01 2.000000000000000111e-01 2.000000000000000111e-01 2.000000000000000111e-01 2.000000000000000111e-01 2.000000000000000111e-01 2.000000000000000111e-01 2.000000000000000111e-01 2.000000000000000111e-01 2.000000000000000111e-01 2.000000000000000111e-01 2.000000000000000111e-01 2.000000000000000111e-01 2.000000000000000111e-01 2.000000000000000111e-01 2.000000000000000111e-01 2.000000000000000111e-01 2.000000000000000111e-01 2.000000000000000111e-01 2.000000000000000111e-01 2.000000000000000111e-01 2.000000000000000111e-01 2.000000000000000111e-01 2.000000000000000111e-01 2.000000000000000111e-01 2.000000000000000111e-01 2.000000000000000111e-01 2.000000000000000111e-01 2.000000000000000111e-01 2.000000000000000111e-01 2.000000000000000111e-01 2.000000000000000111e-01 2.000000000000000111e-01 2.000000000000000111e-01 2.000000000000000111e-01 2.000000000000000111e-01 2.000000000000000111e-01 2.000000000000000111e-01 2.000000000000000111e-01 2.000000000000000111e-01 2.000000000000000111e-01 2.000000000000000111e-01 2.000000000000000111e-01 2.000000000000000111e-01 2.000000000000000111e-01 2.000000000000000111e-01 2.000000000000000111e-01 2.000000000000000111e-01 2.000000000000000111e-01 2.000000000000000111e-01 2.000000000000000111e-01
5.189919486627017520e+00 6.592814482405930043e+00 2.795195491586688341e+00 1.207999455447479553e+00 2.239000831251755308e+00 9.816822154757569585e-01 9.210602052822642882e-01 1.922969459441877138e+00 6.677723272479861194e+00 -5.507034627419673534e-01 4.558612062869477066e-01 -5.827591811908971131e+00 3.619565723516331435e+00 -8.893855748714306619e-01 -5.019926255914152868e+00 -1.288826277411733834e+00 -4.748154869200937434e+00 1.138285105031992206e+00 -8.290889152756521219e-02 8.899560459592624762e-01 -1.978408208596059037e+00 -5.078794794922969480e+00 -4.796109571183151843e+00 1.528225901818146548e-01 3.352168125130817522e+00 -2.014729168759317623e+00 -9.166042303994377249e-01 2.650270421512261443e+00 4.378508503784053651e+00 -5.293453323903087870e-01 -1.186154835762330384e+00 2.873279199059434408e+00 3.089033868296389707e-02 1.182670748812199912e+00 -3.737825568949834310e+00 5.718220378734891085e+00 5.657387299223426425e+00 2.665625023099767787e+00 -7.884510909897929354e-01 -4.560530155786984285e-01 1.107458347652645836e+00 3.902281840717128691e+00 -1.280240318322401150e+00 1.198768261004873548e+00 -1.983930161593297825e+00 1.990091256651193019e+00 1.165073383262092088e+00 1.292713074029091080e+00 7.011323103640402898e+00 3.286310207676757411e+00 -2.007681308259894049e-01 -2.431404997871327467e+00 3.314608751775750317e+00 -1.288084945110984370e+00 2.793234542877734761e+00 2.484148515763565879e+00 3.495223123928771436e+00 9.377165566078943248e-01 -3.042791507416546803e+00 -2.028661741965385179e+00 -1.041464193726118870e+00 -6.541354653800789620e+00 -3.249134648245950441e+00 4.539614474666266553e+00 -1.155691375658240427e-01 -5.047103844436144904e-01 6.364340777189021914e+00 -7.042623457712096080e-01 1.883296072355809425e+00 -2.171314782217418138e+00 2.677821314605220326e+00 -1.372225323637459748e+00 -5.007427659914604617e-02 -1.243239166090662901e-01 -1.363920048126510798e+00 1.861205963049079315e-01 -1.757324668086823527e+00 -1.451363383162267651e+00 -3.401539934587441749e+00 -6.089987827487054695e+00 -1.875364206226399766e+00 -8.761157473481973046e-01 3.390206052358883948e+00 -4.314284038464958115e+00 4.176362499720828181e-01 2.043980379523098190e+00 -4.657073685548708042e+00 -1.491084764079416036e+00 -5.696625789078963109e+00 2.601421694990757594e-01 1.174014013055385330e+00 1.147592026269993903e+00 1.452610055523597898e+00 6.073831319824790853e+00 -2.036033921778777511e+00 1.791244913907343861e+00 2.029474532183994206e+00 -1.415203265414094913e+00 -3.999739978410278285e-01 1.715068918881741844e+00
1.177278908503064825e+00 5.494443405211323572e+00 -4.453002408517081068e-01 4.237831058874936829e-01 3.579750010258214710e-01 4.395642971001232802e+00 -2.512788998497026860e+00 2.543210961304978035e+00 -4.278811569998331343e+00 4.509505369418589815e+00 1.112570030464764104e+00 -1.023569758068941793e+00 3.537453408150944778e+00 -3.084885314246029520e+00 5.739271969390955519e+00 -3.685774023030703006e+00 -6.258852143501292264e-01 -1.502813290127397838e+00 1.260170983623523533e+00 -1.866217711589128303e+00 -1.057811788916819706e+00 5.219982388630667325e-01 1.361528226147342258e+00 2.145009895846400561e+00 -3.632910745252945883e+00 -2.561917620868855661e+00 1.652381344137766050e-01 1.369997048094683034e+00 5.577794750853928285e+00 -3.150200915997628748e+00 3.596484437838745052e+00 1.048420013940833284e+00 5.254105044104999678e+00 5.540315128004599465e+00 2.852001957649684449e+00 -1.216886384015636979e+00 4.355745586501080346e+00 -2.533765494609439450e+00 2.360847121142664928e+00 1.806678608962105637e+00 -3.234477349462564710e+00 -2.043449787933896644e+00 5.440613286845973562e+00 -2.265123346078046662e+00 9.363194337961351643e-02 1.696355030824650889e+00 -3.215829825574612943e+00 4.903590764434330174e-01 2.778704784604344002e+00 -3.871455255215373370e+00 5.040729451352374824e+00 -2.896417729250967965e-01 -3.177204451675402552e+00 -1.465233637972873870e+00 2.575804076572448809e-01 -2.942673547784962818e+00 9.324591430186398577e-01 2.520831526659612187e+00 2.005275579807250796e+00 -1.340193210015944381e+00 -4.045157804077170738e+00 1.839460401936882983e+00 1.534707026705863786e-01 -3.803641832885497287e+00 -3.436575739537950369e+00 2.270633289237331986e+00 3.932127687108269765e+00 3.235238658565577019e+00 -4.757150974586298986e+00 8.235461501993367461e-01 9.332865640805088070e-01 -2.778592438572208057e+00 1.115481982081990120e+00 -2.812423508536015859e+00 1.416535645692578838e+00 4.604515094783585560e-01 -6.999741746108468776e-01 -1.597120024500991331e+00 2.298321304630086992e+00 1.254067433815967414e+00 -1.168806194811456756e+00 -9.091283342695926084e-01 3.176286324544021156e+00 1.532991108091026788e+00 -9.394769235800627394e-01 -2.134743635246539206e+00 1.795760997636219436e+00 -1.754364480079904531e+00 5.554002562750645078e-01 -9.146397603838510859e-01 -8.157102092552671380e+00 -1.919397455042041623e+00 -3.415845799074131439e-01 -3.252138048684307114e-01 4.520085993387906953e+00 -3.075180094756328586e+00 3.830082989223281498e+00 6.778229181851155971e+00 3.344781801440570135e+00 -1.175194496798446675e+00
2.879490598478357644e+00 -2.875197470367119479e+00 -3.036718907594911920e-01 4.278531790259354040e+00 1.305869431344482301e+00 -6.035856287258263286e-01 -7.511014032795323203e+00 -2.183477349952126279e+00 1.346235791283733052e-01 4.322917482242386811e+00 -2.611901478545881616e+00 4.599839691826850263e-01 -1.139537451242264465e+00 -4.177753910598531739e+00 -1.499421396142767593e+00 2.287408777955795003e+00 -2.634501007636069758e+00 -3.473472087170776934e+00 1.957006117809423629e-01 -1.067221659989750826e+00 -2.392305225429934623e+00 -1.182063312484638695e+00 -2.669313240820483379e+00 3.794723318618624108e-01 1.183703207856292572e+00 -1.702994432063926533e+00 -3.427919421015114043e+00 -4.519694233595171085e+00 3.468025046208331297e+00 3.102235605186549616e+00 6.127538573830512147e-01 2.078810902561010643e+00 3.733796253059612491e-01 -3.965167227504224012e+00 -3.451378786243053387e+00 -2.199045917496382785e+00 5.494446862480235616e+00 5.619497429861564086e+00 2.786826250739443012e+00 2.713156633549473895e+00 8.774298917911405038e-01 -4.402312439723076731e-01 1.977917954945583423e+00 1.586487506630354538e+00 -1.870689955991364783e+00 -6.128247658527241626e-01 -4.387344778547175750e+00 1.868282729169174594e+00 -2.685565133377940228e+00 -1.358001535156623030e+00 -2.191100579040185625e+00 -1.951982310008484323e+00 -3.375905918610407674e+00 5.676770398780340621e+00 -3.605285857570996733e+00 -4.544780506433119704e+00 2.709196162767784966e+00 -1.915344232987060469e+00 -2.363667492935780601e+00 5.139534466280041430e-02 -1.893551938017043135e+00 -4.713327524362561860e+00 -2.175824681535092786e+00 7.856747560272631103e-01 1.539500824989991523e+00 2.422809226370902458e+00 -1.086152378885874015e+00 1.927812160729002411e+00 -7.156861419379804967e-02 -2.887682946344011792e-01 2.313366460623871745e+00 -1.206387383593870100e+00 6.646990094419365391e+00 -1.017893302915547249e+00 -4.533088712342799198e+00 6.830827007462977329e-01 -4.189645778820842104e+00 1.224025474191955620e+00 4.396840184572837096e+00 1.991489143159073993e+00 -3.909203971334652694e-01 -4.930870674274545173e+00 -2.392949517215380961e+00 -1.694001946370521150e+00 2.034527541886738344e+00 -4.069918139835701609e+00 -3.497668880288805404e+00 -1.546591784268475656e-01 1.541311405768574616e+00 2.865551603015112359e-01 5.754388678229904741e+00 -1.150175071372917301e+00 -5.974363002633685582e+00 3.001394392710516890e+00 8.424356049024888105e-01 3.563239735216337856e+00 -1.847860612147598003e+00 -3.118615527057874370e+00 2.875152546317285562e-01 1.088718645880067282e+00
3.898532770891558030e+00 4.952362523273498240e+00 2.099669454545645575e+00 9.074186974409197415e-01 1.681871548684878315e+00 7.374109862861337739e-01 6.918782815571646871e-01 1.444477577975269655e+00 5.016139933758786640e+00 -4.136746341030234086e-01 3.424298182976192040e-01 -4.377537880586908514e+00 2.718918943575852065e+00 -6.680800301621611093e-01 -3.770844382791510796e+00 -9.681223534040056533e-01 -3.566685823474389228e+00 8.550515513295979808e-01 -6.227281857183884772e-02 6.686096601993888333e-01 -1.486128927560638635e+00 -3.815052620888943924e+00 -3.602705261325920283e+00 1.147921378192207353e-01 2.518063415005250327e+00 -1.513395325378522616e+00 -6.885334547836881036e-01 1.990813399986761434e+00 3.289029089649650572e+00 -3.976284766320286046e-01 -8.909956086268826514e-01 2.158283131971967084e+00 2.320237922204373623e-02 8.883920935958453668e-01 -2.807761540248495002e+00 4.295380734689860702e+00 4.249692707396764746e+00 2.002350861987700625e+00 -5.922270942412942718e-01 -3.425842189464911591e-01 8.318910463129967070e-01 2.931287632990267511e+00 -9.616825325721561901e-01 9.004803227759812234e-01 -1.490296044303589085e+00 1.494897659206210649e+00 8.751787567250298716e-01 9.710571980391906610e-01 5.266732889334494239e+00 2.468589828343635162e+00 -1.508094920963661267e-01 -1.826389605446500530e+00 2.489843019169872385e+00 -9.675747787535700084e-01 2.098200865863052655e+00 1.866021698641471271e+00 2.625503238329546463e+00 7.043963771556092102e-01 -2.285671025248054544e+00 -1.523844753890482684e+00 -7.823188626749134622e-01 -4.913702601404509984e+00 -2.440652212869207638e+00 3.410037422307473420e+00 -8.680887579703583379e-02 -3.791441247298602546e-01 4.780735312348846300e+00 -5.290212189071092919e-01 1.414684506982393231e+00 -1.631028952305214608e+00 2.011558401142260255e+00 -1.030779833749466690e+00 -3.761376347664341369e-02 -9.339100666794772354e-02 -1.024541782554094338e+00 1.398103887376625776e-01 -1.320049115746426471e+00 -1.090219027311736477e+00 -2.555149087794974072e+00 -4.574642072439885965e+00 -1.408720019185774497e+00 -6.581180374122230781e-01 2.546629181674874953e+00 -3.240777122844967995e+00 3.137227889463509167e-01 1.535382056245694127e+00 -3.498271995216469143e+00 -1.120076351110826707e+00 -4.279165087009915602e+00 1.954127446491528419e-01 8.818918078613071643e-01 8.619307549872592400e-01 1.091163041386226773e+00 4.562508052078705134e+00 -1.529405934749541007e+00 1.345536131629087251e+00 1.524487456727372958e+00 -1.063064440689625023e+00 -3.004556398863709177e-01 1.288306350031209746e+00
8.843397203617224811e-01 4.127291229357912705e+00 -3.344989304782773898e-01 3.183356880023596736e-01 2.689039646823225826e-01 3.301888313981510059e+00 -1.887544376317533468e+00 1.910396393960086314e+00 -3.214137530561191003e+00 3.387425563010801000e+00 8.357327325773317162e-01 -7.688747738059013015e-01 2.657241879460126910e+00 -2.317280809235012118e+00 4.311199123905580244e+00 -2.768650880677880899e+00 -4.701403546422991964e-01 -1.128877291417980544e+00 9.466074563641755368e-01 -1.401874074740034004e+00 -7.945877080486184463e-01 3.921153171016649730e-01 1.022748125070779501e+00 1.611266640663333360e+00 -2.728946763600674341e+00 -1.924437901036439635e+00 1.241187558836505250e-01 1.029103018465129527e+00 4.189902252726844800e+00 -2.366348682980904616e+00 2.701582052163340464e+00 7.875104009251923110e-01 3.946741204481039489e+00 4.161745124309869759e+00 2.142341866181889376e+00 -9.140950862741601401e-01 3.271931370219113955e+00 -1.903301212686709709e+00 1.773386473769834604e+00 1.357171852887229635e+00 -2.429644220441132596e+00 -1.534987308240886916e+00 4.086844907053863274e+00 -1.701496906638764184e+00 7.031313976387744413e-02 1.274257193349695116e+00 -2.415640736413820822e+00 3.683426938022140162e-01 2.087297335761358674e+00 -2.908133694872574004e+00 3.786464960734849505e+00 -2.175576779634232349e-01 -2.386631439354558015e+00 -1.100645871894196270e+00 1.934888377555746553e-01 -2.210454506271219977e+00 7.004391780244613175e-01 1.893580740254525274e+00 1.506303419818865841e+00 -1.006713592873424767e+00 -3.038604627018515636e+00 1.381757683011848536e+00 1.152814709828475226e-01 -2.857197012801143909e+00 -2.581457264798305395e+00 1.705629104361524595e+00 2.953717433044956486e+00 2.430215946730073906e+00 -3.573441739477686951e+00 6.186205012813706938e-01 7.010837333789464720e-01 -2.087192727144365545e+00 8.379223820470830253e-01 -2.112607493749658172e+00 1.064059253651133075e+00 3.458825481604019259e-01 -5.257996461530636267e-01 -1.199711930319064646e+00 1.726442309297988364e+00 9.420166899295371321e-01 -8.779977669198137935e-01 -6.829116677688930048e-01 2.385945214213399446e+00 1.151536676165476392e+00 -7.057088620999648620e-01 -1.603569924495807264e+00 1.348926338441096551e+00 -1.317808619753278565e+00 4.172096478994224422e-01 -6.870522372326348659e-01 -6.127420528314477366e+00 -1.441777589756207734e+00 -2.565918134046205057e-01 -2.442898588453128184e-01 3.395367380398142121e+00 -2.309993752876680517e+00 2.877050855456959155e+00 5.091636792103893860e+00 2.512509747015128969e+00 -8.827726919417085982e-01
2.162999212798346171e+00 -2.159777880137343509e+00 -2.281069661414181771e-01 3.213915415727955693e+00 9.809411814855136802e-01 -4.533992472947106500e-01 -5.642086851818633342e+00 -1.640164922835331440e+00 1.011257530667131616e-01 3.247262599745046163e+00 -1.961988158468183974e+00 3.455258441204981379e-01 -8.559977997631672553e-01 -3.138218558282190429e+00 -1.126329600280121968e+00 1.718239312459439727e+00 -1.978967441723221921e+00 -2.609182524900331757e+00 1.470107962097235987e-01 -8.016986585914132046e-01 -1.797028069221874524e+00 -8.879437988996204956e-01 -2.005121021841098194e+00 2.850482973573405521e-01 8.891621619305520863e-01 -1.279235900088349753e+00 -2.574960478822757359e+00 -3.395073952990388833e+00 2.605095602395270937e+00 2.330308176057031222e+00 4.602844049989439634e-01 1.561606516118564381e+00 2.804712415985640694e-01 -2.978531879244589842e+00 -2.592583638514831534e+00 -1.651867628175522240e+00 4.127294662123203395e+00 4.221223951619731629e+00 2.093349015866107887e+00 2.038030766147410855e+00 6.591026695512692823e-01 -3.306900777738664421e-01 1.485756800532490374e+00 1.191718100765123634e+00 -1.405217698480613953e+00 -4.603389927949338989e-01 -3.295658708806656900e+00 1.403394868594681544e+00 -2.017329646272877586e+00 -1.020094597783309354e+00 -1.645896729269655356e+00 -1.466278498606806924e+00 -2.535896678156692285e+00 4.264245785110198916e+00 -2.708198150093295009e+00 -3.413915691896373783e+00 2.035062639090893022e+00 -1.438754559599281668e+00 -1.775526999635920644e+00 3.856647225487437602e-02 -1.422384732054972067e+00 -3.540534161081381637e+00 -1.634420043252261534e+00 5.901776021786943049e-01 1.156430144268527194e+00 1.819984451344363485e+00 -8.158938983837389358e-01 1.448118952480211163e+00 -5.376060643103506426e-02 -2.169229241199452374e-01 1.737678457130388265e+00 -9.062112843217545732e-01 4.993051821136822888e+00 -7.646146355218248480e-01 -3.405133301283056912e+00 5.131082953195630347e-01 -3.147147631898906450e+00 9.194394645639123453e-01 3.302793591436928189e+00 1.495949351688956597e+00 -2.936213711305483698e-01 -3.703933512333045019e+00 -1.797516195717404397e+00 -1.272501995865984226e+00 1.528270622051837835e+00 -3.057217697723628724e+00 -2.627347961358585060e+00 -1.161813451305104689e-01 1.157794500522855152e+00 2.152522320475849238e-01 4.322559513336027059e+00 -8.639442707779254604e-01 -4.487786514843897123e+00 2.254571572513125677e+00 6.328156080368586567e-01 2.676609146129162564e+00 -1.388064115667346998e+00 -2.342626364915486370e+00 2.159796903437955218e-01 8.178143642141807446e-01
1.764024177959537365e+00 2.240879127421263828e+00 9.500565191517408303e-01 4.105935947548332021e-01 7.610108965952869786e-01 3.336629227376372575e-01 3.130660555075164275e-01 6.535946009444255633e-01 2.269732760476523392e+00 -1.871817916246861502e-01 1.549425177167857715e-01 -1.980769037289533241e+00 1.230261839980342886e+00 -3.022916270090191815e-01 -1.706254531159022703e+00 -4.380474367947292391e-01 -1.613862911024914082e+00 3.868988484760460533e-01 -2.817004993305060115e-02 3.026525525426163044e-01 -6.724498001120899904e-01 -1.726243350000545407e+00 -1.630157674066963658e+00 5.193656030466070606e-02 1.139385812999958558e+00 -6.847670930280468360e-01 -3.115554320753054496e-01 9.008103385888387438e-01 1.488242041440148711e+00 -1.799181848769171033e-01 -4.031456665053311239e-01 9.765293827350437494e-01 1.049674266535852163e-02 4.019839549563456460e-01 -1.270472328950532193e+00 1.943594035722374436e+00 1.922930752387160602e+00 9.060350293684857892e-01 -2.679291539050023818e-01 -1.550247435761208104e-01 3.764140030848398544e-01 1.326354919736257409e+00 -4.351451718949856384e-01 4.074491308900121678e-01 -6.743583179324782462e-01 6.764088038183423413e-01 3.960115341945103506e-01 4.393935930909455556e-01 2.383123799102098150e+00 1.116996412243051129e+00 -6.823612788274795171e-02 -8.263898935665140444e-01 1.126608423892882405e+00 -4.378108002061836812e-01 9.493973056825447676e-01 8.443378004897010847e-01 1.187977417242335409e+00 3.187378133625538568e-01 -1.034235890368478961e+00 -6.894756946474238646e-01 -3.539844687650755550e-01 -2.223380576002925046e+00 -1.104340352323453400e+00 1.542984066952757471e+00 -3.927525487529887060e-02 -1.715792100653446284e-01 2.163216113791508910e+00 -2.393708630478911248e-01 6.401239466065442585e-01 -7.380071134347481188e-01 9.102564494153743135e-01 -4.664112675652429818e-01 -1.701875287835397793e-02 -4.226047287170637407e-02 -4.635894329959334703e-01 6.326369233745150755e-02 -5.972922238740827616e-01 -4.932978604933602185e-01 -1.156165115181832626e+00 -2.069954497111894387e+00 -6.374175979787797264e-01 -2.977911182950279678e-01 1.152302581813001714e+00 -1.466398953298288843e+00 1.419609057609906577e-01 6.947324850628707749e-01 -1.582911521144497291e+00 -5.068313682744525206e-01 -1.936263476696983510e+00 8.842200386475211615e-02 3.990455883864917341e-01 3.898773592767516005e-01 4.937340492543536019e-01 2.064466835046613102e+00 -6.920200626181753911e-01 6.088330871610445616e-01 6.898050271129202438e-01 -4.810203681946886856e-01 -1.359580633738835809e-01 5.829275169948520130e-01
4.001477301415904964e-01 1.867543325913428420e+00 -1.513565938709193204e-01 1.440428283513510155e-01 1.216776947173564133e-01 1.494046573117093102e+00 -8.540868790383649989e-01 8.644268497131892826e-01 -1.454352631312387123e+00 1.532758929927934721e+00 3.781546082062810510e-01 -3.478985331943623138e-01 1.202358229678804236e+00 -1.048526850180565573e+00 1.950757570878345781e+00 -1.252762334395550736e+00 -2.127210233621187330e-01 -5.108026023304096386e-01 4.283245228023268014e-01 -6.343494914356960779e-01 -3.595226991611021328e-01 1.774304975954556218e-01 4.627814454220054996e-01 7.290616699993222039e-01 -1.234803324882517428e+00 -8.707678938137579649e-01 5.615716661411452454e-02 4.656489499308933966e-01 1.895873408614824784e+00 -1.070734660911214498e+00 1.222418574322307494e+00 3.562934085914674642e-01 1.785830434241902021e+00 1.883128672609216459e+00 9.693661485925602062e-01 -4.136154634857188706e-01 1.480507023665442956e+00 -8.612164022416191056e-01 8.024045550858425191e-01 6.141487778354959293e-01 -1.099362034074630179e+00 -6.945584411282803572e-01 1.849229390271539986e+00 -7.698944167105838954e-01 3.179072854549485488e-02 5.765803536233656823e-01 -1.093030532466558569e+00 1.666664500995453380e-01 9.444766221728955191e-01 -1.315880756236421867e+00 1.713315118699294759e+00 -9.842497999115161489e-02 -1.079910371433527860e+00 -4.980252664706391053e-01 8.755197213599531791e-02 -1.000189025381784447e+00 3.169377019124902661e-01 8.568122804458092601e-01 6.815693596440364210e-01 -4.555162231269694884e-01 -1.374904909529748309e+00 6.252267504646564777e-01 5.216095529228421956e-02 -1.292836309338702749e+00 -1.168057398756906284e+00 7.717561069747478353e-01 1.336516473621846890e+00 1.099620551751429476e+00 -1.616917790114626552e+00 2.799087867612486402e-01 3.172569555088853854e-01 -9.444050752597169529e-01 3.791481047613311506e-01 -9.559069441010862311e-01 4.814632757139161168e-01 1.565103488726034553e-01 -2.379126616098613811e-01 -5.428468082956920959e-01 7.811913461004253989e-01 4.262401605968491047e-01 -3.973050875366243573e-01 -3.090043713405271064e-01 1.079603995149015283e+00 5.210443456574036514e-01 -3.193198860495539693e-01 -7.255970328179939255e-01 6.103645169933551440e-01 -5.962582147712487401e-01 1.887895991691339037e-01 -3.108785471978382509e-01 -2.772581123067871189e+00 -6.523527515118765496e-01 -1.161065306124686447e-01 -1.105345184186583007e-01 1.536345203287730055e+00 -1.045233468216368644e+00 1.301810195779299795e+00 2.303893205942080247e+00 1.136866574791029372e+00 -3.994371509003447618e-01
9.787235618044898278e-01 -9.772702158975737907e-01 -1.032106198129140312e-01 1.454237814432505216e+00 4.438674592002885277e-01 -2.051576299114045987e-01 -2.552964441541728746e+00 -7.421407137603899251e-01 4.575781640002197365e-02 1.469333837428194345e+00 -8.877631974537069093e-01 1.563423584205246575e-01 -3.873336199698663718e-01 -1.419992019848791420e+00 -5.096500656445321908e-01 7.774726860514171722e-01 -8.954497705966096843e-01 -1.180614234060887613e+00 6.652673184745679091e-02 -3.627912517081457455e-01 -8.131152853386836021e-01 -4.017906847935145964e-01 -9.072880837188124215e-01 1.289780726937832522e-01 4.023258258657796405e-01 -5.788227916201166279e-01 -1.165124432006517274e+00 -1.536213452956594283e+00 1.178770658894956691e+00 1.054414674550985476e+00 2.082709252049277371e-01 7.066713768697512332e-01 1.269065813316142266e-01 -1.347739827554047531e+00 -1.173099941436229754e+00 -7.474455853726803545e-01 1.867545880118940183e+00 1.910040865195804072e+00 9.471562635765394811e-01 9.221501431747455291e-01 2.982336317985345708e-01 -1.496317665583677126e-01 6.722767936760418728e-01 5.392213937423291359e-01 -6.358434558971810535e-01 -2.082972103939490782e-01 -1.491232304509993112e+00 6.350011869231140249e-01 -9.128130400956528945e-01 -4.615755338994264045e-01 -7.447407741795777358e-01 -6.634678190639953232e-01 -1.147457535215063107e+00 1.929507401575379477e+00 -1.225417882758502053e+00 -1.544736144407899747e+00 9.208153513016185121e-01 -6.510108399257430456e-01 -8.033993894879649655e-01 1.740234367072486521e-02 -6.436037269554223395e-01 -1.602041357694129031e+00 -7.395455658982211800e-01 2.670449453290291153e-01 5.232627996123342395e-01 8.235536894400837804e-01 -3.691843415360219760e-01 6.552466531019508489e-01 -2.432596641294932152e-02 -9.816337501043854996e-02 7.861971479417831921e-01 -4.100514922383450278e-01 2.259283184612801421e+00 -3.459755201122126089e-01 -1.540762470062819744e+00 2.321665363143186334e-01 -1.424027746180899667e+00 4.160117677067523001e-01 1.494463336672624987e+00 6.768866371699310269e-01 -1.328255995361087849e-01 -1.675960903451404471e+00 -8.133411267451564619e-01 -5.758009799504798520e-01 6.915018496239672130e-01 -1.383343495527293854e+00 -1.188821149761719598e+00 -5.257666395467792270e-02 5.238852934875216638e-01 9.739754136842812549e-02 1.955904086807276787e+00 -3.908762363079069102e-01 -2.030652310414351458e+00 1.020160270688852844e+00 2.863388400433622971e-01 1.211118313679764524e+00 -6.280760150845595691e-01 -1.060005246643422216e+00 9.773420286269618451e-02 3.700446423951581076e-01
