# 
#                 ----------------------------------------------------
#                 Data from a 3D direct N-body simulation. 
# 
#                 rows are i-particle; 
#                 coumns are :mass, tag, x ,y, z, vx, vy, vz, ax, ay, az
# 
#                 NTHU, Computational Physics Lab
# 
#                 ----------------------------------------------------
#                 Time = 0.3000000000000001
1.000000000000000000e+00 2.000000000000000000e+00 3.000000000000000000e+00 4.000000000000000000e+00 5.000000000000000000e+00 6.000000000000000000e+00 7.000000000000000000e+00 8.000000000000000000e+00 9.000000000000000000e+00 1.000000000000000000e+01 1.100000000000000000e+01 1.200000000000000000e+01 1.300000000000000000e+01 1.400000000000000000e+01 1.500000000000000000e+01 1.600000000000000000e+01 1.700000000000000000e+01 1.800000000000000000e+01 1.900000000000000000e+01 2.000000000000000000e+01 2.100000000000000000e+01 2.200000000000000000e+01 2.300000000000000000e+01 2.400000000000000000e+01 2.500000000000000000e+01 2.600000000000000000e+01 2.700000000000000000e+01 2.800000000000000000e+01 2.900000000000000000e+01 3.000000000000000000e+01 3.100000000000000000e+01 3.200000000000000000e+01 3.300000000000000000e+01 3.400000000000000000e+01 3.500000000000000000e+01 3.600000000000000000e+01 3.700000000000000000e+01 3.800000000000000000e+01 3.900000000000000000e+01 4.000000000000000000e+01 4.100000000000000000e+01 4.200000000000000000e+01 4.300000000000000000e+01 4.400000000000000000e+01 4.500000000000000000e+01 4.600000000000000000e+01 4.700000000000000000e+01 4.800000000000000000e+01 4.900000000000000000e+01 5.000000000000000000e+01 5.100000000000000000e+01 5.200000000000000000e+01 5.300000000000000000e+01 5.400000000000000000e+01 5.500000000000000000e+01 5.600000000000000000e+01 5.700000000000000000e+01 5.800000000000000000e+01 5.900000000000000000e+01 6.000000000000000000e+01 6.100000000000000000e+01 6.200000000000000000e+01 6.300000000000000000e+01 6.400000000000000000e+01 6.500000000000000000e+01 6.600000000000000000e+01 6.700000000000000000e+01 6.800000000000000000e+01 6.900000000000000000e+01 7.000000000000000000e+01 7.100000000000000000e+01 7.200000000000000000e+01 7.300000000000000000e+01 7.400000000000000000e+01 7.500000000000000000e+01 7.600000000000000000e+01 7.700000000000000000e+01 7.800000000000000000e+01 7.900000000000000000e+01 8.000000000000000000e+01 8.100000000000000000e+01 8.200000000000000000e+01 8.300000000000000000e+01 8.400000000000000000e+01 8.500000000000000000e+01 8.600000000000000000e+01 8.700000000000000000e+01 8.800000000000000000e+01 8.900000000000000000e+01 9.000000000000000000e+01 9.100000000000000000e+01 9.200000000000000000e+01 9.300000000000000000e+01 9.400000000000000000e+01 9.500000000000000000e+01 9.600000000000000000e+01 9.700000000000000000e+01 9.800000000000000000e+01 9.900000000000000000e+01 1.000000000000000000e+02
2.000000000000000111e-01 2.000000000000000111e-01 2.000000000000000111e-01 2.000000000000000111e-01 2.000000000000000111e-01 2.000000000000000111e-01 2.000000000000000111e-01 2.000000000000000111e-01 2.000000000000000111e-01 2.000000000000000111e-01 2.000000000000000111e-01 2.000000000000000111e-01 2.000000000000000111e-01 2.000000000000000111e-01 2.000000000000000111e-01 2.000000000000000111e-01 2.000000000000000111e-01 2.000000000000000111e-01 2.000000000000000111e-01 2.000000000000000111e-01 2.000000000000000111e-01 2.000000000000000111e-01 2.000000000000000111e-01 2.000000000000000111e-01 2.000000000000000111e-01 2.000000000000000111e-01 2.000000000000000111e-01 2.000000000000000111e-01 2.000000000000000111e-01 2.000000000000000111e-01 2.000000000000000111e-01 2.000000000000000111e-01 2.000000000000000111e-01 2.000000000000000111e-01 2.000000000000000111e-01 2.000000000000000111e-01 2.000000000000000111e-01 2.000000000000000111e-01 2.000000000000000111e-01 2.000000000000000111e-01 2.000000000000000111e-01 2.000000000000000111e-01 2.000000000000000111e-01 2.000000000000000111e-01 2.000000000000000111e-01 2.000000000000000111e-01 2.000000000000000111e-01 2.000000000000000111e-01 2.000000000000000111e-01 2.000000000000000111e-01 2.000000000000000111e-01 2.000000000000000111e-01 2.000000000000000111e-01 2.000000000000000111e-01 2.000000000000000111e-01 2.000000000000000111e-01 2.000000000000000111e-01 2.000000000000000111e-01 2.000000000000000111e-01 2.000000000000000111e-01 2.000000000000000111e-01 2.000000000000000111e-01 2.000000000000000111e-01 2.000000000000000111e-01 2.000000000000000111e-01 2.000000000000000111e-01 2.000000000000000111e-01 2.000000000000000111e-01 2.000000000000000111e-01 2.000000000000000111e-01 2.000000000000000111e-01 2.000000000000000111e-01 2.000000000000000111e-01 2.000000000000000111e-01 2.000000000000000111e-01 2.000000000000000111e-01 2.000000000000000111e-01 2.000000000000000111e-01 2.000000000000000111e-01 2.000000000000000111e-01 2.000000000000000111e-01 2.000000000000000111e-01 2.000000000000000111e-01 2.000000000000000111e-01 2.000000000000000111e-01 2.000000000000000111e-01 2.000000000000000111e-01 2.000000000000000111e-01 2.000000000000000111e-01 2.000000000000000111e-01 2.000000000000000111e-01 2.000000000000000111e-01 2.000000000000000111e-01 2.000000000000000111e-01 2.000000000000000111e-01 2.000000000000000111e-01 2.000000000000000111e-01 2.000000000000000111e-01 2.000000000000000111e-01 2.000000000000000111e-01
2.395671029109472272e+00 3.043244879619870780e+00 1.290267281745714589e+00 5.576132503781090488e-01 1.033527035643770242e+00 4.531463152950872542e-01 4.251615770711721365e-01 8.876465126584258680e-01 3.082440065815670760e+00 -2.542050085760086398e-01 2.104263062809982321e-01 -2.690020391122505128e+00 1.670795993440934879e+00 -4.105421480094289532e-01 -2.317200088205380037e+00 -5.949265579860998354e-01 -2.191753650229891548e+00 5.254329036077289850e-01 -3.827276309903127754e-02 4.107736167853777154e-01 -9.132348130528252783e-01 -2.344377726720950683e+00 -2.213890490657822063e+00 7.054436343478483196e-02 1.547362962713694889e+00 -9.300059482025002655e-01 -4.231039429455933365e-01 1.223367261934444228e+00 2.021120798313337907e+00 -2.443468620342404973e-01 -5.475341649036838954e-01 1.326323636259986616e+00 1.425952296062101346e-02 5.459216052322282131e-01 -1.725382035543050252e+00 2.639534501209272133e+00 2.611451315263847661e+00 1.230453859520503901e+00 -3.639612952966752024e-01 -2.105115916357182260e-01 5.112045864569487730e-01 1.801298081802357398e+00 -5.909602037643396644e-01 5.533534297356316189e-01 -9.157777057510246843e-01 9.186300107238174473e-01 5.377969605043864121e-01 5.967159172929233923e-01 3.236429568385863487e+00 1.516963787057951318e+00 -9.267546168389113881e-02 -1.122344409803672116e+00 1.530027660857296468e+00 -5.945814266534774628e-01 1.289360710478704153e+00 1.146686908337464228e+00 1.613403377404005745e+00 4.328481825835726049e-01 -1.404553427272354771e+00 -9.364423939676772557e-01 -4.807413442420986338e-01 -3.019492443026328576e+00 -1.499807398393362190e+00 2.095490690239888654e+00 -5.334796166244465399e-02 -2.329687973195360973e-01 2.937782398299856990e+00 -3.250888155600112350e-01 8.693305492337751739e-01 -1.002282657168027225e+00 1.236069177646607731e+00 -6.334203821927526512e-01 -2.311455775230604470e-02 -5.738735538214050080e-02 -6.295864531413425391e-01 8.591296686484946321e-02 -8.111848679448366850e-01 -6.699528648406789522e-01 -1.570153392106334422e+00 -2.811142882182221747e+00 -8.656711735488402670e-01 -4.044149059554210113e-01 1.564923614724242240e+00 -1.991477324746356414e+00 1.927795647217249164e-01 9.435039211710352092e-01 -2.149709243060117903e+00 -6.882820879834017358e-01 -2.629564639965876971e+00 1.200816145430480542e-01 5.419248827246883060e-01 5.297642557577127986e-01 6.705259495787375679e-01 2.803684290753865049e+00 -9.398380215765119727e-01 8.268402704631985234e-01 9.368074373929941023e-01 -6.532588160785273157e-01 -1.846265679449524411e-01 7.916800039290134983e-01
5.434334095637948225e-01 2.536236993514188409e+00 -2.055506510701158307e-01 1.956183649757378129e-01 1.652407807896851266e-01 2.029033786084606383e+00 -1.159904637184793641e+00 1.173947493774817108e+00 -1.975101184302727519e+00 2.081590625306946496e+00 5.135635369046638310e-01 -4.724819690357153212e-01 1.632891754604311352e+00 -1.423987113779200397e+00 2.649250361390086184e+00 -1.701358434668649000e+00 -2.889117602599707291e-01 -6.936988937234630503e-01 5.816960291110321313e-01 -8.614413700790404249e-01 -4.882908906182896747e-01 2.409536125779335458e-01 6.284814346331299983e-01 9.901411720060656618e-01 -1.676954998220351545e+00 -1.182585799086788958e+00 7.627526775053995733e-02 6.323927520861731821e-01 2.574712150341664341e+00 -1.454135432276913331e+00 1.660141283902844656e+00 4.839627151005758132e-01 2.425301055438543241e+00 2.557412601364229321e+00 1.316488918175358513e+00 -5.617152244376155679e-01 2.010613040991092948e+00 -1.169587456123756919e+00 1.089775431399957029e+00 8.339511272918062046e-01 -1.493040886849051896e+00 -9.432577951924178139e-01 2.511392290324784504e+00 -1.045584325503217560e+00 4.322712320145631615e-02 7.830390621716696309e-01 -1.484431896753958702e+00 2.263508755319699195e-01 1.282650340929790689e+00 -1.787067813448320441e+00 2.326804829003427777e+00 -1.337031974140987789e-01 -1.466600790334481763e+00 -6.763529035195022798e-01 1.188989700851863646e-01 -1.358342210208334455e+00 4.304238689117778627e-01 1.163618643722028168e+00 9.256392039300552765e-01 -6.186357666536840272e-01 -1.867252176997232116e+00 8.490955287906608584e-01 7.084274794302822253e-02 -1.755764136590457936e+00 -1.586329042260248290e+00 1.048129841166129506e+00 1.815071676077411489e+00 1.493392354763878105e+00 -2.195906803785053096e+00 3.801514561583423935e-01 4.307985524412398792e-01 -1.282604858738441989e+00 5.149069810430703109e-01 -1.298220757557090765e+00 6.538757479194148292e-01 2.125437389389307208e-01 -3.231095215828299616e-01 -7.372328924644280246e-01 1.060906019829881197e+00 5.788804984077525750e-01 -5.395152934258047317e-01 -4.196549834629231257e-01 1.466175894522720347e+00 7.076319664591349534e-01 -4.336638783598161795e-01 -9.853975166115662709e-01 8.289255789833170907e-01 -8.098237661763367790e-01 2.563708746290990770e-01 -4.221988952810788454e-01 -3.765319485759244245e+00 -8.860029627718279954e-01 -1.576749782644883691e-01 -1.501196830397747706e-01 2.086476565285380058e+00 -1.419506150701996816e+00 1.767971940325150815e+00 3.128833855007884690e+00 1.543955086758785900e+00 -5.424716448272578484e-01
1.329174986532868141e+00 -1.327192154206530805e+00 -1.401762858937473655e-01 1.974975807522617588e+00 6.027885021043294378e-01 -2.786151742710960000e-01 -3.467087585779461190e+00 -1.007896982194587343e+00 6.214234796787843074e-02 1.995462447918075144e+00 -1.205657226957862038e+00 2.123296566281626108e-01 -5.260092469955450767e-01 -1.928455120973575188e+00 -6.921331259452051521e-01 1.055870615051751615e+00 -1.216088208846545893e+00 -1.603357372377961720e+00 9.033380137309487967e-02 -4.926210992843207959e-01 -1.104293022980801453e+00 -5.456386901591920857e-01 -1.232156449081725613e+00 1.751651974190878980e-01 5.463999202009711675e-01 -7.861065398739377486e-01 -1.582331507341064203e+00 -2.086295459805109331e+00 1.600841514559638412e+00 1.431997826645871497e+00 2.828477966763324192e-01 9.595625923942477931e-01 1.723529167564027964e-01 -1.830324015907340840e+00 -1.593160024298044153e+00 -1.015080921735389774e+00 2.536238325780280078e+00 2.593963487785917454e+00 1.286414654453031270e+00 1.252402250110797644e+00 4.050223106464735379e-01 -2.032111619555039828e-01 9.130097293825282234e-01 7.323271083261306824e-01 -8.635107425432636541e-01 -2.828801107836837470e-01 -2.025202140954897700e+00 8.624041643854184480e-01 -1.239658138698616519e+00 -6.268548890568323984e-01 -1.011414156749380622e+00 -9.010365904453641051e-01 -1.558319701046613881e+00 2.620400778719233159e+00 -1.664202543971343262e+00 -2.097876066207468249e+00 1.250571925473262125e+00 -8.841251711433875116e-01 -1.091070399832754001e+00 2.373686537138868999e-02 -8.740658368563591907e-01 -2.175674249147258266e+00 -1.004363366786207967e+00 3.626683785756363299e-01 7.106357412178360144e-01 1.118360271416208640e+00 -5.013674180651684908e-01 8.898807522666860592e-01 -3.303609178648147376e-02 -1.332932562005651189e-01 1.067871487375648965e+00 -5.568680023736597429e-01 3.068254283264252091e+00 -4.698604928930727453e-01 -2.092479067430218720e+00 3.153133227353495105e-01 -1.933945612120041790e+00 5.650164129325709883e-01 2.029584540391744074e+00 9.192747599976710537e-01 -1.804579628955506054e-01 -2.276096574209469647e+00 -1.104589119253358120e+00 -7.819489721560928253e-01 9.391438611622973109e-01 -1.878677231246208335e+00 -1.614529964234639348e+00 -7.138910294710053284e-02 7.114701521333249845e-01 1.322742716293928977e-01 2.656226634526682062e+00 -5.309335232967413720e-01 -2.757770745408099522e+00 1.385445436604504810e+00 3.888690020569235961e-01 1.644795612294766007e+00 -8.529742040832153371e-01 -1.439554390676087259e+00 1.327154773993958203e-01 5.025542949530684700e-01
2.310906193178139834e+00 2.935568901948573117e+00 1.244613131732711819e+00 5.378836229033863159e-01 9.969571531449524793e-01 4.371124052528570503e-01 4.101185500692242636e-01 8.562383328610934097e-01 2.973376710064010719e+00 -2.452106696049483892e-01 2.029807129592198500e-01 -2.594841055587688405e+00 1.611678354905949240e+00 -3.960156633822639605e-01 -2.235212626562499860e+00 -5.738750653228366083e-01 -2.114203228366514420e+00 5.068419637482879381e-01 -3.691769032592464445e-02 3.962533913730645896e-01 -8.809222867512220834e-01 -2.261426892496026575e+00 -2.135556398058167549e+00 6.804772209693045470e-02 1.492613640076193349e+00 -8.970975865907199198e-01 -4.081340620450134016e-01 1.180081333447282388e+00 1.949609516038648627e+00 -2.357009728805133375e-01 -5.281591579520810154e-01 1.279387891624196971e+00 1.375475017096568567e-02 5.266056091255248983e-01 -1.664334277453896505e+00 2.546141459159468656e+00 2.519053102077933648e+00 1.186917688745515731e+00 -3.510781504795581487e-01 -2.030644584525980734e-01 4.931164718015962345e-01 1.737562907274926349e+00 -5.700504446951943915e-01 5.337739319580699915e-01 -8.833779511291536268e-01 8.861255470331238504e-01 5.187692008501664231e-01 5.756032882861965572e-01 3.121917882717178294e+00 1.463289657995880511e+00 -8.939604017395420821e-02 -1.082630377329566240e+00 1.475890734562750994e+00 -5.735434774965572080e-01 1.243739271348927478e+00 1.106113372027790476e+00 1.556314603377511929e+00 4.175340835363371417e-01 -1.354857535266598800e+00 -9.033039521074845979e-01 -4.637312258851343794e-01 -2.912656221836608772e+00 -1.446738542876177425e+00 2.021346540592419139e+00 -5.145985282885918305e-02 -2.247284678724500995e-01 2.833837417543880743e+00 -3.135860201068959019e-01 8.385716587498539543e-01 -9.668184804469792670e-01 1.192340901803656594e+00 -6.110083547975818652e-01 -2.229660181307006883e-02 -5.535714923636454038e-02 -6.073101740505851831e-01 8.287335594293389340e-02 -7.824820357227130208e-01 -6.462471863677894390e-01 -1.514597522512278749e+00 -2.711677803503943718e+00 -8.350408608005600586e-01 -3.901060720743837473e-01 1.509551901011739528e+00 -1.921013725313822418e+00 1.859592980800084672e-01 9.101199706163887182e-01 -2.073647029603670422e+00 -6.639306910855126143e-01 -2.536525165708661156e+00 1.158329269826257751e-01 5.227506488036317567e-01 5.110040641212841850e-01 6.468010753403615753e-01 2.704483449294394326e+00 -9.065827840270096472e-01 7.975845150761473601e-01 9.036606854826955137e-01 -6.301449548232792575e-01 -1.780948140520776934e-01 7.636671099553237196e-01
5.242051421287384771e-01 2.446499728041775956e+00 -1.982778909397633071e-01 1.886970154531256438e-01 1.593944977710816391e-01 1.957240839749640804e+00 -1.118864669835027748e+00 1.132410630453957623e+00 -1.905217931625965200e+00 2.007939056874691985e+00 4.953922321780438454e-01 -4.557637651446513338e-01 1.575115775225055303e+00 -1.373602177671437552e+00 2.555514261674441290e+00 -1.641159131241384017e+00 -2.786881400310243784e-01 -6.691545159116633057e-01 5.611141294288941594e-01 -8.309642454454952976e-01 -4.710120680741306520e-01 2.324286142911969610e-01 6.062446860817570782e-01 9.551061955526179981e-01 -1.617619923890005529e+00 -1.140741793374880464e+00 7.357590756946055799e-02 6.100166562798551295e-01 2.483613488323467067e+00 -1.402684416532972156e+00 1.601400803505565573e+00 4.668338246586686835e-01 2.339486962227487865e+00 2.466925552180553982e+00 1.269907105668161229e+00 -5.418405675972101099e-01 1.939473720432910886e+00 -1.128204863063292152e+00 1.051213501255729543e+00 8.044498346431309121e-01 -1.440211761057948348e+00 -9.098831004095434549e-01 2.422532582937262369e+00 -1.008588227542119409e+00 4.169466787040358030e-02 7.553330856721574005e-01 -1.431907959188994939e+00 2.183416836878857015e-01 1.237267885877693763e+00 -1.723836455622131725e+00 2.244476633042250757e+00 -1.289704813632102931e-01 -1.414708490012146269e+00 -6.524219033733993367e-01 1.146921879121513832e-01 -1.310279881201766194e+00 4.151944066859940552e-01 1.122446552671826359e+00 8.928866932133622258e-01 -5.967462051496251751e-01 -1.801182275274826994e+00 8.190528036697681813e-01 6.833590554702737019e-02 -1.693640811122536949e+00 -1.530199431896099860e+00 1.011042713430767126e+00 1.750850644108668641e+00 1.440550771876213831e+00 -2.118209185783391568e+00 3.666998887399989804e-01 4.155591239915783497e-01 -1.237221115906116164e+00 4.966884667937134235e-01 -1.252284735160912987e+00 6.307391930403234426e-01 2.050238864849406872e-01 -3.116766997610190271e-01 -7.111472942410469456e-01 1.023368942419798699e+00 5.583973685954359834e-01 -5.204288852361975692e-01 -4.048062630282431296e-01 1.414299122171710721e+00 6.825932535099421550e-01 -4.183195056170352921e-01 -9.505325363468993816e-01 7.995957310001720053e-01 -7.811666752719156337e-01 2.473008910999113519e-01 -4.072602407118827705e-01 -3.632095527947390323e+00 -8.546505376775546114e-01 -1.520963791024592671e-01 -1.448077423027042676e-01 2.012651249885383464e+00 -1.369280228377417918e+00 1.705415516187138270e+00 3.018128889024884298e+00 1.489325590478845607e+00 -5.232772246486045997e-01
1.282145540563129016e+00 -1.280233375071784030e+00 -1.352160003272768751e-01 1.905095278292366023e+00 5.814611917051967227e-01 -2.687572719728164028e-01 -3.344414514734058930e+00 -9.722341230671425194e-01 5.994359843918058844e-02 1.924857881903096368e+00 -1.162997424027503168e+00 2.048165909480707536e-01 -5.073987054691725396e-01 -1.860221307822282455e+00 -6.676441792917333640e-01 1.018510873084951029e+00 -1.173059776468312831e+00 -1.546626644436600806e+00 8.713836453742639099e-02 -4.751951404191454009e-01 -1.065219010634604224e+00 -5.263338500527582342e-01 -1.188559988528756106e+00 1.689672043613982544e-01 5.270662136799751929e-01 -7.582907906313645086e-01 -1.526344144477080667e+00 -2.012476674499151574e+00 1.544200485166433934e+00 1.381328631674875851e+00 2.728398789364545052e-01 9.256191250524731240e-01 1.662543757723235205e-01 -1.765562744957761110e+00 -1.536789678180485508e+00 -9.791650234287377907e-01 2.446501132931811373e+00 2.502183053247934552e+00 1.240891997311125650e+00 1.208085965266493922e+00 3.906916242881606771e-01 -1.960210134655999692e-01 8.807046139113808847e-01 7.064140919655721440e-01 -8.329581406390406118e-01 -2.728712392223338057e-01 -1.953545309730289059e+00 8.318886264887126458e-01 -1.195796339222118920e+00 -6.046750658706413484e-01 -9.756276299151431797e-01 -8.691556708683516597e-01 -1.503182995247247300e+00 2.527684907496386302e+00 -1.605319039456497343e+00 -2.023647183675238104e+00 1.206321386562813736e+00 -8.528422805693225417e-01 -1.052465791885578428e+00 2.289121333414292567e-02 -8.431388677163353940e-01 -2.098694151754558312e+00 -9.688260525979600635e-01 3.498361382691081434e-01 6.854912540837052592e-01 1.078794619531789456e+00 -4.836284192264205251e-01 8.583940441670854238e-01 -3.186720962202576474e-02 -1.285781075799395101e-01 1.030078600255599497e+00 -5.371652497503602852e-01 2.959692548289183378e+00 -4.532355975816653171e-01 -2.018441170118537631e+00 3.041559324136410836e-01 -1.865516988641193530e+00 5.450223264675319035e-01 1.957772961320081828e+00 8.867477181084951754e-01 -1.740689167690956940e-01 -2.195561361346933360e+00 -1.065505225097772124e+00 -7.542833395108602401e-01 9.059126460075194176e-01 -1.812205052724580545e+00 -1.557402408166010943e+00 -6.886394965959063974e-02 6.862967568136838503e-01 1.275939959776450916e-01 2.562244429129731049e+00 -5.121424227335942270e-01 -2.660193935658103026e+00 1.336425201138668806e+00 3.751098227337420488e-01 1.586598050152633999e+00 -8.227937276653116694e-01 -1.388619834136936237e+00 1.280204877772390393e-01 4.847722628553576829e-01
1.764038541482754630e+00 2.240886302867330482e+00 9.500727849183850937e-01 4.105960970140136723e-01 7.610245773922283963e-01 3.336687383205075297e-01 3.130668948986561895e-01 6.536068373552003097e-01 2.269743909122702963e+00 -1.871828412273058295e-01 1.549450203797167469e-01 -1.980783024852010188e+00 1.230276546708420904e+00 -3.022972992104128176e-01 -1.706262516201708879e+00 -4.380611364168395250e-01 -1.613880726013478872e+00 3.869007089582504055e-01 -2.817626092486432560e-02 3.025601645436468146e-01 -6.724552288561269631e-01 -1.726263365880922995e+00 -1.630178414870945502e+00 5.194106641406576880e-02 1.139393395840287537e+00 -6.847890211057565679e-01 -3.115539530035855709e-01 9.008185729462734326e-01 1.488247218290366991e+00 -1.799215760447142043e-01 -4.031616191324339238e-01 9.765853836830850065e-01 1.049841424082422967e-02 4.019867128709750381e-01 -1.270478789185020885e+00 1.943607879997005794e+00 1.922936501250000374e+00 9.060399393441568305e-01 -2.679670235967443470e-01 -1.550172666875457572e-01 3.764198817215629878e-01 1.326370715581706161e+00 -4.351494449127663033e-01 4.074556097065889504e-01 -6.743452246468724098e-01 6.764212924929916548e-01 3.960090750014842453e-01 4.393926274187210934e-01 2.383134495043519596e+00 1.117006547355203772e+00 -6.823892101177193859e-02 -8.264147075150310995e-01 1.126622446093652918e+00 -4.378155141814665252e-01 9.494092895154819800e-01 8.443506390205384182e-01 1.188004128155855099e+00 3.187326309007241787e-01 -1.034239434540785263e+00 -6.895134842708801060e-01 -3.539892836239919016e-01 -2.223392088087581264e+00 -1.104362274230571650e+00 1.542999634544157228e+00 -3.927911165892972872e-02 -1.715624258254716816e-01 2.163226228254586214e+00 -2.393751028814726789e-01 6.401278115065436314e-01 -7.380192474421295445e-01 9.102168204225888903e-01 -4.664152580175775498e-01 -1.701959984506161427e-02 -4.225877902938392910e-02 -4.635927687231234384e-01 6.326282667514979141e-02 -5.973043837386274868e-01 -4.933090903482874046e-01 -1.156173945273244241e+00 -2.069970064781450070e+00 -6.374274993702808700e-01 -2.977909959080838331e-01 1.152317361108500471e+00 -1.466411891886645780e+00 1.419569574262010137e-01 6.947409796006920324e-01 -1.582925225867273467e+00 -5.068237048729395955e-01 -1.936271802286280375e+00 8.842204620075838628e-02 3.990459745222413313e-01 3.899877524766572345e-01 4.937379899625443103e-01 2.064480106434200213e+00 -6.920352512613647811e-01 6.088385674738662212e-01 6.898117261057981064e-01 -4.810238103102279505e-01 -1.359537970737995094e-01 5.829408583811587219e-01
4.001525634210236770e-01 1.867550803511188295e+00 -1.513569071164784785e-01 1.440432071077785148e-01 1.216763284447246324e-01 1.494063145580696084e+00 -8.540913970600326754e-01 8.644316166080805441e-01 -1.454359282327758018e+00 1.532769273370836016e+00 3.781586422691576854e-01 -3.479054764423873403e-01 1.202369253816556238e+00 -1.048540166752297331e+00 1.950766659838580885e+00 -1.252779175215378071e+00 -2.127308430924780558e-01 -5.108038947040615119e-01 4.283282690247550706e-01 -6.343354651381335474e-01 -3.595382342482861815e-01 1.774282764211225216e-01 4.627818575807202128e-01 7.290764042700114134e-01 -1.234814795707199098e+00 -8.707828111894860834e-01 5.616133574266844730e-02 4.656558288998164929e-01 1.895881448707209538e+00 -1.070743819102173422e+00 1.222432085618472497e+00 3.563306792300587333e-01 1.785850861729734396e+00 1.883139903297881723e+00 9.693817320505201396e-01 -4.136172569899438933e-01 1.480510984573349509e+00 -8.612211357088345176e-01 8.024310035314667910e-01 6.141133624643220212e-01 -1.099381797380893033e+00 -6.945632438080713289e-01 1.849246900198382670e+00 -7.699054603903724425e-01 3.181104730910815082e-02 5.765856888173132022e-01 -1.093046328317323734e+00 1.666700428108906784e-01 9.444780829266545830e-01 -1.315894347826420230e+00 1.713329193984585164e+00 -9.843903327249928226e-02 -1.079921149686928761e+00 -4.980289298420739197e-01 8.755159929931037588e-02 -1.000202448414975409e+00 3.169402053444346223e-01 8.568216280157624487e-01 6.815821887513784372e-01 -4.555245300403898412e-01 -1.374928562103622687e+00 6.252291473708045944e-01 5.216305894999757886e-02 -1.292846813966817887e+00 -1.168075806552570262e+00 7.717736785155495660e-01 1.336522325359313257e+00 1.099640462505705463e+00 -1.616937296832818616e+00 2.799168500069520449e-01 3.172371499309900589e-01 -9.444260750901549706e-01 3.791499561803691187e-01 -9.559263502476352814e-01 4.814725554714282540e-01 1.565084044794259055e-01 -2.379172857175459455e-01 -5.428542877096985686e-01 7.811947909032576076e-01 4.262496315498391364e-01 -3.972881074928991674e-01 -3.090087556682823977e-01 1.079611438259209466e+00 5.210548152111451614e-01 -3.193242361953483321e-01 -7.255972080140864477e-01 6.103720961412293367e-01 -5.962866882154083115e-01 1.887839872772818783e-01 -3.108824351738428415e-01 -2.772587055109491772e+00 -6.523812761402673077e-01 -1.161052090775239048e-01 -1.105376488486741471e-01 1.536361445065745013e+00 -1.045243614586406800e+00 1.301828570745936720e+00 2.303905184839464937e+00 1.136879214227926704e+00 -3.994432078183964285e-01
9.787309160215480475e-01 -9.772741239260911428e-01 -1.032148176454708022e-01 1.454256014844663270e+00 4.438653026680843272e-01 -2.051579531145775459e-01 -2.552977380384369610e+00 -7.421531087837817120e-01 4.575817379065088425e-02 1.469346551025782599e+00 -8.877746962983498191e-01 1.563457293072239296e-01 -3.873301506744685763e-01 -1.420005235645537489e+00 -5.096511446803915213e-01 7.774816960295279911e-01 -8.954583325874910793e-01 -1.180623386841693989e+00 6.652188149057995659e-02 -3.627656255918325079e-01 -8.131310922042090938e-01 -4.017857133975156758e-01 -9.072933253764277062e-01 1.289805399962165033e-01 4.023338906548302729e-01 -5.788364967569077368e-01 -1.165137388314527289e+00 -1.536228869735129621e+00 1.178775203394531124e+00 1.054433568939405541e+00 2.082729923134751804e-01 7.066211921019001085e-01 1.269093917566603280e-01 -1.347749635173646876e+00 -1.173111906252213288e+00 -7.474502899268817835e-01 1.867552550009889067e+00 1.910053148096933384e+00 9.472050924913973935e-01 9.221789766590852144e-01 2.982359475692028528e-01 -1.496331809881643604e-01 6.722859537207345193e-01 5.392355688609484776e-01 -6.358447911192224300e-01 -2.082979982056376855e-01 -1.491245199540683242e+00 6.350166126006391298e-01 -9.128177239233213891e-01 -4.615801593940995762e-01 -7.447479375080771069e-01 -6.634731573237694358e-01 -1.147463203817551181e+00 1.929519972207364376e+00 -1.225426875528301762e+00 -1.544753968230611063e+00 9.208375216068001023e-01 -6.510183626747093610e-01 -8.034046286622790189e-01 1.744153835878100439e-02 -6.436112106850516712e-01 -1.602049668345412181e+00 -7.395544545829443317e-01 2.670479659832228347e-01 5.232698674288585039e-01 8.235283956632252211e-01 -3.691830648154004191e-01 6.552553608570802490e-01 -2.432604701080951642e-02 -9.815675327388542759e-02 7.862639571844916020e-01 -4.100505732804543002e-01 2.259296323220133296e+00 -3.459787098811004102e-01 -1.540780085066214777e+00 2.321739308196845153e-01 -1.424044656425241362e+00 4.160312876877929611e-01 1.494474150938907453e+00 6.768975494208160359e-01 -1.328536588240410987e-01 -1.675982781118832809e+00 -8.133529229930026583e-01 -5.757943447532608561e-01 6.915206668572824178e-01 -1.383353928049496639e+00 -1.188840583657370331e+00 -5.257188728356013141e-02 5.238882145054547523e-01 9.739887966409906117e-02 1.955908279056378429e+00 -3.909156577096457585e-01 -2.030668708127911337e+00 1.020166614606548672e+00 2.863413125196892506e-01 1.211132069329067029e+00 -6.280819018586184521e-01 -1.060010639593180315e+00 9.772949253266249858e-02 3.700503765044111382e-01
