# 
#                 ----------------------------------------------------
#                 Data from a 3D direct N-body simulation. 
# 
#                 rows are i-particle; 
#                 coumns are :mass, tag, x ,y, z, vx, vy, vz, ax, ay, az
# 
#                 NTHU, Computational Physics Lab
# 
#                 ----------------------------------------------------
#                 Time = 9.199999999999848
1.000000000000000000e+00 2.000000000000000000e+00 3.000000000000000000e+00 4.000000000000000000e+00 5.000000000000000000e+00 6.000000000000000000e+00 7.000000000000000000e+00 8.000000000000000000e+00 9.000000000000000000e+00 1.000000000000000000e+01 1.100000000000000000e+01 1.200000000000000000e+01 1.300000000000000000e+01 1.400000000000000000e+01 1.500000000000000000e+01 1.600000000000000000e+01 1.700000000000000000e+01 1.800000000000000000e+01 1.900000000000000000e+01 2.000000000000000000e+01 2.100000000000000000e+01 2.200000000000000000e+01 2.300000000000000000e+01 2.400000000000000000e+01 2.500000000000000000e+01 2.600000000000000000e+01 2.700000000000000000e+01 2.800000000000000000e+01 2.900000000000000000e+01 3.000000000000000000e+01 3.100000000000000000e+01 3.200000000000000000e+01 3.300000000000000000e+01 3.400000000000000000e+01 3.500000000000000000e+01 3.600000000000000000e+01 3.700000000000000000e+01 3.800000000000000000e+01 3.900000000000000000e+01 4.000000000000000000e+01 4.100000000000000000e+01 4.200000000000000000e+01 4.300000000000000000e+01 4.400000000000000000e+01 4.500000000000000000e+01 4.600000000000000000e+01 4.700000000000000000e+01 4.800000000000000000e+01 4.900000000000000000e+01 5.000000000000000000e+01 5.100000000000000000e+01 5.200000000000000000e+01 5.300000000000000000e+01 5.400000000000000000e+01 5.500000000000000000e+01 5.600000000000000000e+01 5.700000000000000000e+01 5.800000000000000000e+01 5.900000000000000000e+01 6.000000000000000000e+01 6.100000000000000000e+01 6.200000000000000000e+01 6.300000000000000000e+01 6.400000000000000000e+01 6.500000000000000000e+01 6.600000000000000000e+01 6.700000000000000000e+01 6.800000000000000000e+01 6.900000000000000000e+01 7.000000000000000000e+01 7.100000000000000000e+01 7.200000000000000000e+01 7.300000000000000000e+01 7.400000000000000000e+01 7.500000000000000000e+01 7.600000000000000000e+01 7.700000000000000000e+01 7.800000000000000000e+01 7.900000000000000000e+01 8.000000000000000000e+01 8.100000000000000000e+01 8.200000000000000000e+01 8.300000000000000000e+01 8.400000000000000000e+01 8.500000000000000000e+01 8.600000000000000000e+01 8.700000000000000000e+01 8.800000000000000000e+01 8.900000000000000000e+01 9.000000000000000000e+01 9.100000000000000000e+01 9.200000000000000000e+01 9.300000000000000000e+01 9.400000000000000000e+01 9.500000000000000000e+01 9.600000000000000000e+01 9.700000000000000000e+01 9.800000000000000000e+01 9.900000000000000000e+01 1.000000000000000000e+02
2.000000000000000111e-01 2.000000000000000111e-01 2.000000000000000111e-01 2.000000000000000111e-01 2.000000000000000111e-01 2.000000000000000111e-01 2.000000000000000111e-01 2.000000000000000111e-01 2.000000000000000111e-01 2.000000000000000111e-01 2.000000000000000111e-01 2.000000000000000111e-01 2.000000000000000111e-01 2.000000000000000111e-01 2.000000000000000111e-01 2.000000000000000111e-01 2.000000000000000111e-01 2.000000000000000111e-01 2.000000000000000111e-01 2.000000000000000111e-01 2.000000000000000111e-01 2.000000000000000111e-01 2.000000000000000111e-01 2.000000000000000111e-01 2.000000000000000111e-01 2.000000000000000111e-01 2.000000000000000111e-01 2.000000000000000111e-01 2.000000000000000111e-01 2.000000000000000111e-01 2.000000000000000111e-01 2.000000000000000111e-01 2.000000000000000111e-01 2.000000000000000111e-01 2.000000000000000111e-01 2.000000000000000111e-01 2.000000000000000111e-01 2.000000000000000111e-01 2.000000000000000111e-01 2.000000000000000111e-01 2.000000000000000111e-01 2.000000000000000111e-01 2.000000000000000111e-01 2.000000000000000111e-01 2.000000000000000111e-01 2.000000000000000111e-01 2.000000000000000111e-01 2.000000000000000111e-01 2.000000000000000111e-01 2.000000000000000111e-01 2.000000000000000111e-01 2.000000000000000111e-01 2.000000000000000111e-01 2.000000000000000111e-01 2.000000000000000111e-01 2.000000000000000111e-01 2.000000000000000111e-01 2.000000000000000111e-01 2.000000000000000111e-01 2.000000000000000111e-01 2.000000000000000111e-01 2.000000000000000111e-01 2.000000000000000111e-01 2.000000000000000111e-01 2.000000000000000111e-01 2.000000000000000111e-01 2.000000000000000111e-01 2.000000000000000111e-01 2.000000000000000111e-01 2.000000000000000111e-01 2.000000000000000111e-01 2.000000000000000111e-01 2.000000000000000111e-01 2.000000000000000111e-01 2.000000000000000111e-01 2.000000000000000111e-01 2.000000000000000111e-01 2.000000000000000111e-01 2.000000000000000111e-01 2.000000000000000111e-01 2.000000000000000111e-01 2.000000000000000111e-01 2.000000000000000111e-01 2.000000000000000111e-01 2.000000000000000111e-01 2.000000000000000111e-01 2.000000000000000111e-01 2.000000000000000111e-01 2.000000000000000111e-01 2.000000000000000111e-01 2.000000000000000111e-01 2.000000000000000111e-01 2.000000000000000111e-01 2.000000000000000111e-01 2.000000000000000111e-01 2.000000000000000111e-01 2.000000000000000111e-01 2.000000000000000111e-01 2.000000000000000111e-01 2.000000000000000111e-01
9.282681148755948186e+01 1.179197748797687524e+02 4.999419682534152543e+01 2.160631900554476914e+01 4.004618488465864345e+01 1.755812538488273589e+01 1.647419182703293572e+01 3.439369474176066177e+01 1.194381794168606348e+02 -9.849907355109440488e+00 8.153435253997624699e+00 -1.042323639552629402e+02 6.473914884965194005e+01 -1.590730106854495141e+01 -8.978674634028222101e+01 -2.305118586153459148e+01 -8.492507617842693435e+01 2.035944203742747405e+01 -1.482470818653750300e+00 1.592464523683510436e+01 -3.538577886885110502e+01 -9.083880248463691487e+01 -8.578258948711761889e+01 2.733084482963670681e+00 5.995694551957315355e+01 -3.603421908827778708e+01 -1.639466051371033473e+01 4.740262598355708690e+01 7.831443469795684109e+01 -9.467721100307441517e+00 -2.121462122803580641e+01 5.138792210767270063e+01 5.523883953376446110e-01 2.115326643358211101e+01 -6.685496771644197622e+01 1.022761367398401688e+02 1.011886554564694052e+02 4.767750368213692269e+01 -1.409962106724005082e+01 -8.157593561712014107e+00 1.980777593480158671e+01 6.979578212891654232e+01 -2.289830328248030256e+01 2.144091814013993869e+01 -3.548589597998707745e+01 3.559422916739224974e+01 2.083889717013925136e+01 2.312177532334965591e+01 1.254050406629638985e+02 5.877881251578381239e+01 -3.590772183867873224e+00 -4.348674977204744607e+01 5.928468202344274118e+01 -2.303858156818305503e+01 4.995943522434789230e+01 4.443100312229290694e+01 6.251425879071385339e+01 1.677254952696630852e+01 -5.442367271046466470e+01 -3.628226330832050905e+01 -1.862746987203036753e+01 -1.169990385959588508e+02 -5.811302403534943295e+01 8.119524806868793121e+01 -2.066809670413411570e+00 -9.028566507839281385e+00 1.138330376150543941e+02 -1.259625724839886374e+01 3.368469971037100663e+01 -3.883565249933403862e+01 4.789889336961901023e+01 -2.454358461503431244e+01 -8.955759936391276543e-01 -2.223804069365638458e+00 -2.439508275477488297e+01 3.329050527911252111e+00 -3.143094695881334744e+01 -2.595853466257659292e+01 -6.083992788372018623e+01 -1.089255123816765121e+02 -3.354238839971155528e+01 -1.567037706525022678e+01 6.063677409508522231e+01 -7.716513794276217197e+01 7.470207095316496293e+00 3.655839127362694541e+01 -8.329628106032731694e+01 -2.667037623398113055e+01 -1.018902943662920961e+02 4.652947827477947662e+00 2.099860343695509357e+01 2.051800299066099598e+01 2.598136449391245861e+01 1.086367015354862531e+02 -3.641577127163260741e+01 3.203813786646337292e+01 3.629906795909506201e+01 -2.531233609791776829e+01 -7.154319902268740705e+00 3.067506663326311056e+01
2.105667562573063734e+01 9.827408477618466520e+01 -7.964699551807010280e+00 7.579835323828604920e+00 6.402906642352236055e+00 7.862007383732783694e+01 -4.494387888732760672e+01 4.548799356500922642e+01 -7.653112940238756323e+01 8.065709203462834864e+01 1.989933895088286420e+01 -1.830725146824983796e+01 6.327074137742378213e+01 -5.517585761820039636e+01 1.026530161972266058e+02 -6.592320709150897073e+01 -1.119398244412628962e+01 -2.687950195704315703e+01 2.253937785004180938e+01 -3.338053552586751493e+01 -1.891908420654565148e+01 9.336718949213350882e+00 2.435251536435498210e+01 3.836496886520092886e+01 -6.497807636299505418e+01 -4.582184403043076060e+01 2.955175753111742409e+00 2.450351869276192929e+01 9.976488132192442038e+01 -5.634440780693427087e+01 6.432639990062733659e+01 1.874951809918496792e+01 9.397440397688011160e+01 9.909428116326240854e+01 5.101029755589380699e+01 -2.176532394285155547e+01 7.790738163491623425e+01 -4.531905265924861226e+01 4.222461953204563656e+01 3.231716941889670380e+01 -5.785101825173480705e+01 -3.654917026853337347e+01 9.731053765562676006e+01 -4.051360932403985515e+01 1.673236737076481573e+00 3.034093045901067853e+01 -5.751777454347344332e+01 8.770391044111702783e+00 4.970032075070185584e+01 -6.924457288428183688e+01 9.015839196191448934e+01 -5.179561688159402877e+00 -5.682727989919891343e+01 -2.620717244913788946e+01 4.607157954946294431e+00 -5.263222395713155066e+01 1.667795395752749243e+01 4.508737680124943381e+01 3.586579395145988514e+01 -2.397033781260629226e+01 -7.235071502142056943e+01 3.290075387433017085e+01 2.744851961052528377e+00 -6.803187462191884549e+01 -6.146588624857208316e+01 4.061168543220050964e+01 7.033033569845383681e+01 5.786462445021080470e+01 -8.508585879912604355e+01 1.472951057408951492e+01 1.669437826412713832e+01 -4.969688632207785162e+01 1.995158184759670661e+01 -5.030211129904072465e+01 2.533574155177444354e+01 8.235862548246998927e+00 -1.251953020034453523e+01 -2.856583841959489689e+01 4.110794835236652744e+01 2.242979121220280447e+01 -2.090672141343340940e+01 -1.626051764460000726e+01 5.681110133692470754e+01 2.741859871317146258e+01 -1.680334060484381453e+01 -3.818240634103428732e+01 3.211876032931437663e+01 -3.137681100045400129e+01 9.934400840923958143e+00 -1.635913222690772528e+01 -1.458990028445835492e+02 -3.432861952200224920e+01 -6.109741303234773824e+00 -5.816605910290539860e+00 8.084590886515722730e+01 -5.500249947764538661e+01 6.850423205145314398e+01 1.212357861324170472e+02 5.982446358447902668e+01 -2.101930419818668483e+01
5.150256462107774524e+01 -5.142602827860766013e+01 -5.431225407255356075e+00 7.652528288731897987e+01 2.335717919670092257e+01 -1.079582052708887652e+01 -1.343424413858216724e+02 -3.905317542047904311e+01 2.407876149065281801e+00 7.731957374229880031e+01 -4.671611389499355482e+01 8.227112430323337833e+00 -2.038223044267581940e+01 -7.472311464609606446e+01 -2.681884949185972644e+01 4.091235899266649056e+01 -4.712054744460337474e+01 -6.212649610865869221e+01 3.500690996000290323e+00 -1.909038922497276403e+01 -4.278806057928552775e+01 -2.114296541459684775e+01 -4.774344760438770408e+01 6.787132322444615617e+00 2.117134615363180927e+01 -3.045907366981100495e+01 -6.131145531109510927e+01 -8.083896193995154533e+01 6.202940543436659482e+01 5.548578135012574108e+01 1.095967799333370429e+01 3.718565156691629880e+01 6.678132011732861528e+00 -7.092099851303771629e+01 -6.173112618136632790e+01 -3.933219855561575429e+01 9.827420552025107270e+01 1.005104737077425909e+02 4.984212931002175395e+01 4.852591842506884490e+01 1.569370427773183430e+01 -7.873954228974668901e+00 3.537673801039424859e+01 2.837517493094176046e+01 -3.345940879214382591e+01 -1.096103955165137656e+01 -7.847191903927907219e+01 3.341532515169432571e+01 -4.803417267457327711e+01 -2.428912907386519393e+01 -3.918990744071474097e+01 -3.491312702708788152e+01 -6.038166369950493362e+01 1.015348476272933880e+02 -6.448415324047520869e+01 -8.128748413282085039e+01 4.845556642144465087e+01 -3.425765224569430956e+01 -4.227661148091080179e+01 9.164091611005167337e-01 -3.386787409963837092e+01 -8.430284102244914379e+01 -3.891655410338594834e+01 1.405250357162012520e+01 2.753528077916254801e+01 4.333665679298096052e+01 -1.942721528333509795e+01 3.448056947294703889e+01 -1.280083583283026849e+00 -5.165446012120701091e+00 4.137243189858230608e+01 -2.157773463543808745e+01 1.188883349797170581e+02 -1.820599508443113024e+01 -8.107837773634179257e+01 1.221720415542333704e+01 -7.493554534548108848e+01 2.189172223720606780e+01 7.864190737774646323e+01 3.561934703806251434e+01 -6.990029121598080764e+00 -8.819286855476543963e+01 -4.279987698397775375e+01 -3.029971574188930106e+01 3.638856323207153309e+01 -7.279454709505198196e+01 -6.255853469468165429e+01 -2.766611027039726167e+00 2.756796755960552758e+01 5.125280939196819041e+00 1.029237535750708759e+02 -2.056937238310441884e+01 -1.068573648199053281e+02 5.368303209634214568e+01 1.506777858770104928e+01 6.373176116899770705e+01 -3.305074706047565769e+01 -5.577974032510140034e+01 5.142894461751391866e+00 1.947260468700115510e+01
1.801068593874480683e+01 2.287937543268355256e+01 9.700076019956224371e+00 4.192160442632158812e+00 7.769920377853939186e+00 3.406698068817946012e+00 3.196404373146344291e+00 6.673200086833012357e+00 2.317397077209163214e+01 -1.911126025454866095e+00 1.581962946058757424e+00 -2.022365097697531411e+01 1.256097244468950080e+01 -3.086397148852118466e+00 -1.742085825307465186e+01 -4.472463450007143848e+00 -1.647753918215423852e+01 3.950237126160306200e+00 -2.876158074838661705e-01 3.090090435799853541e+00 -6.865712116157766332e+00 -1.762494332232473582e+01 -1.664390852166279799e+01 5.302719890891562926e-01 1.163312866869732609e+01 -6.991470602950267121e+00 -3.180981058040195375e+00 9.197273030796587534e+00 1.519495091251368812e+01 -1.836964452486048449e+00 -4.116116223121483841e+00 9.970360806076605797e+00 1.071716356003424159e-01 4.104256003760136551e+00 -1.297152206695314192e+01 1.984409422011056279e+01 1.963312261466410646e+01 9.250617336095540821e+00 -2.735554071298197609e+00 -1.582803155700149178e+00 3.843186594307040238e+00 1.354208272056569129e+01 -4.442831932054858157e+00 4.160055211617753379e+00 -6.885199327229502231e+00 6.906133087830077955e+00 4.043277924899447484e+00 4.486208653281885894e+00 2.433169330548478015e+01 1.140453272116002026e+01 -6.966906867847303397e-01 -8.437439170638036501e+00 1.150267110994759001e+01 -4.470047968887145728e+00 9.693345724720600742e+00 8.620688117503206627e+00 1.212924769689304583e+01 3.254313414219993650e+00 -1.055954821705351776e+01 -7.039544341481185796e+00 -3.614181118646253577e+00 -2.270071494532095002e+01 -1.127531358449372156e+01 1.575386632568248046e+01 -4.010001052896114970e-01 -1.751824931439916133e+00 2.208643587581980938e+01 -2.443976240198068695e+00 6.535665248029616237e+00 -7.535051852335490352e+00 9.293721512994418177e+00 -4.762058798087680067e+00 -1.737614127851868917e-01 -4.314795375628197038e-01 -4.733247897675287419e+00 6.459223526329864740e-01 -6.098352824257458060e+00 -5.036570437994998706e+00 -1.180444526182570719e+01 -2.113423441537414504e+01 -6.508033074251983408e+00 -3.040447328882802669e+00 1.176500841407067810e+01 -1.497193248844837221e+01 1.449421101965632896e+00 7.093218129872420619e+00 -1.616152575460047203e+01 -5.174748810341872840e+00 -1.976924957080067813e+01 9.027886572416249367e-01 4.074255432771392904e+00 3.980638809017998714e+00 5.041024391064859778e+00 2.107820553746436687e+01 -7.065523865389956804e+00 6.216185469439441391e+00 7.042908898927075612e+00 -4.911217739224495560e+00 -1.388132111631090293e+00 5.951689093050803514e+00
4.085508015120896452e+00 1.906761687972558050e+01 -1.545350803708067211e+00 1.470677253348532831e+00 1.242329354106177730e+00 1.525421445213016902e+01 -8.720226746296427578e+00 8.825797833186790342e+00 -1.484893994079479640e+01 1.564946801355741002e+01 3.860958292523503310e+00 -3.552043579654683203e+00 1.227607681971370290e+01 -1.070545828885074968e+01 1.991723421807198946e+01 -1.279070235564413061e+01 -2.171881019372380983e+00 -5.215294489434633363e+00 4.373193141427652364e+00 -6.476709609843248394e+00 -3.670725754835508781e+00 1.811565524122572102e+00 4.724998536797428095e+00 7.443718699511581605e+00 -1.260734121435881150e+01 -8.890539245561431159e+00 5.733644032815301550e-01 4.754275337735315965e+00 1.935686698837152875e+01 -1.093220030418591016e+01 1.248089277717935452e+01 3.637752950636765625e+00 1.823332742658964278e+01 1.922674302974341742e+01 9.897227378106421725e+00 -4.223013767697167964e+00 1.511597645872544504e+01 -8.793019164527482445e+00 8.192548718594423462e+00 6.270461444079870716e+00 -1.122448510120851850e+01 -7.091441377301181959e+00 1.888063095457858154e+01 -7.860621288938621554e+00 3.245819841462858069e-01 5.886885070029076239e+00 -1.115984072438030594e+01 1.701664224829604999e+00 9.643106219446060834e+00 -1.343514165237180791e+01 1.749294646240092632e+01 -1.004918098590225295e+00 -1.102588420284119941e+01 -5.084837736598394109e+00 8.939056605319870563e-01 -1.021192908596796300e+01 3.235933777867371131e+00 8.748052786165505523e+00 6.958822340726307232e+00 -4.650820073249429143e+00 -1.403777761168091942e+01 6.383564969098324049e+00 5.325632149030806728e-01 -1.319985804652378114e+01 -1.192586486366881005e+01 7.879628677644298307e+00 1.364583282180089441e+01 1.122712455287709332e+01 -1.650872938964486991e+01 2.857868195933460420e+00 3.239195143738818672e+00 -9.642374470235369088e+00 3.871102031286543621e+00 -9.759808656811630456e+00 4.915739450762192320e+00 1.597970792894836345e+00 -2.429087978935859482e+00 -5.542465434173920791e+00 7.975963423628502191e+00 4.351911424756616853e+00 -4.056486118360686177e+00 -3.154934350049639402e+00 1.102275631557557389e+01 5.319862097512763732e+00 -3.260255758785869595e+00 -7.408345700138686318e+00 6.231821230130861089e+00 -6.087794499784308755e+00 1.927542175382612744e+00 -3.174069717973851734e+00 -2.830805288773759543e+01 -6.660519365121332136e+00 -1.185447762202730848e+00 -1.128557232362388030e+00 1.568608348574291078e+01 -1.067183306196652026e+01 1.329148092091378786e+01 2.352274886728377723e+01 1.160740692340515245e+01 -4.078252924156327452e+00
9.992767096035741758e+00 -9.977928654539509168e+00 -1.053780158936798550e+00 1.484776692176588853e+01 4.531886904786767367e+00 -2.094659380744287258e+00 -2.606576612143626193e+01 -7.577255891933540433e+00 4.671872826625977915e-01 1.500189766752328602e+01 -9.064061510726340032e+00 1.596255264247304240e+00 -3.954676484671007408e+00 -1.449811767780774652e+01 -5.203527101329993521e+00 7.937995549890301206e+00 -9.142541609863009455e+00 -1.205407074652322486e+01 6.792382492592989873e-01 -3.704100952224137711e+00 -8.301906046976233355e+00 -4.102283211864958368e+00 -9.263411003596342397e+00 1.316865963186970578e+00 4.107746165338218347e+00 -5.909779814357841943e+00 -1.189591962350753640e+01 -1.568473836828632706e+01 1.203524813715842257e+01 1.076557261581400127e+01 2.126446011241749812e+00 7.215118714974482650e+00 1.295716015473674210e+00 -1.376042301245651700e+01 -1.197734963607990721e+01 -7.631419126039701517e+00 1.906764300994616690e+01 1.950151644878152979e+01 9.670462145440870572e+00 9.415151063645069485e+00 3.044965235383686242e+00 -1.527740245941393127e+00 6.863945477005427342e+00 5.505449520701146682e+00 -6.491961612989906705e+00 -2.126714468367935762e+00 -1.522548100437559526e+01 6.483361128814776109e+00 -9.319820839888572905e+00 -4.712685905156760668e+00 -7.603802846333323373e+00 -6.774006085391568455e+00 -1.171554107390331190e+01 1.970026976701144861e+01 -1.251151600944815634e+01 -1.577175489002721243e+01 9.401523301225040541e+00 -6.646820196553368199e+00 -8.202707432380002217e+00 1.776752583358691406e-01 -6.571193572751550249e+00 -1.635684173093430971e+01 -7.550759656796010688e+00 2.726528699459477512e+00 5.342512733055777119e+00 8.408485017855273469e+00 -3.769372209136451879e+00 6.690067774717736171e+00 -2.483681117568132257e-01 -1.002248483366021459e+00 8.027067872470373899e+00 -4.186625803931371514e+00 2.306728047552211436e+01 -3.532409857085829774e+00 -1.573118369277809947e+01 2.370419859194501822e+00 -1.453932220846486700e+01 4.247478894751596457e+00 1.525846997649128234e+01 6.911011861861553918e+00 -1.356147412783336614e+00 -1.711155942228031179e+01 -8.304212146993405597e+00 -5.878928435552185583e+00 7.060232679250152188e+00 -1.412393642493249857e+01 -1.213786268613637453e+01 -5.368080438770026497e-01 5.348868665902891451e+00 9.944288130051381902e-01 1.996978045861041906e+01 -3.990843216509916136e+00 -2.073295904121689404e+01 1.041583595837809106e+01 2.923519399121065288e+00 1.236551710326833486e+01 -6.412655737960220925e+00 -1.082265322365144300e+01 9.978665190484165004e-01 3.778155433257156748e+00
1.764018358525760943e+00 2.240876220299615973e+00 9.500499289093434774e-01 4.105925809687251404e-01 7.610053535890772825e-01 3.336605664778556357e-01 3.130657154312162516e-01 6.535896426546400351e-01 2.269728243589496763e+00 -1.871813663755353963e-01 1.549415037679200691e-01 -1.980763370206121365e+00 1.230255881336721702e+00 -3.022893288604993622e-01 -1.706251296023208130e+00 -4.380418859504899842e-01 -1.613855693141930558e+00 3.868980948823373400e-01 -2.816753302899227193e-02 3.026902022875868625e-01 -6.724476010091989808e-01 -1.726235240306995822e+00 -1.630149270382482696e+00 5.193473432384779209e-02 1.139382741032063606e+00 -6.847582072716570378e-01 -3.115560315289187532e-01 9.008070024148682187e-01 1.488239944049778218e+00 -1.799168110914884933e-01 -4.031392020353313788e-01 9.765066269443891667e-01 1.049606540252230949e-02 4.019828375710899904e-01 -1.270469711684401037e+00 1.943588426690268767e+00 1.922928423240239049e+00 9.060330400833690456e-01 -2.679137927520018336e-01 -1.550277779374146236e-01 3.764116211868423489e-01 1.326348519957143868e+00 -4.351434406739753680e-01 4.074465059002140288e-01 -6.743636293161461293e-01 6.764037438873065078e-01 3.960125309027558438e-01 4.393939849499644557e-01 2.383119465636041490e+00 1.116992305957742460e+00 -6.823499620150136336e-02 -8.263798342491687210e-01 1.126602742571531035e+00 -4.378088903320729863e-01 9.493924503560259298e-01 8.443325984228532421e-01 1.187966592434328783e+00 3.187399138893023953e-01 -1.034234454717513296e+00 -6.894603751376139344e-01 -3.539825180320550491e-01 -2.223375911861695364e+00 -1.104331469422561218e+00 1.542977759406673366e+00 -3.927369223537776483e-02 -1.715860233055062634e-01 2.163212015933217991e+00 -2.393691452093778260e-01 6.401223807459825998e-01 -7.380021972704413624e-01 9.102725740961711276e-01 -4.664096519665184015e-01 -1.701840973067944920e-02 -4.226115923484492082e-02 -4.635880815140153710e-01 6.326404292307624688e-02 -5.972872968530203996e-01 -4.932933106711211435e-01 -1.156161537661744010e+00 -2.069948189309422037e+00 -6.374135895925839845e-01 -2.977911681932258747e-01 1.152296593771219957e+00 -1.466393711394840649e+00 1.419625056173207112e-01 6.947290435116901808e-01 -1.582905968567694721e+00 -5.068344784908871414e-01 -1.936260104130191673e+00 8.842198676131861335e-02 3.990454319449407428e-01 3.898324142326081154e-01 4.937324526671788560e-01 2.064461458088648893e+00 -6.920139085896221953e-01 6.088308667731525681e-01 6.898023130162312944e-01 -4.810189736084344303e-01 -1.359597930549986400e-01 5.829221114101473811e-01
4.001457718585142986e-01 1.867540296350777673e+00 -1.513564669838256271e-01 1.440426749046066490e-01 1.216782486464212387e-01 1.494039858703977375e+00 -8.540850485553754812e-01 8.644249185962724624e-01 -1.454349936651140540e+00 1.532754739256920518e+00 3.781529738375055127e-01 -3.478957200726950916e-01 1.202353763137076870e+00 -1.048521454883250881e+00 1.950753888488315102e+00 -1.252755511062039862e+00 -2.127170447153008126e-01 -5.108020789329702493e-01 4.283230052978796443e-01 -6.343552191195971357e-01 -3.595164039737854256e-01 1.774313976765170275e-01 4.627812789529712756e-01 7.290556994144485881e-01 -1.234798677480785090e+00 -8.707618502920864145e-01 5.615547733360825439e-02 4.656461627580757989e-01 1.895870151175597540e+00 -1.070730950590206287e+00 1.222413099825339966e+00 3.562782681271335905e-01 1.785822157834319190e+00 1.883124122477086715e+00 9.693598346016997214e-01 -4.136147368534593971e-01 1.480505418917399840e+00 -8.612144844774657360e-01 8.023938286443290657e-01 6.141631435523160487e-01 -1.099354026540620755e+00 -6.945564953378250417e-01 1.849222295970048391e+00 -7.698899423345636484e-01 3.178249062490799692e-02 5.765781920976491559e-01 -1.093024132469775367e+00 1.666649943966680425e-01 9.444760303831198911e-01 -1.315875249547990844e+00 1.713309416051370659e+00 -9.841928128360905026e-02 -1.079906004523445207e+00 -4.980237822504881562e-01 8.755212330495935891e-02 -1.000183586481615761e+00 3.169366877470157773e-01 8.568084932798292197e-01 6.815641617539645036e-01 -4.555128540179221308e-01 -1.374895326317473243e+00 6.252257793549238496e-01 5.216010260099476770e-02 -1.292832053307056306e+00 -1.168049940659467323e+00 7.717489823678786998e-01 1.336514102784428282e+00 1.099612484064874218e+00 -1.616909886833557852e+00 2.799055197481061796e-01 3.172650192782522360e-01 -9.443965664998388299e-01 3.791473546541796469e-01 -9.558990814420565973e-01 4.814595158704694233e-01 1.565111372944820167e-01 -2.379107880776843986e-01 -5.428437779206698455e-01 7.811899504366165425e-01 4.262363224704509568e-01 -3.973119765037919637e-01 -3.090025949017960460e-01 1.079600979625317869e+00 5.210401036585108336e-01 -3.193181236005729895e-01 -7.255969624509843729e-01 6.103614458798850562e-01 -5.962466729765493190e-01 1.887918737455699658e-01 -3.108769719355116146e-01 -2.772578719719876350e+00 -6.523411498415236931e-01 -1.161070660532661364e-01 -1.105332500612262736e-01 1.536338622711994839e+00 -1.045229357376240342e+00 1.301802750743774606e+00 2.303888352677934126e+00 1.136861454161304907e+00 -3.994346969739904218e-01
9.787205822210104378e-01 -9.772686325496288129e-01 -1.032089189424141712e-01 1.454230440438950334e+00 4.438683337862434630e-01 -2.051574989606196608e-01 -2.552959199355531617e+00 -7.421356915449131009e-01 4.575767160660337146e-02 1.469328686468803769e+00 -8.877585386181124916e-01 1.563409927155683388e-01 -3.873350258589885464e-01 -1.419986665399624259e+00 -5.096496284757801032e-01 7.774690357375586558e-01 -8.954463016081503079e-01 -1.180610525939216338e+00 6.652869764608684844e-02 -3.628017046118195421e-01 -8.131088805324999669e-01 -4.017926992096212957e-01 -9.072859604125254052e-01 1.289770729484308598e-01 4.023225582674025969e-01 -5.788172377146139080e-01 -1.165119182786342522e+00 -1.536207206694286231e+00 1.178768817705053484e+00 1.054407019051130323e+00 2.082700874012376746e-01 7.066917909557666189e-01 1.269054426540388025e-01 -1.347735853964618258e+00 -1.173095093720751603e+00 -7.474436793145198266e-01 1.867543177816309186e+00 1.910035888758194744e+00 9.471364607410210912e-01 9.221384554335398942e-01 2.982326938091641177e-01 -1.496311934721979431e-01 6.722730823584824877e-01 5.392156503072504936e-01 -6.358429163662976391e-01 -2.082968912644133086e-01 -1.491227079983697301e+00 6.349949367723197735e-01 -9.128111424171694299e-01 -4.615736598297696669e-01 -7.447378719103635580e-01 -6.634656555538921419e-01 -1.147455238721639459e+00 1.929502308578360692e+00 -1.225414239421873219e+00 -1.544728922520709258e+00 9.208063669683460573e-01 -6.510077922218460156e-01 -8.033972668714915999e-01 1.738644641381131492e-02 -6.436006947848241788e-01 -1.602037990615597929e+00 -7.395419643409256727e-01 2.670437215678632126e-01 5.232599361242191716e-01 8.235639618461308986e-01 -3.691848588442315227e-01 6.552431254459245569e-01 -2.432593374564137254e-02 -9.816605795146900182e-02 7.861699996250209876e-01 -4.100518654829909959e-01 2.259277861501425733e+00 -3.459742278336031540e-01 -1.540755333207584732e+00 2.321635400345575528e-01 -1.424020895000663200e+00 4.160038585184373527e-01 1.494458955260228317e+00 6.768822154237701394e-01 -1.328142138408721085e-01 -1.675952039272201599e+00 -8.133363471479820861e-01 -5.758036688219873023e-01 6.914942254745730654e-01 -1.383339268993918347e+00 -1.188813274989639179e+00 -5.257859921607276055e-02 5.238841106327556396e-01 9.739699926864738011e-02 1.955902388330656549e+00 -3.908601939608876141e-01 -2.030645666814889339e+00 1.020157700439083603e+00 2.863378383405139616e-01 1.211112740504658669e+00 -6.280736300559829344e-01 -1.060003061684282377e+00 9.773611193368374195e-02 3.700423192767810510e-01
