# 
#                 ----------------------------------------------------
#                 Data from a 3D direct N-body simulation. 
# 
#                 rows are i-particle; 
#                 coumns are :mass, tag, x ,y, z, vx, vy, vz, ax, ay, az
# 
#                 NTHU, Computational Physics Lab
# 
#                 ----------------------------------------------------
#                 Time = 2.7999999999999843
1.000000000000000000e+00 2.000000000000000000e+00 3.000000000000000000e+00 4.000000000000000000e+00 5.000000000000000000e+00 6.000000000000000000e+00 7.000000000000000000e+00 8.000000000000000000e+00 9.000000000000000000e+00 1.000000000000000000e+01 1.100000000000000000e+01 1.200000000000000000e+01 1.300000000000000000e+01 1.400000000000000000e+01 1.500000000000000000e+01 1.600000000000000000e+01 1.700000000000000000e+01 1.800000000000000000e+01 1.900000000000000000e+01 2.000000000000000000e+01 2.100000000000000000e+01 2.200000000000000000e+01 2.300000000000000000e+01 2.400000000000000000e+01 2.500000000000000000e+01 2.600000000000000000e+01 2.700000000000000000e+01 2.800000000000000000e+01 2.900000000000000000e+01 3.000000000000000000e+01 3.100000000000000000e+01 3.200000000000000000e+01 3.300000000000000000e+01 3.400000000000000000e+01 3.500000000000000000e+01 3.600000000000000000e+01 3.700000000000000000e+01 3.800000000000000000e+01 3.900000000000000000e+01 4.000000000000000000e+01 4.100000000000000000e+01 4.200000000000000000e+01 4.300000000000000000e+01 4.400000000000000000e+01 4.500000000000000000e+01 4.600000000000000000e+01 4.700000000000000000e+01 4.800000000000000000e+01 4.900000000000000000e+01 5.000000000000000000e+01 5.100000000000000000e+01 5.200000000000000000e+01 5.300000000000000000e+01 5.400000000000000000e+01 5.500000000000000000e+01 5.600000000000000000e+01 5.700000000000000000e+01 5.800000000000000000e+01 5.900000000000000000e+01 6.000000000000000000e+01 6.100000000000000000e+01 6.200000000000000000e+01 6.300000000000000000e+01 6.400000000000000000e+01 6.500000000000000000e+01 6.600000000000000000e+01 6.700000000000000000e+01 6.800000000000000000e+01 6.900000000000000000e+01 7.000000000000000000e+01 7.100000000000000000e+01 7.200000000000000000e+01 7.300000000000000000e+01 7.400000000000000000e+01 7.500000000000000000e+01 7.600000000000000000e+01 7.700000000000000000e+01 7.800000000000000000e+01 7.900000000000000000e+01 8.000000000000000000e+01 8.100000000000000000e+01 8.200000000000000000e+01 8.300000000000000000e+01 8.400000000000000000e+01 8.500000000000000000e+01 8.600000000000000000e+01 8.700000000000000000e+01 8.800000000000000000e+01 8.900000000000000000e+01 9.000000000000000000e+01 9.100000000000000000e+01 9.200000000000000000e+01 9.300000000000000000e+01 9.400000000000000000e+01 9.500000000000000000e+01 9.600000000000000000e+01 9.700000000000000000e+01 9.800000000000000000e+01 9.900000000000000000e+01 1.000000000000000000e+02
2.000000000000000111e-01 2.000000000000000111e-01 2.000000000000000111e-01 2.000000000000000111e-01 2.000000000000000111e-01 2.000000000000000111e-01 2.000000000000000111e-01 2.000000000000000111e-01 2.000000000000000111e-01 2.000000000000000111e-01 2.000000000000000111e-01 2.000000000000000111e-01 2.000000000000000111e-01 2.000000000000000111e-01 2.000000000000000111e-01 2.000000000000000111e-01 2.000000000000000111e-01 2.000000000000000111e-01 2.000000000000000111e-01 2.000000000000000111e-01 2.000000000000000111e-01 2.000000000000000111e-01 2.000000000000000111e-01 2.000000000000000111e-01 2.000000000000000111e-01 2.000000000000000111e-01 2.000000000000000111e-01 2.000000000000000111e-01 2.000000000000000111e-01 2.000000000000000111e-01 2.000000000000000111e-01 2.000000000000000111e-01 2.000000000000000111e-01 2.000000000000000111e-01 2.000000000000000111e-01 2.000000000000000111e-01 2.000000000000000111e-01 2.000000000000000111e-01 2.000000000000000111e-01 2.000000000000000111e-01 2.000000000000000111e-01 2.000000000000000111e-01 2.000000000000000111e-01 2.000000000000000111e-01 2.000000000000000111e-01 2.000000000000000111e-01 2.000000000000000111e-01 2.000000000000000111e-01 2.000000000000000111e-01 2.000000000000000111e-01 2.000000000000000111e-01 2.000000000000000111e-01 2.000000000000000111e-01 2.000000000000000111e-01 2.000000000000000111e-01 2.000000000000000111e-01 2.000000000000000111e-01 2.000000000000000111e-01 2.000000000000000111e-01 2.000000000000000111e-01 2.000000000000000111e-01 2.000000000000000111e-01 2.000000000000000111e-01 2.000000000000000111e-01 2.000000000000000111e-01 2.000000000000000111e-01 2.000000000000000111e-01 2.000000000000000111e-01 2.000000000000000111e-01 2.000000000000000111e-01 2.000000000000000111e-01 2.000000000000000111e-01 2.000000000000000111e-01 2.000000000000000111e-01 2.000000000000000111e-01 2.000000000000000111e-01 2.000000000000000111e-01 2.000000000000000111e-01 2.000000000000000111e-01 2.000000000000000111e-01 2.000000000000000111e-01 2.000000000000000111e-01 2.000000000000000111e-01 2.000000000000000111e-01 2.000000000000000111e-01 2.000000000000000111e-01 2.000000000000000111e-01 2.000000000000000111e-01 2.000000000000000111e-01 2.000000000000000111e-01 2.000000000000000111e-01 2.000000000000000111e-01 2.000000000000000111e-01 2.000000000000000111e-01 2.000000000000000111e-01 2.000000000000000111e-01 2.000000000000000111e-01 2.000000000000000111e-01 2.000000000000000111e-01 2.000000000000000111e-01
1.368551993503029429e+01 1.738491833764377148e+01 7.370735642121466036e+00 3.185428661722227162e+00 5.904086463305623589e+00 2.588627147161731923e+00 2.428789835435591904e+00 5.070732174651747748e+00 1.760880282353458881e+01 -1.452175356276174556e+00 1.202074827241716770e+00 -1.536703393255029582e+01 9.544568185467571908e+00 -2.345245747513200918e+00 -1.323728143785723432e+01 -3.398519964541621530e+00 -1.252059307530099730e+01 3.001597733415101388e+00 -2.186017967498734282e-01 2.347145715790577292e+00 -5.216949128537122782e+00 -1.339246638934222666e+01 -1.264703557696315883e+01 4.029678876580098934e-01 8.839481881591090939e+00 -5.312659090440166487e+00 -2.417049013196207241e+00 6.988607413563241444e+00 1.154590380324777321e+01 -1.395845479288751578e+00 -3.127771004910285590e+00 7.576478360116994715e+00 8.144963473337057946e-02 3.118636997784127729e+00 -9.856447295378801599e+00 1.507862709319116767e+01 1.491824582029642698e+01 7.029110237335017608e+00 -2.078956019334230021e+00 -1.202620966244227763e+00 2.920292745317039085e+00 1.029007312548736053e+01 -3.375917317985432486e+00 3.161070342085546603e+00 -5.231585155537723075e+00 5.247728230239456337e+00 3.072254660068035825e+00 3.408828587475630112e+00 1.848849200549584992e+01 8.665807271265490996e+00 -5.294049915418221897e-01 -6.411402361384712201e+00 8.740413501845385014e+00 -3.396601452864522752e+00 7.365582032608414487e+00 6.550532996588098733e+00 9.216633944302579096e+00 2.472736219690797821e+00 -8.023686363941482824e+00 -5.349334517747031725e+00 -2.746273510919267302e+00 -1.724920360275135778e+01 -8.567729363224248829e+00 1.197069077728176012e+01 -3.047348775672363841e-01 -1.330965805114870060e+00 1.678243183740645605e+01 -1.857090134994810571e+00 4.966149146040763185e+00 -5.725607733517736442e+00 7.061451129586770570e+00 -3.618478665800413552e+00 -1.320401289101533482e-01 -3.278432784615364914e-01 -3.596580693344667790e+00 4.907949211713922288e-01 -4.633934816810500124e+00 -3.827132795337819360e+00 -8.969668019535092185e+00 -1.605895372080993866e+01 -4.945208741942476394e+00 -2.310277263749630716e+00 8.939757029993753434e+00 -1.137651545347578086e+01 1.101303477921717899e+00 5.389847515959308666e+00 -1.228043282665711189e+01 -3.931952644088464233e+00 -1.502170547875499373e+01 6.859827172604613388e-01 3.095819179926411202e+00 3.025701631320249163e+00 3.830449700158772952e+00 1.601635904219779150e+01 -5.368865996118221240e+00 4.723407957078441299e+00 5.351603529834918938e+00 -3.731811738979496251e+00 -1.054730214380676712e+00 4.522503576471002873e+00
3.104410568754786492e+00 1.448856330254928082e+01 -1.174234905824488751e+00 1.117494949648586644e+00 9.439690728809114750e-01 1.159104050311929157e+01 -6.626090283269053138e+00 6.706310586043531252e+00 -1.128300162895194170e+01 1.189131558857996573e+01 2.933779477424084625e+00 -2.699078100925895285e+00 9.328056698292241933e+00 -8.134646258204426772e+00 1.513415840255554912e+01 -9.719147781423242094e+00 -1.650390686584510380e+00 -3.962844023589247922e+00 3.322997538199714995e+00 -4.921186461070518270e+00 -2.789338004259430015e+00 1.376494236747017652e+00 3.590285392466487480e+00 5.656232449611223068e+00 -9.579771480721657184e+00 -6.755598120847009724e+00 4.357084657663489180e-01 3.612591128916316841e+00 1.470835467659635576e+01 -8.306897304842580709e+00 9.483708737511115316e+00 2.764484592988949885e+00 1.385474975607627535e+01 1.460950973471977932e+01 7.520534431719021917e+00 -3.208865949116523453e+00 1.148588396039953530e+01 -6.681403463285652045e+00 6.225337905236055569e+00 4.764271247069635784e+00 -8.529087470283155170e+00 -5.388463305146373727e+00 1.434657518239022345e+01 -5.972980995151922379e+00 2.468209484650202845e-01 4.473188303481646422e+00 -8.479930860026881234e+00 1.293039709035799456e+00 7.327310299958482709e+00 -1.020879375980225667e+01 1.329211386651644133e+01 -7.637151605723474512e-01 -8.378097829303557731e+00 -3.863738626086643535e+00 6.792291485767785186e-01 -7.759639969319694686e+00 2.458841575199559593e+00 6.647278521422522068e+00 5.287767212308257747e+00 -3.533994026667504507e+00 -1.066679866190453296e+01 4.850562445942410150e+00 4.046866493117308727e-01 -1.002998538442429677e+01 -9.062017074997244848e+00 5.987484083175513838e+00 1.036881547138947113e+01 8.531094413787480235e+00 -1.254430854610663282e+01 2.171620552852829178e+00 2.461113499596885301e+00 -7.326935010255265723e+00 2.941466989421615885e+00 -7.416152424469381721e+00 3.735301549620300143e+00 1.214197230379946868e+00 -1.845780871123764433e+00 -4.211501500431591438e+00 6.060553219145928594e+00 3.306879609051831093e+00 -3.082156604695167612e+00 -2.397311702759179930e+00 8.375690261344914234e+00 4.042384414577642637e+00 -2.477339668863174804e+00 -5.629219680933296388e+00 4.735308173187868341e+00 -4.626062970557249798e+00 1.464587526089444980e+00 -2.411847086488994041e+00 -2.150987756416853003e+01 -5.061247279442858016e+00 -9.007481103828535174e-01 -8.575611233874380623e-01 1.191919234584747045e+01 -8.109066866946765373e+00 1.009967765652704053e+01 1.787382890693193005e+01 8.819984031733568486e+00 -3.098909120355020530e+00
7.593053996452799659e+00 -7.581747156978447144e+00 -8.007517727718764800e-01 1.128221714164818756e+01 3.443526110179852662e+00 -1.591626124691121191e+00 -1.980614483898304456e+01 -5.757678809096361761e+00 3.549947160561055526e-01 1.139928235782566546e+01 -6.887417076939636118e+00 1.212942850281186979e+00 -3.004921672925387366e+00 -1.101649069079276977e+01 -3.953900620296604274e+00 6.031754876390055919e+00 -6.947022872505177027e+00 -9.159348477828412882e+00 5.160730931392010223e-01 -2.814317574814358291e+00 -6.308334473656787011e+00 -3.117066482438501041e+00 -7.038834552821368717e+00 1.000641036843537002e+00 3.121338077297738600e+00 -4.490662246605206853e+00 -9.039212814660258388e+00 -1.191816263025884481e+01 9.145003525523796029e+00 8.180375612213790504e+00 1.615795267449218642e+00 5.481930968876100430e+00 9.845734621117343544e-01 -1.045592321100320099e+01 -9.101078089826911466e+00 -5.798763511261790349e+00 1.448857568655317607e+01 1.481830555193753618e+01 7.348534715736146694e+00 7.154352153014628790e+00 2.313732739043991682e+00 -1.160863740791956644e+00 5.215641261326779521e+00 4.183436957368785514e+00 -4.932917625042852805e+00 -1.615987422794801232e+00 -1.156917342942873184e+01 4.926512888347794217e+00 -7.081692302368442604e+00 -3.580968630535046326e+00 -5.777802074174836378e+00 -5.147265625940048217e+00 -8.902085091366066294e+00 1.496933056226439440e+01 -9.506935951521333195e+00 -1.198430423875313089e+01 7.143935507383519123e+00 -5.050643867495609562e+00 -6.232860841164699295e+00 1.353686903681651232e-01 -4.993178751701499607e+00 -1.242879342303988821e+01 -5.737513260039747820e+00 2.071775832793937511e+00 4.059563996217767645e+00 6.388938245228234614e+00 -2.864138834170705472e+00 5.083516422810433255e+00 -1.887228050283810965e-01 -7.614954453464449768e-01 6.099970669295223580e+00 -3.181191536600437964e+00 1.752775280186243023e+01 -2.684124734219253128e+00 -1.195347435934164793e+01 1.801227629735899116e+00 -1.104783405219768078e+01 3.227619694242366499e+00 1.159422079372121495e+01 5.251420773074097603e+00 -1.030725622234051286e+00 -1.300238978320034100e+01 -6.310049663860845648e+00 -4.467031749149732889e+00 5.364879062394408038e+00 -1.073214400041123895e+01 -9.223112721616496756e+00 -4.078484358022499978e-01 4.064355186095296446e+00 7.556273113187620405e-01 1.517404027470046479e+01 -3.032799411329720307e+00 -1.575405303555796444e+01 7.914512759890267368e+00 2.221453788189016620e+00 9.396043001838048525e+00 -4.872699294545574489e+00 -8.223623325475822199e+00 7.581835009002277914e-01 2.870877600110815830e+00
6.720966662781490797e+00 8.537766732860939456e+00 3.619754457541956683e+00 1.564367614100663717e+00 2.899484418078470238e+00 1.271269722073500752e+00 1.192783690284758169e+00 2.490224855958037775e+00 8.647708630444048694e+00 -7.131651504731535418e-01 5.903370115624884118e-01 -7.546763672884695850e+00 4.687332980080132216e+00 -1.151744740644769616e+00 -6.500848968210462431e+00 -1.668993680688859893e+00 -6.148860536537014809e+00 1.474089088229774802e+00 -1.073428256038421458e-01 1.152884713495100799e+00 -2.562046796547489347e+00 -6.577035301839355697e+00 -6.210950618678200641e+00 1.978891304562917230e-01 4.341078185737317519e+00 -2.609015356166684008e+00 -1.187022639783867684e+00 3.432107194086706947e+00 5.670214628557457281e+00 -6.854964409809868320e-01 -1.536023351087773436e+00 3.720711414174124432e+00 3.999660970130603649e-02 1.531565501257305284e+00 -4.840515111000217807e+00 7.405126572291064413e+00 7.326379992946264963e+00 3.452005270616445021e+00 -1.020901092037910463e+00 -5.906263068482424661e-01 1.434151489556887205e+00 5.053450233769742894e+00 -1.657913381786833895e+00 1.552396770293600126e+00 -2.569273726507752986e+00 2.577147578015048346e+00 1.508798032274089485e+00 1.674087269639616515e+00 9.079727398885644618e+00 4.255780706033629457e+00 -2.599863646686302876e-01 -3.148605151206997022e+00 4.292411818332126927e+00 -1.668070486124990870e+00 3.617232556153045842e+00 3.216957895105974075e+00 4.526258191148388121e+00 1.214378608421770478e+00 -3.940447267418028865e+00 -2.626993249597680435e+00 -1.348692406092073304e+00 -8.471107681654956423e+00 -4.207589460849076701e+00 5.878806734619760554e+00 -1.496479966280007678e-01 -6.536764701976488512e-01 8.241877719444815398e+00 -9.120131849942151314e-01 2.438881531922874046e+00 -2.811836284892757831e+00 3.467981988735145293e+00 -1.777036531110356865e+00 -6.484348546758009202e-02 -1.610083285513829177e-01 -1.766283762278142655e+00 2.410325852309121719e-01 -2.275712616130270316e+00 -1.879491856917273163e+00 -4.405010325666077975e+00 -7.886564072824163496e+00 -2.428584874275669048e+00 -1.134583867749801245e+00 4.390308380892159690e+00 -5.587011130916475388e+00 5.408615557731391021e-01 2.646951197903269826e+00 -6.030925856014125230e+00 -1.931009101062732158e+00 -7.377183872043246105e+00 3.368879367403281311e-01 1.520364620435312952e+00 1.485697552321325166e+00 1.881136205257051941e+00 7.865650559735176905e+00 -2.636632966557789892e+00 2.319667242396376228e+00 2.628173264799845033e+00 -1.832695881230091528e+00 -5.179899657007326352e-01 2.220985925262663585e+00
1.524574475766211190e+00 7.115358055693205230e+00 -5.766693761684825725e-01 5.488040869868054950e-01 4.635887323909625435e-01 5.692357301040112283e+00 -3.254081875206902730e+00 3.293477763036655848e+00 -5.541099521357334190e+00 5.839836399491844965e+00 1.440778759655959584e+00 -1.325510110054080259e+00 4.581011368351209256e+00 -3.994919326010544669e+00 7.432408204520458916e+00 -4.773064996097806656e+00 -8.104907152575858698e-01 -1.946161024061818345e+00 1.631925443016951638e+00 -2.416837970405155467e+00 -1.369818842190803299e+00 6.760048545369606865e-01 1.763198300591314549e+00 2.777760395453811260e+00 -4.704628255848505525e+00 -3.317661553714072120e+00 2.139688312097586809e-01 1.774139042876370587e+00 7.223297023705569586e+00 -4.079521084637201866e+00 4.657447262394848408e+00 1.357567391842011917e+00 6.804063082905320137e+00 7.174747253031883432e+00 3.693322503815402058e+00 -1.575879229402582959e+00 5.640741286422684908e+00 -3.281245876817628915e+00 3.057224929538730152e+00 2.339821726157543580e+00 -4.188616880072299153e+00 -2.646279211506946005e+00 7.045606088692001556e+00 -2.933324288320955819e+00 1.211715215300171178e-01 2.196783978930705317e+00 -4.164484317408526870e+00 6.350078150680290578e-01 3.598459443841622640e+00 -5.013538369588822263e+00 6.527764454004567618e+00 -3.750329531945461592e-01 -4.114484437107051917e+00 -1.897485075855154912e+00 3.335721176645373154e-01 -3.810752467504558982e+00 1.207538665827813551e+00 3.264477269880820209e+00 2.596810114330209363e+00 -1.735536775616995708e+00 -5.238444589650138816e+00 2.382119683956908318e+00 1.987382972110450507e-01 -4.925731602518251151e+00 -4.450342960399429337e+00 2.940433008581805563e+00 5.092141838235897389e+00 4.189602185139171375e+00 -6.160503694593726820e+00 1.066471869438653686e+00 1.208701496788166629e+00 -3.598233839895884856e+00 1.444558731882446656e+00 -3.642052128703099800e+00 1.834397398232939791e+00 5.962997556261465659e-01 -9.064583617127830450e-01 -2.068264327817990189e+00 2.976347313601412914e+00 1.623997785937023153e+00 -1.513691579231469353e+00 -1.177317198868535142e+00 4.113309122884925451e+00 1.985204135555050708e+00 -1.216619228236650585e+00 -2.764525118982736451e+00 2.325507036335643374e+00 -2.271812258563007170e+00 7.192748797932098093e-01 -1.184456615377077249e+00 -1.056354834583917146e+01 -2.485532445062123674e+00 -4.423627033682818732e-01 -4.211440437083930344e-01 5.853514285965581543e+00 -3.982363916370474932e+00 4.959941037077229886e+00 8.777861924498306934e+00 4.331492049328194760e+00 -1.521870112344695825e+00
3.728954457726585847e+00 -3.723408921539409722e+00 -3.932425570316487318e-01 5.540689845665985658e+00 1.691129836398187036e+00 -7.816513473060381356e-01 -9.726825640859463107e+00 -2.827585928634951173e+00 1.743381400563646655e-01 5.598192497342309615e+00 -3.382405437424282013e+00 5.956724928080493475e-01 -1.475732749564471424e+00 -5.410201380167653618e+00 -1.941769345262181368e+00 2.962192603764725707e+00 -3.411684217655852169e+00 -4.498162245409920601e+00 2.534551861281260088e-01 -1.382173257731751148e+00 -3.098007250890128628e+00 -1.530810553596348100e+00 -3.456780207017462025e+00 4.914123902859357518e-01 1.532880792159419414e+00 -2.205347792685285579e+00 -4.439155246815734479e+00 -5.853010333362355766e+00 4.491127140235158244e+00 4.017365350379233924e+00 7.935171953615889340e-01 2.692297518301816961e+00 4.835208339237809794e-01 -5.134912330713969908e+00 -4.469539552292627782e+00 -2.847778994956873699e+00 7.115365844714649946e+00 7.277285237376203142e+00 3.608782731189439819e+00 3.513461370132624495e+00 1.136275707889234710e+00 -5.701004322832732285e-01 2.561396613814046486e+00 2.054467600546675321e+00 -2.422566783343555130e+00 -7.936142665888055170e-01 -5.681626093160264901e+00 2.419391620152503197e+00 -3.477828947513448288e+00 -1.758613908560020755e+00 -2.837479577676270459e+00 -2.527825227396358621e+00 -4.371826843111833227e+00 7.351453433076266641e+00 -4.668863761877163121e+00 -5.885487575117211101e+00 3.508359802049063170e+00 -2.480369393402040767e+00 -3.060964274643154681e+00 6.639713188640292141e-02 -2.452148197925542839e+00 -6.103797560289885737e+00 -2.817689982502369350e+00 1.017448506819813359e+00 1.993648265303215483e+00 3.137678810958874465e+00 -1.406589270889869736e+00 2.496510692049913160e+00 -9.268212578653088618e-02 -3.739865337733379591e-01 2.995571548201529932e+00 -1.562293979201762273e+00 8.607900532440609709e+00 -1.318174403379937409e+00 -5.870347375541681956e+00 8.845722857424362928e-01 -5.425586383213612862e+00 1.585051779031781738e+00 5.693931321615840702e+00 2.578964329517202891e+00 -5.061329558398127704e-01 -6.385463657437146168e+00 -3.098858062107850309e+00 -2.193785778256243990e+00 2.634667302305447656e+00 -5.270563809600663951e+00 -4.529455315499629542e+00 -2.003056013164694060e-01 1.996009995841531381e+00 3.710878517550941225e-01 7.452004653371966825e+00 -1.489333049083054750e+00 -7.736824739897049774e+00 3.886825888778439708e+00 1.090956927109198782e+00 4.614393858002480364e+00 -2.392983775511758893e+00 -4.038632960028216701e+00 3.723559871443520297e-01 1.409883878744211616e+00
1.764019614555575988e+00 2.240876847754023959e+00 9.500513513263190157e-01 4.105927997775739025e-01 7.610065499697685754e-01 3.336610750417497995e-01 3.130657888312636250e-01 6.535907128705107372e-01 2.269729218486070454e+00 -1.871814581606915384e-01 1.549417226119382263e-01 -1.980764593357691616e+00 1.230257167433899568e+00 -3.022898248830441781e-01 -1.706251994274968320e+00 -4.380430840391518199e-01 -1.613857251018077754e+00 3.868982575312149841e-01 -2.816807628508618405e-02 3.026820520084333999e-01 -6.724480756365610601e-01 -1.726236990675344085e+00 -1.630151084216946877e+00 5.193512843761983327e-02 1.139383404058410099e+00 -6.847601252290483886e-01 -3.115559021312119259e-01 9.008077224790440596e-01 1.488240396737530613e+00 -1.799171075932088915e-01 -4.031405973700074030e-01 9.765115454250897775e-01 1.049621158097958397e-02 4.019830787418362528e-01 -1.270470276575589974e+00 1.943589637312547636e+00 1.922928925948506729e+00 9.060334694386774634e-01 -2.679171099758141938e-01 -1.550271224603877729e-01 3.764121352945909438e-01 1.326349901255256869e+00 -4.351438143329800501e-01 4.074470724723595616e-01 -6.743624823991564154e-01 6.764048360060987974e-01 3.960123157537261407e-01 4.393939003280984967e-01 2.383120400944780393e+00 1.116993192238858956e+00 -6.823524045922840786e-02 -8.263820058929494117e-01 1.126603968811011214e+00 -4.378093025478266842e-01 9.493934983064641342e-01 8.443337212442152406e-01 1.187968929081596237e+00 3.187394604716257684e-01 -1.034234764564278208e+00 -6.894636823982973617e-01 -3.539829390686234367e-01 -2.223376918540910019e+00 -1.104333386745925738e+00 1.542979120811004412e+00 -3.927402951195767267e-02 -1.715845515793695542e-01 2.163212900387924353e+00 -2.393695159833118258e-01 6.401227187130615892e-01 -7.380032583515415689e-01 9.102690866443066131e-01 -4.664100005801438686e-01 -1.701848379329533659e-02 -4.226101109945348822e-02 -4.635883732105398058e-01 6.326396726224924050e-02 -5.972883602962566485e-01 -4.932942926888567725e-01 -1.156162309812099220e+00 -2.069949550785871395e+00 -6.374144545050161037e-01 -2.977911574068600742e-01 1.152297886208487609e+00 -1.466394842770067486e+00 1.419621603019561307e-01 6.947297863112291694e-01 -1.582907167021339490e+00 -5.068338066881804549e-01 -1.936260832010597621e+00 8.842199044920480422e-02 3.990454657101933922e-01 3.898421391308419248e-01 4.937327972659648623e-01 2.064462618622290524e+00 -6.920152368561585110e-01 6.088313460113909947e-01 6.898028988122344440e-01 -4.810192746074974934e-01 -1.359594196523160603e-01 5.829232781428286270e-01
4.001461945254753405e-01 1.867540950233102848e+00 -1.513564943707723376e-01 1.440427080236741375e-01 1.216781290593409171e-01 1.494041307911082805e+00 -8.540854436361907664e-01 8.644253353924549188e-01 -1.454350518250584701e+00 1.532755643747868213e+00 3.781533265924549303e-01 -3.478963272418360009e-01 1.202354727178735816e+00 -1.048522619380956034e+00 1.950754683272961199e+00 -1.252756983790348499e+00 -2.127179034545227942e-01 -5.108021918900540470e-01 4.283233328133568274e-01 -6.343539779692578540e-01 -3.595177627818667565e-01 1.774312033985000758e-01 4.627813148537633925e-01 7.290569881411338438e-01 -1.234799680549899081e+00 -8.707631546769095676e-01 5.615584195152827085e-02 4.656467643345766905e-01 1.895870854240779169e+00 -1.070731751399879084e+00 1.222414281453071183e+00 3.562815401214081135e-01 1.785823944180442435e+00 1.883125104552427320e+00 9.693611974006280940e-01 -4.136148936857740877e-01 1.480505765275254904e+00 -8.612148983969659666e-01 8.023961449216350239e-01 6.141600412434176093e-01 -1.099355754874124402e+00 -6.945569153057061795e-01 1.849223827172921553e+00 -7.698909080631165525e-01 3.178426911651934667e-02 5.765786586293070171e-01 -1.093025513830047757e+00 1.666653085942635948e-01 9.444761581101936976e-01 -1.315876438082693944e+00 1.713310646883575483e+00 -9.842051164913928618e-02 -1.079906947059929623e+00 -4.980241025962826029e-01 8.755209067201108475e-02 -1.000184760416282570e+00 3.169369066419272518e-01 8.568093106759838706e-01 6.815652836509520363e-01 -4.555135814962061880e-01 -1.374897394729423628e+00 6.252259889538009929e-01 5.216028665663954150e-02 -1.292832971910856443e+00 -1.168051550385841519e+00 7.717505206084268599e-01 1.336514614492144926e+00 1.099614225400683098e+00 -1.616911592641136153e+00 2.799062248974577560e-01 3.172632747213597337e-01 -9.443984030325550671e-01 3.791475165528008784e-01 -9.559007784822437515e-01 4.814603273841154829e-01 1.565109670873219561e-01 -2.379111924566944536e-01 -5.428444319920805450e-01 7.811902516693108867e-01 4.262371509287599114e-01 -3.973104887476715530e-01 -3.090029783277370989e-01 1.079601630476386465e+00 5.210410192345421576e-01 -3.193185039955624971e-01 -7.255969775997371807e-01 6.103621087610906493e-01 -5.962491646483124574e-01 1.887913827567070935e-01 -3.108773119317997935e-01 -2.772579238441696514e+00 -6.523436588179066797e-01 -1.161069504862074497e-01 -1.105335238172409085e-01 1.536340043036182657e+00 -1.045230244638986283e+00 1.301804357665440559e+00 2.303889400177507873e+00 1.136862559343505108e+00 -3.994352266142334740e-01
9.787212253193616762e-01 -9.772689742897464615e-01 -1.032092860564093467e-01 1.454232032006028019e+00 4.438681449558350978e-01 -2.051575272264464234e-01 -2.552960330798025979e+00 -7.421367755349597140e-01 4.575770285830743633e-02 1.469329798224052519e+00 -8.877595441617481820e-01 1.563412874809300690e-01 -3.873347224032554492e-01 -1.419987821080177515e+00 -5.096497228315870487e-01 7.774698235972797855e-01 -8.954470503408333837e-01 -1.180611326276048922e+00 6.652827333122449116e-02 -3.627994407153593559e-01 -8.131102629532050985e-01 -4.017922644116947994e-01 -9.072864186755719151e-01 1.289772887268041957e-01 4.023232635339841767e-01 -5.788184365312011304e-01 -1.165120315748788382e+00 -1.536208554860589715e+00 1.178769215095748946e+00 1.054408671400786091e+00 2.082702682540245043e-01 7.066873764391770063e-01 1.269056884197794777e-01 -1.347736711601669191e+00 -1.173096140036593349e+00 -7.474440907071810969e-01 1.867543761063858554e+00 1.910036962843351116e+00 9.471407367417890022e-01 9.221409785548984051e-01 2.982328962499070091e-01 -1.496313171672414566e-01 6.722738833952602855e-01 5.392168899622878930e-01 -6.358430326823019119e-01 -2.082969601416329863e-01 -1.491228207626683400e+00 6.349962858032832669e-01 -9.128115520016528706e-01 -4.615740643225742512e-01 -7.447384983232542277e-01 -6.634661226002154244e-01 -1.147455734375604663e+00 1.929503407821074212e+00 -1.225415025776362299e+00 -1.544730481285223167e+00 9.208083062800427321e-01 -6.510084500140200792e-01 -8.033977250035346795e-01 1.738987917435622435e-02 -6.436013492394457858e-01 -1.602038717345056984e+00 -7.395427416957626177e-01 2.670439856948710888e-01 5.232605541651700332e-01 8.235617424171863821e-01 -3.691847471902250377e-01 6.552438868092561597e-01 -2.432594079568399167e-02 -9.816547887367807479e-02 7.861758675079971725e-01 -4.100517848654070541e-01 2.259279010409510846e+00 -3.459745067450010758e-01 -1.540756873596298426e+00 2.321641867519306790e-01 -1.424022373724155965e+00 4.160055656421480785e-01 1.494459900919588025e+00 6.768831698299628830e-01 -1.328166728562177046e-01 -1.675953952496503252e+00 -8.133373787706530411e-01 -5.758030884350175960e-01 6.914958710553027466e-01 -1.383340181209588904e+00 -1.188814974706597249e+00 -5.257818151442739812e-02 5.238843658920856461e-01 9.739711626506061815e-02 1.955902754918037445e+00 -3.908636642769490743e-01 -2.030647100736303390e+00 1.020158255187890717e+00 2.863380545411144951e-01 1.211113943393208325e+00 -6.280741448272895155e-01 -1.060003533272600995e+00 9.773569984719952808e-02 3.700428206865680192e-01
