# 
#                 ----------------------------------------------------
#                 Data from a 3D direct N-body simulation. 
# 
#                 rows are i-particle; 
#                 coumns are :mass, tag, x ,y, z, vx, vy, vz, ax, ay, az
# 
#                 NTHU, Computational Physics Lab
# 
#                 ----------------------------------------------------
#                 Time = 8.499999999999863
1.000000000000000000e+00 2.000000000000000000e+00 3.000000000000000000e+00 4.000000000000000000e+00 5.000000000000000000e+00 6.000000000000000000e+00 7.000000000000000000e+00 8.000000000000000000e+00 9.000000000000000000e+00 1.000000000000000000e+01 1.100000000000000000e+01 1.200000000000000000e+01 1.300000000000000000e+01 1.400000000000000000e+01 1.500000000000000000e+01 1.600000000000000000e+01 1.700000000000000000e+01 1.800000000000000000e+01 1.900000000000000000e+01 2.000000000000000000e+01 2.100000000000000000e+01 2.200000000000000000e+01 2.300000000000000000e+01 2.400000000000000000e+01 2.500000000000000000e+01 2.600000000000000000e+01 2.700000000000000000e+01 2.800000000000000000e+01 2.900000000000000000e+01 3.000000000000000000e+01 3.100000000000000000e+01 3.200000000000000000e+01 3.300000000000000000e+01 3.400000000000000000e+01 3.500000000000000000e+01 3.600000000000000000e+01 3.700000000000000000e+01 3.800000000000000000e+01 3.900000000000000000e+01 4.000000000000000000e+01 4.100000000000000000e+01 4.200000000000000000e+01 4.300000000000000000e+01 4.400000000000000000e+01 4.500000000000000000e+01 4.600000000000000000e+01 4.700000000000000000e+01 4.800000000000000000e+01 4.900000000000000000e+01 5.000000000000000000e+01 5.100000000000000000e+01 5.200000000000000000e+01 5.300000000000000000e+01 5.400000000000000000e+01 5.500000000000000000e+01 5.600000000000000000e+01 5.700000000000000000e+01 5.800000000000000000e+01 5.900000000000000000e+01 6.000000000000000000e+01 6.100000000000000000e+01 6.200000000000000000e+01 6.300000000000000000e+01 6.400000000000000000e+01 6.500000000000000000e+01 6.600000000000000000e+01 6.700000000000000000e+01 6.800000000000000000e+01 6.900000000000000000e+01 7.000000000000000000e+01 7.100000000000000000e+01 7.200000000000000000e+01 7.300000000000000000e+01 7.400000000000000000e+01 7.500000000000000000e+01 7.600000000000000000e+01 7.700000000000000000e+01 7.800000000000000000e+01 7.900000000000000000e+01 8.000000000000000000e+01 8.100000000000000000e+01 8.200000000000000000e+01 8.300000000000000000e+01 8.400000000000000000e+01 8.500000000000000000e+01 8.600000000000000000e+01 8.700000000000000000e+01 8.800000000000000000e+01 8.900000000000000000e+01 9.000000000000000000e+01 9.100000000000000000e+01 9.200000000000000000e+01 9.300000000000000000e+01 9.400000000000000000e+01 9.500000000000000000e+01 9.600000000000000000e+01 9.700000000000000000e+01 9.800000000000000000e+01 9.900000000000000000e+01 1.000000000000000000e+02
2.000000000000000111e-01 2.000000000000000111e-01 2.000000000000000111e-01 2.000000000000000111e-01 2.000000000000000111e-01 2.000000000000000111e-01 2.000000000000000111e-01 2.000000000000000111e-01 2.000000000000000111e-01 2.000000000000000111e-01 2.000000000000000111e-01 2.000000000000000111e-01 2.000000000000000111e-01 2.000000000000000111e-01 2.000000000000000111e-01 2.000000000000000111e-01 2.000000000000000111e-01 2.000000000000000111e-01 2.000000000000000111e-01 2.000000000000000111e-01 2.000000000000000111e-01 2.000000000000000111e-01 2.000000000000000111e-01 2.000000000000000111e-01 2.000000000000000111e-01 2.000000000000000111e-01 2.000000000000000111e-01 2.000000000000000111e-01 2.000000000000000111e-01 2.000000000000000111e-01 2.000000000000000111e-01 2.000000000000000111e-01 2.000000000000000111e-01 2.000000000000000111e-01 2.000000000000000111e-01 2.000000000000000111e-01 2.000000000000000111e-01 2.000000000000000111e-01 2.000000000000000111e-01 2.000000000000000111e-01 2.000000000000000111e-01 2.000000000000000111e-01 2.000000000000000111e-01 2.000000000000000111e-01 2.000000000000000111e-01 2.000000000000000111e-01 2.000000000000000111e-01 2.000000000000000111e-01 2.000000000000000111e-01 2.000000000000000111e-01 2.000000000000000111e-01 2.000000000000000111e-01 2.000000000000000111e-01 2.000000000000000111e-01 2.000000000000000111e-01 2.000000000000000111e-01 2.000000000000000111e-01 2.000000000000000111e-01 2.000000000000000111e-01 2.000000000000000111e-01 2.000000000000000111e-01 2.000000000000000111e-01 2.000000000000000111e-01 2.000000000000000111e-01 2.000000000000000111e-01 2.000000000000000111e-01 2.000000000000000111e-01 2.000000000000000111e-01 2.000000000000000111e-01 2.000000000000000111e-01 2.000000000000000111e-01 2.000000000000000111e-01 2.000000000000000111e-01 2.000000000000000111e-01 2.000000000000000111e-01 2.000000000000000111e-01 2.000000000000000111e-01 2.000000000000000111e-01 2.000000000000000111e-01 2.000000000000000111e-01 2.000000000000000111e-01 2.000000000000000111e-01 2.000000000000000111e-01 2.000000000000000111e-01 2.000000000000000111e-01 2.000000000000000111e-01 2.000000000000000111e-01 2.000000000000000111e-01 2.000000000000000111e-01 2.000000000000000111e-01 2.000000000000000111e-01 2.000000000000000111e-01 2.000000000000000111e-01 2.000000000000000111e-01 2.000000000000000111e-01 2.000000000000000111e-01 2.000000000000000111e-01 2.000000000000000111e-01 2.000000000000000111e-01 2.000000000000000111e-01
8.065151582959175869e+01 1.024532267515204751e+02 4.343690584544398092e+01 1.877240187826864926e+01 3.479368693304262905e+01 1.525518357602961927e+01 1.431340986618796940e+01 2.988258414454832135e+01 1.037724832970965139e+02 -8.557978572149123053e+00 7.084021860408726390e+00 -9.056109529836110994e+01 5.624788083064309063e+01 -1.382088395043853701e+01 -7.801017713138659815e+01 -2.002778170984166195e+01 -7.378619339736955851e+01 1.768906608253169566e+01 -1.288040799575846274e+00 1.383574102277819762e+01 -3.074453005028475516e+01 -7.892426979471716209e+01 -7.453124009509616599e+01 2.374618100923159947e+00 5.209290422373194218e+01 -3.130795542900197859e+01 -1.424430500067131788e+01 4.118523257834491602e+01 6.804258784596333953e+01 -8.225925602595001607e+00 -1.843210897781013458e+01 4.464791367217643625e+01 4.799397865940469021e-01 1.837877302640739785e+01 -5.808616734952876470e+01 8.886144995156918469e+01 8.791658709042464181e+01 4.142404964213992002e+01 -1.225037210002984445e+01 -7.087613157629826688e+00 1.720976616651563162e+01 6.064127961335607608e+01 -1.989493107339817612e+01 1.862870388654617670e+01 -3.083147553890778170e+01 3.092565492430682283e+01 1.810562569255556653e+01 2.008908079227645160e+01 1.089567196191844545e+02 5.106930272685922034e+01 -3.119806277443622822e+00 -3.778300541426562376e+01 5.150882991969312030e+01 -2.001681116852492437e+01 4.340669436847770157e+01 3.860338292782968495e+01 5.431483722048145069e+01 1.457262141544050138e+01 -4.728537640025732003e+01 -3.152350006465526633e+01 -1.618426880633658271e+01 -1.016532652336940998e+02 -5.049086573821954005e+01 7.054557119319004244e+01 -1.795731651661422124e+00 -7.844327629999398255e+00 9.890251944680997553e+01 -1.094411932122465281e+01 2.926656402038682359e+01 -3.374192674214121013e+01 4.161630508751831314e+01 -2.132441382146960152e+01 -7.781125151510429605e-01 -1.932122376929144680e+00 -2.119538830667847407e+01 2.892404571505117428e+00 -2.730843537067536175e+01 -2.255379221812251345e+01 -5.286007577797766288e+01 -9.463868559872068431e+01 -2.914293157809056112e+01 -1.361502277122830407e+01 5.268358087206264173e+01 -6.704405166132436023e+01 6.490393137455304107e+00 3.176334719915418958e+01 -7.237102499566067593e+01 -2.317222651326832050e+01 -8.852620339300548835e+01 4.042659154169187197e+00 1.824439076487696809e+01 1.782706477604124728e+01 2.257361187143125036e+01 9.438775071770776037e+01 -3.163944797485454785e+01 2.783597160071687426e+01 3.153803329714828863e+01 -2.199233332930979046e+01 -6.215937573034506336e+00 2.665170018664441542e+01
1.829485572969381124e+01 8.538430033366716998e+01 -6.920036323651071797e+00 6.585651701870931518e+00 5.563087265271074777e+00 6.830816348773625180e+01 -3.904897100222974871e+01 3.952171918727086108e+01 -6.649318717891958386e+01 7.007798933720292212e+01 1.728931562507587572e+01 -1.590605541454497107e+01 5.497206427660195516e+01 -4.793892457367032733e+01 8.918888694808785544e+01 -5.727664054431001261e+01 -9.725781407419825442e+00 -2.335394232389572622e+01 1.958308178768328389e+01 -2.900225582635709642e+01 -1.643765769855685477e+01 8.112093774554910652e+00 2.115839780197782716e+01 3.333298442324848310e+01 -5.645546318997669744e+01 -3.981180321322477056e+01 2.567578763143107512e+00 2.128960926685268262e+01 8.667956261783832872e+01 -4.895419667773700212e+01 5.588926616729596475e+01 1.629037921285984325e+01 8.164860120880675254e+01 8.609692645347692519e+01 4.431973155212336479e+01 -1.891054991615681047e+01 6.768892194180574506e+01 -3.937493679320963480e+01 3.668642191947330389e+01 2.807831637496185095e+01 -5.026322041920059291e+01 -3.175532764621994630e+01 8.454715545153733558e+01 -3.519979745866575627e+01 1.453816060239364383e+00 2.636137256754262737e+01 -4.997367695030838064e+01 7.620059010687077361e+00 4.318154302466722072e+01 -6.016236316500501857e+01 7.833309024645487284e+01 -4.500231744349043161e+00 -4.937373792930500116e+01 -2.276980186050574062e+01 4.002874262749458012e+00 -4.572891857687088191e+01 1.449044980174749497e+01 3.917365793264280427e+01 3.116160153375562913e+01 -2.082636441132790850e+01 -6.286112005035698758e+01 2.858543871212270560e+01 2.384836935950294112e+00 -5.910871784337405188e+01 -5.340395308115058270e+01 3.528502386014040582e+01 6.110569867891111073e+01 5.027504232361562231e+01 -7.392589115043455195e+01 1.279757969001255091e+01 1.450467159140264606e+01 -4.317860135362810325e+01 1.733470152775587181e+01 -4.370444051600235724e+01 2.201268151847868282e+01 7.155628221679559253e+00 -1.087745675859178718e+01 -2.481910934194843321e+01 3.571616549399890062e+01 1.948788111474573270e+01 -1.816452256326608250e+01 -1.412776923571758125e+01 4.935967415671132841e+01 2.382235007126729798e+01 -1.459939451437405289e+01 -3.317433560675350179e+01 2.790602402315728270e+01 -2.726143528809312144e+01 8.631375326709775919e+00 -1.421344828280614436e+01 -1.267626476100415687e+02 -2.982607955076014505e+01 -5.308374100754934766e+00 -5.053696494188443467e+00 7.024205338918842756e+01 -4.778829752775479278e+01 5.951913708242785361e+01 1.053343145728210288e+02 5.197780979552184277e+01 -1.826238865259032096e+01
4.474741419717008739e+01 -4.468090903576242567e+01 -4.718865481524797012e+00 6.648813250165655120e+01 2.029360610493009176e+01 -9.379822547842824321e+00 -1.167218801058428426e+02 -3.393091954168883717e+01 2.092055680777797910e+00 6.717823090438113809e+01 -4.058877168049920670e+01 7.148037288874104611e+00 -1.770885398442390368e+01 -6.492232900586336086e+01 -2.330124468000408555e+01 3.554624202232380270e+01 -4.094015266237704509e+01 -5.397789616578531735e+01 3.041523751997879721e+00 -1.658640497366760869e+01 -3.717593802357978205e+01 -1.836980637714256659e+01 -4.148134496265103621e+01 5.896925531311978830e+00 1.839449286540886419e+01 -2.646403802425559704e+01 -5.326976577560851212e+01 -7.023601584920253060e+01 5.389353009910940528e+01 4.820821024045319803e+01 9.522191957067120072e+00 3.230820795058841810e+01 5.802222634608798835e+00 -6.161889768943724732e+01 -5.363438973516728225e+01 -3.417332886925069602e+01 8.538440349246431538e+01 8.732737098746567028e+01 4.330485424557273433e+01 4.216123660474027446e+01 1.363529562315840771e+01 -6.841195699345869130e+00 3.073668308250682557e+01 2.465346810207393702e+01 -2.907081717768226881e+01 -9.523372162225705040e+00 -6.817943297199261110e+01 2.903254612244544219e+01 -4.173393681697226043e+01 -2.110333448733718242e+01 -3.404970622755519116e+01 -3.033387185341350190e+01 -5.246191148177825880e+01 8.821738685713781081e+01 -5.602631852334305051e+01 -7.062571429745112539e+01 4.210009767252466162e+01 -2.976437501788985784e+01 -3.673154860910791086e+01 7.962961632318059646e-01 -2.942572076961967298e+01 -7.324555111925670303e+01 -3.381221012570602369e+01 1.220935919405910575e+01 2.392372055102091366e+01 3.765249044880898310e+01 -1.687910502723955375e+01 2.995805659717584035e+01 -1.112185758828318383e+00 -4.487922757356402670e+00 3.594609604391239799e+01 -1.874755927964501367e+01 1.032947617241221394e+02 -1.581807187058224429e+01 -7.044403420964549412e+01 1.061479032197265227e+01 -6.510690492037886656e+01 1.902040795800404638e+01 6.832712083923125590e+01 3.094747487853737056e+01 -6.073265417616446449e+00 -7.662538521079368081e+01 -3.718619588721357161e+01 -2.632553773525657448e+01 3.161581644356031973e+01 -6.324670971945767661e+01 -5.435329006853800848e+01 -2.403727152696494507e+00 2.395211110084569839e+01 4.453043035036512443e+00 8.942410333956834734e+01 -1.787154288270897240e+01 -9.284180168092423457e+01 4.664188556266582708e+01 1.309146777893604963e+01 5.537262181939272665e+01 -2.871576608380610551e+01 -4.846358381915169389e+01 4.468333245409839449e+00 1.691855625246885353e+01
1.677587308199087701e+01 2.131076207558343683e+01 9.035041063167211561e+00 3.904745634946104715e+00 7.237216624830405287e+00 3.173135669940736481e+00 2.977258372006376774e+00 6.215687332044622870e+00 2.158516099708810287e+01 -1.780099068569170218e+00 1.473503892413107641e+00 -1.883711661219657429e+01 1.169979332182928999e+01 -2.874794616364822364e+00 -1.622648234264189071e+01 -4.165834124322694620e+00 -1.534784018977846287e+01 3.679408458993404185e+00 -2.678985318610113686e-01 2.878207331854889084e+00 -6.394998793264967674e+00 -1.641657864604666983e+01 -1.550280402403948798e+01 4.939176732470041964e-01 1.083556074692064009e+01 -6.512139849024620730e+00 -2.962891836566079462e+00 8.566708125789174844e+00 1.415318294959353018e+01 -1.711022683356188345e+00 -3.833918775268843948e+00 9.286806144526785545e+00 9.982438914519464745e-02 3.822868016349413534e+00 -1.208219326617187583e+01 1.848358231585060807e+01 1.828707271608019624e+01 8.616394206059354133e+00 -2.548014401083248615e+00 -1.474283714165995685e+00 3.579698457107951981e+00 1.261363875023268122e+01 -4.138231521861792217e+00 3.874842654877635351e+00 -6.413144791993639515e+00 6.432650462078045805e+00 3.766069154258695484e+00 4.178632864206893061e+00 2.266350967523102256e+01 1.062263810290689747e+01 -6.489261883184959112e-01 -7.858973276657872375e+00 1.071404918449875865e+01 -4.163581743755816689e+00 9.028771004643951770e+00 8.029655293434775132e+00 1.129767107142396654e+01 3.031195476586326265e+00 -9.835584097323991415e+00 -6.556922063646632104e+00 -3.366393354084289413e+00 -2.114435180238046996e+01 -1.050228154706540984e+01 1.467378188782640613e+01 -3.735085191711525754e-01 -1.631714721910677346e+00 2.057218746059232117e+01 -2.276417836843501963e+00 6.087579579950579856e+00 -7.018450309358265748e+00 8.656530727224623689e+00 -4.435572040105560276e+00 -1.618485256325424282e-01 -4.018967267807633803e-01 -4.408736239271770607e+00 6.016375229353460030e-01 -5.680251711561504990e+00 -4.691265116001472890e+00 -1.099513218190556429e+01 -1.968527067658575902e+01 -6.061843557553818762e+00 -2.831993511197274938e+00 1.095840079247714272e+01 -1.394545688526031135e+01 1.350047349624247772e+00 6.606907795992542631e+00 -1.505349157108229008e+01 -4.819964678495136212e+00 -1.841386749455666560e+01 8.408932664917272426e-01 3.794923630254394276e+00 3.707756074145126313e+00 4.695411672610426912e+00 1.963308251145630834e+01 -6.581114123258499760e+00 5.790003860490607224e+00 6.560047277117230458e+00 -4.574504456312036282e+00 -1.292960258212947355e+00 5.543643609689037355e+00
3.805405972872910603e+00 1.776033866926792015e+01 -1.439401276693223819e+00 1.369847380762743816e+00 1.157154580604681682e+00 1.420838654436156290e+01 -8.122367210487713152e+00 8.220700388249420953e+00 -1.383089498245986348e+01 1.457653969191101417e+01 3.596251209212255606e+00 -3.308516572806863287e+00 1.143442918107682083e+01 -9.971493265068160028e+00 1.855170649246898762e+01 -1.191377349111647277e+01 -2.022979084115833714e+00 -4.857733033661240540e+00 4.073367036210464143e+00 -6.032660962199604349e+00 -3.419064265794121482e+00 1.687363546643984025e+00 4.401051641365053335e+00 6.933379703984665632e+00 -1.174298213550158998e+01 -8.281005944348336811e+00 5.340555674683296061e-01 4.428323021033458318e+00 1.802975787930995111e+01 -1.018268863508382260e+01 1.162520360185822810e+01 3.388358147856515679e+00 1.698325190787672412e+01 1.790855613948549774e+01 9.218675487607383090e+00 -3.933483451177297141e+00 1.407962266388777373e+01 -8.190169023486527422e+00 7.630873027868220859e+00 5.840547257891571142e+00 -1.045493727466834422e+01 -6.605251828630109401e+00 1.758617534034599572e+01 -7.321698324855746343e+00 3.023342325143397735e-01 5.483280333411625129e+00 -1.039472382528811778e+01 1.584998727304556487e+00 8.981972997589492635e+00 -1.251402897221319854e+01 1.629362986549508463e+01 -9.360245960224873318e-01 -1.026994999533295783e+01 -4.736221087547370701e+00 8.326191743688521330e-01 -9.511800570022966639e+00 3.014078095436077298e+00 8.148286837104294023e+00 6.481727422330433974e+00 -4.331961072084459907e+00 -1.307535087373040916e+01 5.945906922584359933e+00 4.960511422345048049e-01 -1.229487560497725340e+01 -1.110822989779188674e+01 7.339404382898680801e+00 1.271027294749459990e+01 1.045739580601001428e+01 -1.537689246100351070e+01 2.661934328861433219e+00 3.017109638298985708e+00 -8.981296865225257164e+00 3.605698882282827089e+00 -9.090679291984729460e+00 4.578717785914570015e+00 1.488412997572882368e+00 -2.262550425418671907e+00 -5.162474786616393807e+00 7.429130456935233440e+00 4.053545995210797059e+00 -3.778367741665182855e+00 -2.938632531852090501e+00 1.026703562683968762e+01 4.955134020734183409e+00 -3.036733070513179200e+00 -6.900427826353344507e+00 5.804568214961252082e+00 -5.670421817220351990e+00 1.795387866022651435e+00 -2.956455836052796826e+00 -2.636724778154416526e+01 -6.203880548651796722e+00 -1.104172816497805520e+00 -1.051183956058471702e+00 1.461064644330172868e+01 -9.940172507715940853e+00 1.238021898799073561e+01 2.191002701558389631e+01 1.081160390040130181e+01 -3.798648633834733168e+00
9.307662685518577561e+00 -9.293840610180534867e+00 -9.815339139859624584e-01 1.382980560612700316e+01 4.221179072006495225e+00 -1.951049131341632936e+00 -2.427869467667537151e+01 -7.057760902858593255e+00 4.351569123940107753e-01 1.397336758187380745e+01 -8.442630529061572631e+00 1.486816567988564763e+00 -3.683541967967636221e+00 -1.350412700670429800e+01 -4.846772360962291692e+00 7.393767221244721632e+00 -8.515729195288233910e+00 -1.122764337467898876e+01 6.326681628617024655e-01 -3.450139769460685901e+00 -7.732729824235176075e+00 -3.821028324421198441e+00 -8.628310829196639276e+00 1.226582011129109029e+00 3.826120371302197398e+00 -5.504607742434888706e+00 -1.108033619033807149e+01 -1.460939331738994262e+01 1.121010996293430040e+01 1.002748769486651526e+01 1.980656949227676655e+00 6.720434481679101957e+00 1.206882204483727516e+00 -1.281700791073056678e+01 -1.115618306565546725e+01 -7.108208548624443068e+00 1.776036278278801106e+01 1.816449132170300018e+01 9.007466603216588652e+00 8.769654133216688408e+00 2.836202348784736316e+00 -1.422998409941035547e+00 6.393354315664475429e+00 5.127998559775486243e+00 -6.046871570998255230e+00 -1.980906644165565167e+00 -1.418162204319243358e+01 6.038864666859671715e+00 -8.680853038309800596e+00 -4.389584341412597901e+00 -7.082486333110463939e+00 -6.309580124351970909e+00 -1.091232240451496338e+01 1.834961814594290175e+01 -1.165372603823048259e+01 -1.469044463708213399e+01 8.756958835412930853e+00 -6.191114738967958608e+00 -7.640329343459566047e+00 1.655047300263960963e-01 -6.120673083387386804e+00 -1.523541513415570492e+01 -7.033080278176415234e+00 2.539598093145273516e+00 4.976230774921774014e+00 7.831990254796653339e+00 -3.510942808459822650e+00 6.231397583398454287e+00 -2.313399581023950491e-01 -9.335322454675459847e-01 7.476748845664719312e+00 -3.899589498464835824e+00 2.148578596717863576e+01 -3.290227896317529765e+00 -1.465265495243690985e+01 2.207905378191158619e+00 -1.354250757515261050e+01 3.956276185924599620e+00 1.421234870345292300e+01 6.437194306668278188e+00 -1.263177451760459924e+00 -1.593839298597636223e+01 -7.734876699237545949e+00 -5.475865870050469653e+00 6.576186713837428144e+00 -1.315559893243466050e+01 -1.130569338581359951e+01 -5.000030263499435357e-01 4.982149787284254394e+00 9.262509129781629769e-01 1.860064878509026443e+01 -3.717241064714955190e+00 -1.931150706784105608e+01 9.701725565515257443e+00 2.723082911286779151e+00 1.151773817937389843e+01 -5.973004194549721646e+00 -1.008065107830007712e+01 9.294512425932698330e-01 3.519125807453633126e+00
1.764018375956034612e+00 2.240876229007035647e+00 9.500499486489586420e-01 4.105925840051977693e-01 7.610053701917319779e-01 3.336605735353808111e-01 3.130657164498045208e-01 6.535896575069000125e-01 2.269728257118481363e+00 -1.871813676493026268e-01 1.549415068048830002e-01 -1.980763387180217716e+00 1.230255899184554469e+00 -3.022893357440071260e-01 -1.706251305713067934e+00 -4.380419025770269648e-01 -1.613855714761228910e+00 3.868980971395332147e-01 -2.816754056806478751e-02 3.026900888509957976e-01 -6.724476075957089849e-01 -1.726235264597658636e+00 -1.630149295553983579e+00 5.193473979299957632e-02 1.139382750233089547e+00 -6.847582338889363074e-01 -3.115560297330617345e-01 9.008070124075041596e-01 1.488239950331894601e+00 -1.799168152060754977e-01 -4.031392213996801699e-01 9.765066952938978861e-01 1.049606743111551437e-02 4.019828409179082573e-01 -1.270469719523584784e+00 1.943588443490511075e+00 1.922928430216501949e+00 9.060330460416817777e-01 -2.679138388090979706e-01 -1.550277688335068293e-01 3.764116283214397063e-01 1.326348539125966175e+00 -4.351434458594122257e-01 4.074465137628567879e-01 -6.743636133936095067e-01 6.764037590431789537e-01 3.960125279167897583e-01 4.393939837751403288e-01 2.383119478615653097e+00 1.116992318257052696e+00 -6.823499959116648139e-02 -8.263798643918335296e-01 1.126602759588651637e+00 -4.378088960525242657e-01 9.493924648988493198e-01 8.443326140050397832e-01 1.187966624864510878e+00 3.187399075965723361e-01 -1.034234459017217889e+00 -6.894604210432939695e-01 -3.539825238749607084e-01 -2.223375925831729383e+00 -1.104331496030912296e+00 1.542977778299555736e+00 -3.927369691594881362e-02 -1.715860028667688109e-01 2.163212028207077697e+00 -2.393691503548033006e-01 6.401223854360760246e-01 -7.380022119954876558e-01 9.102725256030649303e-01 -4.664096568033436752e-01 -1.701841075846581217e-02 -4.226115717927723947e-02 -4.635880855619919916e-01 6.326404187316594929e-02 -5.972873116109834735e-01 -4.932933242990954481e-01 -1.156161548377127479e+00 -2.069948208203491014e+00 -6.374136015926691323e-01 -2.977911680434098818e-01 1.152296611706953966e+00 -1.466393727095256949e+00 1.419625008251484133e-01 6.947290538196901899e-01 -1.582905985199323462e+00 -5.068344691614716790e-01 -1.936260114230898832e+00 8.842198681245608261e-02 3.990454324135059294e-01 3.898325495212811020e-01 4.937324574493041074e-01 2.064461474193768797e+00 -6.920139270225508232e-01 6.088308734237276587e-01 6.898023211455310832e-01 -4.810189777854897986e-01 -1.359597878723629583e-01 5.829221276015560393e-01
4.001457777240091662e-01 1.867540305424904012e+00 -1.513564673639047065e-01 1.440426753642152224e-01 1.216782469865184124e-01 1.494039878815208722e+00 -8.540850540380673372e-01 8.644249243803124871e-01 -1.454349944722159504e+00 1.532754751808865556e+00 3.781529787328688497e-01 -3.478957284985784160e-01 1.202353776515535433e+00 -1.048521471043472708e+00 1.950753899517802870e+00 -1.252755531499822217e+00 -2.127170566324317613e-01 -5.108020805004438447e-01 4.283230098428221222e-01 -6.343552018283394878e-01 -3.595164228315069765e-01 1.774313949803691115e-01 4.627812794509228445e-01 7.290557172993017421e-01 -1.234798691400730952e+00 -8.707618683933722181e-01 5.615548239370074524e-02 4.656461711064462383e-01 1.895870160932254134e+00 -1.070730961703288298e+00 1.222413116223774576e+00 3.562783135894142528e-01 1.785822182624229981e+00 1.883124136105707835e+00 9.693598535139844596e-01 -4.136147390298833271e-01 1.480505423723884828e+00 -8.612144902215843612e-01 8.023938608035416920e-01 6.141631004783011383e-01 -1.099354050525716220e+00 -6.945565011658768606e-01 1.849222317219184841e+00 -7.698899557364069501e-01 3.178251531115604961e-02 5.765781985718886338e-01 -1.093024151639649943e+00 1.666649987569666647e-01 9.444760321556318061e-01 -1.315875266041720559e+00 1.713309433132130355e+00 -9.841929836229580675e-02 -1.079906017603415869e+00 -4.980237866960415816e-01 8.755212285206252776e-02 -1.000183602773048852e+00 3.169366907848173986e-01 8.568085046230544677e-01 6.815641773230975975e-01 -4.555128641171909964e-01 -1.374895355021838794e+00 6.252257822635973739e-01 5.216010515526887242e-02 -1.292832066054913076e+00 -1.168049962998362279e+00 7.717490037209996379e-01 1.336514109885602375e+00 1.099612508230516372e+00 -1.616909910505735404e+00 2.799055295339085148e-01 3.172649950131764540e-01 -9.443965919866331715e-01 3.791473569009014555e-01 -9.558991049924950856e-01 4.814595271322499315e-01 1.565111349320988110e-01 -2.379107936894751807e-01 -5.428437869976432406e-01 7.811899546169470687e-01 4.262363339678270635e-01 -3.973119558464791035e-01 -3.090026002228312696e-01 1.079600988657415384e+00 5.210401163642807143e-01 -3.193181288794210704e-01 -7.255969626608179679e-01 6.103614550792458848e-01 -5.962467075615687229e-01 1.887918669313891351e-01 -3.108769766537476942e-01 -2.772578726918363934e+00 -6.523411847272225783e-01 -1.161070644495018067e-01 -1.105332538602184222e-01 1.536338642422405476e+00 -1.045229369689136378e+00 1.301802773043864381e+00 2.303888367214443456e+00 1.136861469497969290e+00 -3.994347043239978579e-01
9.787205911455340024e-01 -9.772686372920464937e-01 -1.032089240370663158e-01 1.454230462525756273e+00 4.438683311650514773e-01 -2.051574993529102497e-01 -2.552959215056952225e+00 -7.421357065880741510e-01 4.575767204030319751e-02 1.469328701897029132e+00 -8.877585525724844828e-01 1.563409968061261757e-01 -3.873350216476909580e-01 -1.419986681437523046e+00 -5.096496297851812463e-01 7.774690466709497372e-01 -8.954463119986342257e-01 -1.180610537045803543e+00 6.652869175757576692e-02 -3.628016730876306717e-01 -8.131088997173009369e-01 -4.017926931755784192e-01 -9.072859667718348176e-01 1.289770759427768532e-01 4.023225680546785865e-01 -5.788172543520532232e-01 -1.165119198508887566e+00 -1.536207225403334098e+00 1.178768823219788375e+00 1.054407041981697102e+00 2.082700899113086035e-01 7.066917295808661237e-01 1.269054460645970828e-01 -1.347735865866323879e+00 -1.173095108240963746e+00 -7.474436850235600671e-01 1.867543185910231163e+00 1.910035903663634960e+00 9.471365201045847115e-01 9.221384904540034233e-01 2.982326966184655204e-01 -1.496311951888056879e-01 6.722730934748197829e-01 5.392156675106275499e-01 -6.358429179787642438e-01 -2.082968922202399764e-01 -1.491227095632586597e+00 6.349949554936975549e-01 -9.128111481011106365e-01 -4.615736654431168429e-01 -7.447378806033713161e-01 -6.634656620364896007e-01 -1.147455245599910079e+00 1.929502323832939181e+00 -1.225414250334411426e+00 -1.544728944152540917e+00 9.208063938831843043e-01 -6.510078013502181848e-01 -8.033972732291523311e-01 1.738649407138975408e-02 -6.436007038670029656e-01 -1.602038000700658493e+00 -7.395419751286863574e-01 2.670437252332273359e-01 5.232599447010695126e-01 8.235639310171524174e-01 -3.691848572947789564e-01 6.552431360113302183e-01 -2.432593384345694762e-02 -9.816604991534902402e-02 7.861700811673761891e-01 -4.100518643636587579e-01 2.259277877445232008e+00 -3.459742317040560011e-01 -1.540755354584246284e+00 2.321635490093864052e-01 -1.424020915521486241e+00 4.160038822093601318e-01 1.494458968383482800e+00 6.768822286688235268e-01 -1.328142479855599911e-01 -1.675952065823024029e+00 -8.133363614643986939e-01 -5.758036607674242857e-01 6.914942483112263005e-01 -1.383339281652905317e+00 -1.188813298577927169e+00 -5.257859341936216985e-02 5.238841141746478636e-01 9.739700089217433188e-02 1.955902393417862983e+00 -3.908602422273286248e-01 -2.030645686714009024e+00 1.020157708137537256e+00 2.863378413407894341e-01 1.211112757197669865e+00 -6.280736371996544776e-01 -1.060003068228669409e+00 9.773610621458045378e-02 3.700423262350843734e-01
