# 
#                 ----------------------------------------------------
#                 Data from a 3D direct N-body simulation. 
# 
#                 rows are i-particle; 
#                 coumns are :mass, tag, x ,y, z, vx, vy, vz, ax, ay, az
# 
#                 NTHU, Computational Physics Lab
# 
#                 ----------------------------------------------------
#                 Time = 7.299999999999889
1.000000000000000000e+00 2.000000000000000000e+00 3.000000000000000000e+00 4.000000000000000000e+00 5.000000000000000000e+00 6.000000000000000000e+00 7.000000000000000000e+00 8.000000000000000000e+00 9.000000000000000000e+00 1.000000000000000000e+01 1.100000000000000000e+01 1.200000000000000000e+01 1.300000000000000000e+01 1.400000000000000000e+01 1.500000000000000000e+01 1.600000000000000000e+01 1.700000000000000000e+01 1.800000000000000000e+01 1.900000000000000000e+01 2.000000000000000000e+01 2.100000000000000000e+01 2.200000000000000000e+01 2.300000000000000000e+01 2.400000000000000000e+01 2.500000000000000000e+01 2.600000000000000000e+01 2.700000000000000000e+01 2.800000000000000000e+01 2.900000000000000000e+01 3.000000000000000000e+01 3.100000000000000000e+01 3.200000000000000000e+01 3.300000000000000000e+01 3.400000000000000000e+01 3.500000000000000000e+01 3.600000000000000000e+01 3.700000000000000000e+01 3.800000000000000000e+01 3.900000000000000000e+01 4.000000000000000000e+01 4.100000000000000000e+01 4.200000000000000000e+01 4.300000000000000000e+01 4.400000000000000000e+01 4.500000000000000000e+01 4.600000000000000000e+01 4.700000000000000000e+01 4.800000000000000000e+01 4.900000000000000000e+01 5.000000000000000000e+01 5.100000000000000000e+01 5.200000000000000000e+01 5.300000000000000000e+01 5.400000000000000000e+01 5.500000000000000000e+01 5.600000000000000000e+01 5.700000000000000000e+01 5.800000000000000000e+01 5.900000000000000000e+01 6.000000000000000000e+01 6.100000000000000000e+01 6.200000000000000000e+01 6.300000000000000000e+01 6.400000000000000000e+01 6.500000000000000000e+01 6.600000000000000000e+01 6.700000000000000000e+01 6.800000000000000000e+01 6.900000000000000000e+01 7.000000000000000000e+01 7.100000000000000000e+01 7.200000000000000000e+01 7.300000000000000000e+01 7.400000000000000000e+01 7.500000000000000000e+01 7.600000000000000000e+01 7.700000000000000000e+01 7.800000000000000000e+01 7.900000000000000000e+01 8.000000000000000000e+01 8.100000000000000000e+01 8.200000000000000000e+01 8.300000000000000000e+01 8.400000000000000000e+01 8.500000000000000000e+01 8.600000000000000000e+01 8.700000000000000000e+01 8.800000000000000000e+01 8.900000000000000000e+01 9.000000000000000000e+01 9.100000000000000000e+01 9.200000000000000000e+01 9.300000000000000000e+01 9.400000000000000000e+01 9.500000000000000000e+01 9.600000000000000000e+01 9.700000000000000000e+01 9.800000000000000000e+01 9.900000000000000000e+01 1.000000000000000000e+02
2.000000000000000111e-01 2.000000000000000111e-01 2.000000000000000111e-01 2.000000000000000111e-01 2.000000000000000111e-01 2.000000000000000111e-01 2.000000000000000111e-01 2.000000000000000111e-01 2.000000000000000111e-01 2.000000000000000111e-01 2.000000000000000111e-01 2.000000000000000111e-01 2.000000000000000111e-01 2.000000000000000111e-01 2.000000000000000111e-01 2.000000000000000111e-01 2.000000000000000111e-01 2.000000000000000111e-01 2.000000000000000111e-01 2.000000000000000111e-01 2.000000000000000111e-01 2.000000000000000111e-01 2.000000000000000111e-01 2.000000000000000111e-01 2.000000000000000111e-01 2.000000000000000111e-01 2.000000000000000111e-01 2.000000000000000111e-01 2.000000000000000111e-01 2.000000000000000111e-01 2.000000000000000111e-01 2.000000000000000111e-01 2.000000000000000111e-01 2.000000000000000111e-01 2.000000000000000111e-01 2.000000000000000111e-01 2.000000000000000111e-01 2.000000000000000111e-01 2.000000000000000111e-01 2.000000000000000111e-01 2.000000000000000111e-01 2.000000000000000111e-01 2.000000000000000111e-01 2.000000000000000111e-01 2.000000000000000111e-01 2.000000000000000111e-01 2.000000000000000111e-01 2.000000000000000111e-01 2.000000000000000111e-01 2.000000000000000111e-01 2.000000000000000111e-01 2.000000000000000111e-01 2.000000000000000111e-01 2.000000000000000111e-01 2.000000000000000111e-01 2.000000000000000111e-01 2.000000000000000111e-01 2.000000000000000111e-01 2.000000000000000111e-01 2.000000000000000111e-01 2.000000000000000111e-01 2.000000000000000111e-01 2.000000000000000111e-01 2.000000000000000111e-01 2.000000000000000111e-01 2.000000000000000111e-01 2.000000000000000111e-01 2.000000000000000111e-01 2.000000000000000111e-01 2.000000000000000111e-01 2.000000000000000111e-01 2.000000000000000111e-01 2.000000000000000111e-01 2.000000000000000111e-01 2.000000000000000111e-01 2.000000000000000111e-01 2.000000000000000111e-01 2.000000000000000111e-01 2.000000000000000111e-01 2.000000000000000111e-01 2.000000000000000111e-01 2.000000000000000111e-01 2.000000000000000111e-01 2.000000000000000111e-01 2.000000000000000111e-01 2.000000000000000111e-01 2.000000000000000111e-01 2.000000000000000111e-01 2.000000000000000111e-01 2.000000000000000111e-01 2.000000000000000111e-01 2.000000000000000111e-01 2.000000000000000111e-01 2.000000000000000111e-01 2.000000000000000111e-01 2.000000000000000111e-01 2.000000000000000111e-01 2.000000000000000111e-01 2.000000000000000111e-01 2.000000000000000111e-01
6.179056137126394788e+01 7.849374315038768657e+01 3.327889254328523805e+01 1.438233377844988681e+01 2.665695085871203673e+01 1.168765638884130276e+01 1.096610713617191202e+01 2.289434390748631287e+01 7.950449445299113904e+01 -6.556630275258571672e+00 5.427375076045595215e+00 -6.938270501162256210e+01 4.309391310145823439e+01 -1.058877873623794486e+01 -5.976689926554026044e+01 -1.534417093945056898e+01 -5.653076129588895071e+01 1.355234256289384476e+01 -9.868431946056611670e-01 1.059982902754100387e+01 -2.355469377937751574e+01 -6.046726482303341044e+01 -5.710158277258327786e+01 1.819309908618677252e+00 3.991058691254269775e+01 -2.398641355288545896e+01 -1.091315513723414021e+01 3.155376388170468260e+01 5.213030107406822822e+01 -6.302238491728512138e+00 -1.412166669730816082e+01 3.420683115610566460e+01 3.677076892610618986e-01 1.408075905404867711e+01 -4.450227363239484646e+01 6.808053486089571038e+01 6.735660830463562831e+01 3.173672039122266142e+01 -9.385652807438013667e+00 -5.430092689295605624e+00 1.318514439421402962e+01 4.645988407155535072e+01 -1.524235653097119503e+01 1.427225419483027125e+01 -2.362124358159697124e+01 2.369348508447411561e+01 1.387147172593956590e+01 1.539108502291455238e+01 8.347635404049002261e+01 3.912637147912973745e+01 -2.390224052989810666e+00 -2.894723100084679857e+01 3.946312489434914283e+01 -1.533573548425184718e+01 3.325573174545235133e+01 2.957571606617064219e+01 4.161296792211383888e+01 1.116467957362264585e+01 -3.622732429627298956e+01 -2.415160511611517791e+01 -1.239946420176734065e+01 -7.788087374494853066e+01 -3.868324657319150361e+01 5.404797693833343430e+01 -1.375798492952428509e+00 -6.009811874780689678e+00 7.577340716100843565e+01 -8.384763708034780549e+00 2.242235664448213583e+01 -2.585114797146619736e+01 3.188386440721080817e+01 -1.633754232884230362e+01 -5.961475406907646990e-01 -1.480274336855949224e+00 -1.623868824333371563e+01 2.215989653566805107e+00 -2.092218018909732180e+01 -1.727944527974432631e+01 -4.049835348028454263e+01 -7.250672350688425638e+01 -2.232765710862567943e+01 -1.043104019870226651e+01 4.036315349116372175e+01 -5.136530689096326086e+01 4.972549315923396662e+00 2.433526276825629964e+01 -5.544652742864881390e+01 -1.775318971185393835e+01 -6.782366968721525780e+01 3.097251064911584084e+00 1.397779512016138526e+01 1.365843699545707324e+01 1.729460523623375323e+01 7.231446397404006632e+01 -2.424036106431263349e+01 2.132632520056949232e+01 2.416263424020381123e+01 -1.684926164798704917e+01 -4.762276307660221697e+00 2.041903179559735548e+01
1.401647352536167013e+01 6.541652295533113204e+01 -5.301731448325593732e+00 5.045545571465020807e+00 4.262110105483173150e+00 5.233380835806382692e+01 -2.991707159150011819e+01 3.027926467003567268e+01 -5.094324516450774354e+01 5.368972513496177612e+01 1.324608432134124492e+01 -1.218632045622661053e+01 4.211644398559500502e+01 -3.672806812342975746e+01 6.833138197070887543e+01 -4.388209634864023911e+01 -7.451362793664437767e+00 -1.789244018230544242e+01 1.500343391376154045e+01 -2.221979840773885329e+01 -1.259363241418300383e+01 6.215008121518182271e+00 1.621033835381219745e+01 2.553784890453966483e+01 -4.325293969266854788e+01 -3.050154463498370561e+01 1.967144032225562222e+00 1.631088688929836650e+01 6.640887968378412154e+01 -3.750589661403866870e+01 4.281915929756522132e+01 1.248086984566061730e+01 6.255449090417456404e+01 6.596250847141902796e+01 3.395526007169440419e+01 -1.448817238801589902e+01 5.185933865280629362e+01 -3.016680840107415307e+01 2.810709788310245827e+01 2.151185707467491781e+01 -3.850883061887473247e+01 -2.432910613583720050e+01 6.477518512294631137e+01 -2.696808024417575211e+01 1.113898405520620027e+00 2.019657247390188459e+01 -3.828698575945148264e+01 5.838059339371299394e+00 3.308319817166499632e+01 -4.609295859876849732e+01 6.001431720890079902e+01 -3.447864133126535613e+00 -3.782733027461347319e+01 -1.744491368426058742e+01 3.066768781716782577e+00 -3.503489009560034617e+01 1.110175050622279613e+01 3.001261585754588879e+01 2.387425484300381484e+01 -1.595598039242150712e+01 -4.816062367293159241e+01 2.190051296981537376e+01 1.827130842354202755e+00 -4.528570621181587086e+01 -4.091507318917152958e+01 2.703339789482314615e+01 4.681566130485369825e+01 3.851788837532429710e+01 -5.663779534552389094e+01 9.804790481905401478e+00 1.111257080880762338e+01 -3.308101067529332084e+01 1.328084896719326302e+01 -3.348387273387920260e+01 1.686487104097225043e+01 5.482220640472889706e+00 -8.333692022563456092e+00 -1.901498712952806258e+01 2.736366571524871105e+01 1.493051608713210854e+01 -1.391654587036965651e+01 -1.082389207251681995e+01 3.781654412119388553e+01 1.825133813700089647e+01 -1.118522388539004631e+01 -2.541625202835815500e+01 2.138000241780763844e+01 -2.088622675547032159e+01 6.612840028008986515e+00 -1.088953270527065875e+01 -9.711820695944072668e+01 -2.285110856413783864e+01 -4.066963806498811174e+00 -3.871859691740485943e+00 5.381544149036948710e+01 -3.661265567129292009e+01 4.560017230542208466e+01 8.070108178633158502e+01 3.982242538132589260e+01 -1.399160328305428003e+01
3.428289780497161132e+01 -3.423193372494624498e+01 -3.615335212787900598e+00 5.093941171919954769e+01 1.554777641555165069e+01 -7.186276989977908869e+00 -8.942557713711670431e+01 -2.599594417509115019e+01 1.602812910007218372e+00 5.146810647979470588e+01 -3.109680121098128680e+01 5.476422927187881484e+00 -1.356748483618450685e+01 -4.973976701707739068e+01 -1.785206558099878649e+01 2.723349907631250133e+01 -3.136599897825748684e+01 -4.135476370881588792e+01 2.330222611462836380e+00 -1.270745443799099128e+01 -2.848210065261036306e+01 -1.407386312367884074e+01 -3.178061786711041492e+01 4.517890614246020675e+00 1.409282067410854822e+01 -2.027525716541370215e+01 -4.081224817858380050e+01 -5.381081308068552715e+01 4.129011169927196789e+01 3.693439808917079148e+01 7.295358084079794025e+00 2.475250458487327165e+01 4.445335912228816966e+00 -4.720885802638431272e+01 -4.109159854212226293e+01 -2.618163806718827402e+01 6.541659925132637454e+01 6.690520726007511598e+01 3.317783264810898203e+01 3.230159137683858006e+01 1.044658034769268440e+01 -5.241332068875642847e+00 2.354869453698896109e+01 1.888810512020187460e+01 -2.227237819429623400e+01 -7.296257952139584724e+00 -5.223517003743211262e+01 2.224310490023642117e+01 -3.197413720068972509e+01 -1.616816631977960128e+01 -2.608693390653161259e+01 -2.324007098434326934e+01 -4.019329237689093759e+01 6.758708676336907217e+01 -4.292414554357524992e+01 -5.410938558437463541e+01 3.225472768809797941e+01 -2.280376295300910527e+01 -2.814159943710016520e+01 6.102087885578213466e-01 -2.254430558122284012e+01 -5.611652032419740976e+01 -2.590498401978792131e+01 9.354112966423688391e+00 1.832899078591161413e+01 2.884706815680877057e+01 -1.293178675350681317e+01 2.295215456070727811e+01 -8.520924815253327900e-01 -3.438363614413094460e+00 2.754003993139849982e+01 -1.436328922322715940e+01 7.913849864384191335e+01 -1.211889984390942132e+01 -5.397019213351684641e+01 8.132461628256105968e+00 -4.988119090040596859e+01 1.457239934282470095e+01 5.234831285938065548e+01 2.371019692229931408e+01 -4.653078752413418506e+00 -5.870599912929191788e+01 -2.848994603608133502e+01 -2.016907732261733344e+01 2.422226825801953254e+01 -4.845599529013335172e+01 -4.164240359322204199e+01 -1.841580105221411801e+00 1.835072792021495758e+01 3.411667780978114184e+00 6.851157452345647414e+01 -1.369227300540446635e+01 -7.113005810464940737e+01 3.573432843804626202e+01 1.002993153277063598e+01 4.242333719830273964e+01 -2.200037407297158509e+01 -3.713000473783542787e+01 3.423361747697069912e+00 1.296203576215548381e+01
1.465905100626516777e+01 1.862171058849672178e+01 7.894981096953643807e+00 3.412034529858134047e+00 6.324010157188917347e+00 2.772742971746459339e+00 2.601579510830282604e+00 5.431379722093237383e+00 1.886148706946872977e+01 -1.555481425593872924e+00 1.287574079964822094e+00 -1.646020052364509922e+01 1.022348621764059473e+01 -2.512047403765566678e+00 -1.417898076212251013e+01 -3.640183817785183518e+00 -1.341121330157959335e+01 3.215130739243102997e+00 -2.340974725484914198e-01 2.514979385144616941e+00 -5.588061654862464422e+00 -1.434509629427717314e+01 -1.354662483388037764e+01 4.315959777833304756e-01 9.468301433666571398e+00 -5.690429930825003702e+00 -2.589024603418729420e+00 7.485739696809540433e+00 1.236729500033685269e+01 -1.495122499306901664e+00 -3.350151682283639687e+00 8.114998013807399602e+00 8.722910536733781417e-02 3.340488602528576934e+00 -1.055762959168955106e+01 1.615127615997194610e+01 1.597955858998317780e+01 7.529154542407529682e+00 -2.226517729570305804e+00 -1.288250404402163873e+00 3.128004493061747660e+00 1.102202047625153902e+01 -3.616059379518512973e+00 3.385906827275098951e+00 -5.603908478372826352e+00 5.620965929854938814e+00 3.290854124969028405e+00 3.651360085333289263e+00 1.980376628258973071e+01 9.282247303655209336e+00 -5.670441840293257707e-01 -6.867317396884284442e+00 9.362125848996528887e+00 -3.638211060426366661e+00 7.889500026258485121e+00 7.016456134656324117e+00 9.872111075857258555e+00 2.648707596343760517e+00 -8.594502740440310262e+00 -5.729569493664347313e+00 -2.941614317195254902e+00 -1.847630067168329759e+01 -9.177083714307990192e+00 1.282220852722608484e+01 -3.263800762719440418e-01 -1.425811547289176806e+00 1.797633300943646262e+01 -1.989174849162178349e+00 5.319432710813776666e+00 -6.132847634199889875e+00 7.564203764867772684e+00 -3.875880445120993389e+00 -1.414264312731002837e-01 -3.511833410642133391e-01 -3.852430530889316973e+00 5.257206741680320317e-01 -4.963506916818140269e+00 -4.099313107625761177e+00 -9.607738308743254407e+00 -1.720133280009908461e+01 -5.296947218720932327e+00 -2.474644109756427568e+00 9.575644833137660683e+00 -1.218578439060677177e+01 1.179692355391503522e+00 5.773232916873567433e+00 -1.315400436539087536e+01 -4.211763328655893091e+00 -1.609035534323654204e+01 7.347868822446627091e-01 3.316069110697454914e+00 3.239956823995078228e+00 4.102932716927981893e+00 1.715572871971388835e+01 -5.750697384839146054e+00 5.059406803004148578e+00 5.732284480279447259e+00 -3.997281677079374429e+00 -1.129808520074047307e+00 4.844137033735694153e+00
3.325231031333158782e+00 1.551929028996254978e+01 -1.257773515320594004e+00 1.196996169677589483e+00 1.011140686561441848e+00 1.241553866142445806e+01 -7.097465137910909050e+00 7.183390470836963360e+00 -1.208567503741227611e+01 1.273723397204087959e+01 3.142467627829869325e+00 -2.891041686727214621e+00 9.991604630393224440e+00 -8.713267477028436403e+00 1.621080179749494832e+01 -1.041046682449741390e+01 -1.767718599352567477e+00 -4.244770534850398569e+00 3.559379417990237382e+00 -5.271434744378673543e+00 -2.987644531805164760e+00 1.474445876469375971e+00 3.845714105321738963e+00 6.058512818006138723e+00 -1.026122368619218683e+01 -7.236091676751624568e+00 4.666689814606685416e-01 3.869547603933691349e+00 1.575471367243336118e+01 -8.897811465369272810e+00 1.015830783926628911e+01 2.960824107450495291e+00 1.484026525377143457e+01 1.564880715694093816e+01 8.055443636722399603e+00 -3.437145761272452305e+00 1.230301614864144355e+01 -7.156711627120845520e+00 6.668000349558366402e+00 5.103551598053276628e+00 -9.135712380216148176e+00 -5.771784019012923928e+00 1.536710852971954822e+01 -6.397830359074125006e+00 2.641951793315888697e-01 4.791386485996000033e+00 -9.083094816289117190e+00 1.385000722647745208e+00 7.848601756503322591e+00 -1.093497862970532708e+01 1.423765852165095147e+01 -8.179214139056572019e-01 -8.974062755764744992e+00 -4.138592537243441782e+00 7.275566275850026132e-01 -8.311580223722804917e+00 2.633754062210714952e+00 7.120116615561527418e+00 5.663850387588695412e+00 -3.785345620903356245e+00 -1.142547640722816382e+01 5.195635979766517032e+00 4.334590124464043903e-01 -1.074347710773557196e+01 -9.706569910693801262e+00 6.413305548324308880e+00 1.110645600561855417e+01 9.137860762057430364e+00 -1.343660053501644214e+01 2.326047679621802367e+00 2.636391678491745161e+00 -7.848020918902435916e+00 3.150722050833645316e+00 -7.943600332785222484e+00 4.000966337475644785e+00 1.300599638985513451e+00 -1.977057465078118526e+00 -4.511062229419811942e+00 6.491702505500223097e+00 3.542062378237026632e+00 -3.301593423776769676e+00 -2.567829404081498623e+00 8.971514427714648576e+00 4.329885863180637173e+00 -2.653551308414160204e+00 -6.029711470864413059e+00 5.072134455894175886e+00 -4.954925719379082771e+00 1.568837635313597545e+00 -2.583403457415104576e+00 -2.304015329909158893e+01 -5.421071077796172588e+00 -9.648443414198750734e-01 -9.185440460692437803e-01 1.276704004460118114e+01 -8.685897246726570486e+00 1.081805562889273453e+01 1.914536095442863228e+01 9.447370115377443867e+00 -3.319326978281690543e+00
8.133197963559444688e+00 -8.121118238742768725e+00 -8.576831979575215703e-01 1.208472901995147986e+01 3.688537078304485295e+00 -1.704860131564974068e+00 -2.121514359646644010e+01 -6.167198033740561414e+00 3.802477053340891922e-01 1.221017311784200565e+01 -7.377320246297515816e+00 1.299207366053111379e+00 -3.218739947928749512e+00 -1.180014296636423943e+01 -4.235192803373680981e+00 6.460804349822380388e+00 -7.441193606238244662e+00 -9.810910714562647073e+00 5.528337410559909237e-01 -3.014777806192936449e+00 -6.756999117521964138e+00 -3.338877101119084312e+00 -7.539567660103120517e+00 1.071809515775431487e+00 3.343333275835539187e+00 -4.810027013752103286e+00 -9.682193129957017419e+00 -1.276594462052428014e+01 9.795587367294217529e+00 8.762199212154115457e+00 1.730732837794697776e+00 5.872404492711269519e+00 1.054595664396971166e+00 -1.119972485490831637e+01 -9.748468915291315540e+00 -6.211276118545838720e+00 1.551931094828251290e+01 1.587244821628845237e+01 7.870902695385753489e+00 7.663087895290333407e+00 2.478323108881176573e+00 -1.243440973293887364e+00 5.586626587819560896e+00 4.480939734504269190e+00 -5.283860067149771744e+00 -1.730950372153461370e+00 -1.239214950636688961e+01 5.276870693868261242e+00 -7.585479652573539511e+00 -3.835695934965486220e+00 -6.188800864128419121e+00 -5.513421320767241340e+00 -9.535376100095996676e+00 1.603421533583288294e+01 -1.018322892244141897e+01 -1.283676987359602251e+01 7.651991124800784583e+00 -5.409905364475769751e+00 -6.676252606619645036e+00 1.446408699414506172e-01 -5.348352225940201876e+00 -1.331296951909395787e+01 -6.145629892810206663e+00 2.219145617696863138e+00 4.348318829186291978e+00 6.843713581044045924e+00 -3.067920981890978727e+00 5.445105805286551970e+00 -2.021488373523140369e-01 -8.157329969008637605e-01 6.533344633296310988e+00 -3.407527262806746116e+00 1.877465249176200146e+01 -2.875058812814909714e+00 -1.280374849679255966e+01 1.929309106724490075e+00 -1.183368244759035370e+01 3.457071493866850531e+00 1.241899792288761972e+01 5.624935613588874617e+00 -1.103800306033074330e+00 -1.392725046954942236e+01 -6.758873045292729920e+00 -4.784901488487266263e+00 5.746393583662040783e+00 -1.149559177660071008e+01 -9.879117394258331686e+00 -4.369087224206401054e-01 4.353488845280199193e+00 8.093745096182057841e-01 1.625356590581532501e+01 -3.248208705996550982e+00 -1.687473221572452431e+01 8.477536304894631058e+00 2.379477497447122225e+00 1.006440284719790412e+01 -5.219315819836841008e+00 -8.808647387197421352e+00 8.121679232002273485e-01 3.075075006159639468e+00
1.764018421035799200e+00 2.240876251526856766e+00 9.500499997012433750e-01 4.105925918583986922e-01 7.610054131309942349e-01 3.336605917881812489e-01 3.130657190841991122e-01 6.535896959189685385e-01 2.269728292108299517e+00 -1.871813709436196960e-01 1.549415146593534631e-01 -1.980763431080174941e+00 1.230255945344167046e+00 -3.022893535467563453e-01 -1.706251330773883579e+00 -4.380419455780143467e-01 -1.613855770674993417e+00 3.868981029772655678e-01 -2.816756006626229894e-02 3.026897955821752362e-01 -6.724476246303409122e-01 -1.726235327420345911e+00 -1.630149360654703061e+00 5.193475393785416949e-02 1.139382774029565892e+00 -6.847583027285644164e-01 -3.115560250884972238e-01 9.008070382513421182e-01 1.488239966579238516e+00 -1.799168258476154247e-01 -4.031392714812543354e-01 9.765068720342350295e-01 1.049607267763782471e-02 4.019828495737481355e-01 -1.270469739797949638e+00 1.943588486940830418e+00 1.922928448259095813e+00 9.060330614515809122e-01 -2.679139579185561004e-01 -1.550277452907005971e-01 3.764116467735247884e-01 1.326348588702089826e+00 -4.351434592704468973e-01 4.074465340979013250e-01 -6.743635722153972223e-01 6.764037982406098104e-01 3.960125201943014428e-01 4.393939807368512085e-01 2.383119512184581179e+00 1.116992350066544626e+00 -6.823500835782064788e-02 -8.263799423475358674e-01 1.126602803599825453e+00 -4.378089108472740798e-01 9.493925025107872173e-01 8.443326543049677335e-01 1.187966708737097976e+00 3.187398913219041674e-01 -1.034234470137521900e+00 -6.894605397655304557e-01 -3.539825389864008076e-01 -2.223375961962145819e+00 -1.104331564847508274e+00 1.542977827161948978e+00 -3.927370902124117935e-02 -1.715859500112375813e-01 2.163212059950800459e+00 -2.393691636623441477e-01 6.401223975660349508e-01 -7.380022500787055684e-01 9.102724002179874985e-01 -4.664096693131077331e-01 -1.701841341662068199e-02 -4.226115186292516562e-02 -4.635880960312406263e-01 6.326403915777883968e-02 -5.972873497792853259e-01 -4.932933595449303654e-01 -1.156161576090183329e+00 -2.069948257068853437e+00 -6.374136326292091370e-01 -2.977911676559725773e-01 1.152296658093850068e+00 -1.466393767701167583e+00 1.419624884312333246e-01 6.947290804792084495e-01 -1.582906028213443506e+00 -5.068344450350619201e-01 -1.936260140354356674e+00 8.842198694472959419e-02 3.990454336253625445e-01 3.898328993057649239e-01 4.937324698172697590e-01 2.064461515846378159e+00 -6.920139746954419024e-01 6.088308906240429419e-01 6.898023421702863534e-01 -4.810189885885751693e-01 -1.359597744688162135e-01 5.829221694771198337e-01
4.001457928938851327e-01 1.867540328893277923e+00 -1.513564683468873184e-01 1.440426765528960984e-01 1.216782426936448835e-01 1.494039930828662710e+00 -8.540850682178443565e-01 8.644249393395289083e-01 -1.454349965596226868e+00 1.532754784271801896e+00 3.781529913936751419e-01 -3.478957502903688437e-01 1.202353811116061433e+00 -1.048521512838491487e+00 1.950753928043270857e+00 -1.252755584357742258e+00 -2.127170874535578293e-01 -5.108020845544025690e-01 4.283230215973968247e-01 -6.343551571306302872e-01 -3.595164716026919005e-01 1.774313880073697947e-01 4.627812807388711480e-01 7.290557635545076298e-01 -1.234798727401752005e+00 -8.707619152086012448e-01 5.615549548051529394e-02 4.656461926977278343e-01 1.895870186165830473e+00 -1.070730990445019737e+00 1.222413158634758190e+00 3.562784311495364453e-01 1.785822246738023367e+00 1.883124171353254939e+00 9.693599024265665554e-01 -4.136147446587541965e-01 1.480505436154925469e+00 -8.612145050775249500e-01 8.023939439714490307e-01 6.141629890837363437e-01 -1.099354112557950236e+00 -6.945565162388972480e-01 1.849222372175589157e+00 -7.698899903974083525e-01 3.178257915516411597e-02 5.765782153161785883e-01 -1.093024201218410596e+00 1.666650100339401863e-01 9.444760367398464806e-01 -1.315875308699278268e+00 1.713309477307927597e+00 -9.841934253128635512e-02 -1.079906051432075520e+00 -4.980237981935395908e-01 8.755212168075024448e-02 -1.000183644907278069e+00 3.169366986414022258e-01 8.568085339599321726e-01 6.815642175893110721e-01 -4.555128902355851106e-01 -1.374895429259607615e+00 6.252257897862768532e-01 5.216011176134567606e-02 -1.292832099024564974e+00 -1.168050020773150566e+00 7.717490589442425053e-01 1.336514128251200972e+00 1.099612570729755490e+00 -1.616909971728858864e+00 2.799055548427618612e-01 3.172649322750452083e-01 -9.443966579026692454e-01 3.791473627115671818e-01 -9.558991659007785024e-01 4.814595562584340627e-01 1.565111288224073915e-01 -2.379108082031705096e-01 -5.428438104732303815e-01 7.811899654284534256e-01 4.262363637031814645e-01 -3.973119024243760289e-01 -3.090026139845620246e-01 1.079601012017006534e+00 5.210401492250702482e-01 -3.193181425320618105e-01 -7.255969632036555206e-01 6.103614788713352945e-01 -5.962467970060774114e-01 1.887918493081132965e-01 -3.108769888564827388e-01 -2.772578745535616118e+00 -6.523412749291215285e-01 -1.161070603017004405e-01 -1.105332636855208689e-01 1.536338693399218247e+00 -1.045229401533810831e+00 1.301802830718335136e+00 2.303888404810050083e+00 1.136861509163136885e+00 -3.994347233332343761e-01
9.787206142269633258e-01 -9.772686495573564835e-01 -1.032089372132851124e-01 1.454230519648622266e+00 4.438683243861182848e-01 -2.051575003674802056e-01 -2.552959255665346205e+00 -7.421357454939699894e-01 4.575767316197071333e-02 1.469328741798895832e+00 -8.877585886625153355e-01 1.563410073854974158e-01 -3.873350107560867839e-01 -1.419986722916140920e+00 -5.096496331716814376e-01 7.774690749478884166e-01 -8.954463388714291039e-01 -1.180610565770592313e+00 6.652867652821775613e-02 -3.628015915927920165e-01 -8.131089493346097541e-01 -4.017926775698656972e-01 -9.072859832189399398e-01 1.289770836870570148e-01 4.023225933673994503e-01 -5.788172973809400101e-01 -1.165119239171975796e+00 -1.536207273790375805e+00 1.178768837482475185e+00 1.054407101286670922e+00 2.082700964029733925e-01 7.066915708851814193e-01 1.269054548853070230e-01 -1.347735896647640264e+00 -1.173095145794472938e+00 -7.474436997887942136e-01 1.867543206843384818e+00 1.910035942213444748e+00 9.471366736280392162e-01 9.221385810250405379e-01 2.982327038841431355e-01 -1.496311996284330481e-01 6.722731222248424787e-01 5.392157120034718476e-01 -6.358429221496176842e-01 -2.082968946922897913e-01 -1.491227136104991802e+00 6.349950039124655499e-01 -9.128111628014273782e-01 -4.615736799608338159e-01 -7.447379030859712090e-01 -6.634656788019507312e-01 -1.147455263389159485e+00 1.929502363285699351e+00 -1.225414278557365844e+00 -1.544729000098682636e+00 9.208064634919896907e-01 -6.510078249588377997e-01 -8.033972896718944989e-01 1.738661732113891759e-02 -6.436007273561226150e-01 -1.602038026783527247e+00 -7.395420030288791802e-01 2.670437347129308026e-01 5.232599668832383921e-01 8.235638512941044764e-01 -3.691848532874362210e-01 6.552431633365880526e-01 -2.432593409644351681e-02 -9.816602913162662813e-02 7.861702920224253877e-01 -4.100518614689183661e-01 2.259277918680469899e+00 -3.459742417142191440e-01 -1.540755409870447457e+00 2.321635722208689745e-01 -1.424020968594331693e+00 4.160039434807690784e-01 1.494459002324030505e+00 6.768822629242375877e-01 -1.328143362870085331e-01 -1.675952134491071721e+00 -8.133363984906978317e-01 -5.758036399360800806e-01 6.914943073732735535e-01 -1.383339314392755481e+00 -1.188813359583808626e+00 -5.257857842742905824e-02 5.238841233351249072e-01 9.739700509110915672e-02 1.955902406574915986e+00 -3.908603670223468884e-01 -2.030645738178809445e+00 1.020157728047959456e+00 2.863378491003981119e-01 1.211112800370563347e+00 -6.280736556752606337e-01 -1.060003085154358260e+00 9.773609142346167955e-02 3.700423442312382738e-01
