# 
#                 ----------------------------------------------------
#                 Data from a 3D direct N-body simulation. 
# 
#                 rows are i-particle; 
#                 coumns are :mass, tag, x ,y, z, vx, vy, vz, ax, ay, az
# 
#                 NTHU, Computational Physics Lab
# 
#                 ----------------------------------------------------
#                 Time = 1.400000000000001
1.000000000000000000e+00 2.000000000000000000e+00 3.000000000000000000e+00 4.000000000000000000e+00 5.000000000000000000e+00 6.000000000000000000e+00 7.000000000000000000e+00 8.000000000000000000e+00 9.000000000000000000e+00 1.000000000000000000e+01 1.100000000000000000e+01 1.200000000000000000e+01 1.300000000000000000e+01 1.400000000000000000e+01 1.500000000000000000e+01 1.600000000000000000e+01 1.700000000000000000e+01 1.800000000000000000e+01 1.900000000000000000e+01 2.000000000000000000e+01 2.100000000000000000e+01 2.200000000000000000e+01 2.300000000000000000e+01 2.400000000000000000e+01 2.500000000000000000e+01 2.600000000000000000e+01 2.700000000000000000e+01 2.800000000000000000e+01 2.900000000000000000e+01 3.000000000000000000e+01 3.100000000000000000e+01 3.200000000000000000e+01 3.300000000000000000e+01 3.400000000000000000e+01 3.500000000000000000e+01 3.600000000000000000e+01 3.700000000000000000e+01 3.800000000000000000e+01 3.900000000000000000e+01 4.000000000000000000e+01 4.100000000000000000e+01 4.200000000000000000e+01 4.300000000000000000e+01 4.400000000000000000e+01 4.500000000000000000e+01 4.600000000000000000e+01 4.700000000000000000e+01 4.800000000000000000e+01 4.900000000000000000e+01 5.000000000000000000e+01 5.100000000000000000e+01 5.200000000000000000e+01 5.300000000000000000e+01 5.400000000000000000e+01 5.500000000000000000e+01 5.600000000000000000e+01 5.700000000000000000e+01 5.800000000000000000e+01 5.900000000000000000e+01 6.000000000000000000e+01 6.100000000000000000e+01 6.200000000000000000e+01 6.300000000000000000e+01 6.400000000000000000e+01 6.500000000000000000e+01 6.600000000000000000e+01 6.700000000000000000e+01 6.800000000000000000e+01 6.900000000000000000e+01 7.000000000000000000e+01 7.100000000000000000e+01 7.200000000000000000e+01 7.300000000000000000e+01 7.400000000000000000e+01 7.500000000000000000e+01 7.600000000000000000e+01 7.700000000000000000e+01 7.800000000000000000e+01 7.900000000000000000e+01 8.000000000000000000e+01 8.100000000000000000e+01 8.200000000000000000e+01 8.300000000000000000e+01 8.400000000000000000e+01 8.500000000000000000e+01 8.600000000000000000e+01 8.700000000000000000e+01 8.800000000000000000e+01 8.900000000000000000e+01 9.000000000000000000e+01 9.100000000000000000e+01 9.200000000000000000e+01 9.300000000000000000e+01 9.400000000000000000e+01 9.500000000000000000e+01 9.600000000000000000e+01 9.700000000000000000e+01 9.800000000000000000e+01 9.900000000000000000e+01 1.000000000000000000e+02
2.000000000000000111e-01 2.000000000000000111e-01 2.000000000000000111e-01 2.000000000000000111e-01 2.000000000000000111e-01 2.000000000000000111e-01 2.000000000000000111e-01 2.000000000000000111e-01 2.000000000000000111e-01 2.000000000000000111e-01 2.000000000000000111e-01 2.000000000000000111e-01 2.000000000000000111e-01 2.000000000000000111e-01 2.000000000000000111e-01 2.000000000000000111e-01 2.000000000000000111e-01 2.000000000000000111e-01 2.000000000000000111e-01 2.000000000000000111e-01 2.000000000000000111e-01 2.000000000000000111e-01 2.000000000000000111e-01 2.000000000000000111e-01 2.000000000000000111e-01 2.000000000000000111e-01 2.000000000000000111e-01 2.000000000000000111e-01 2.000000000000000111e-01 2.000000000000000111e-01 2.000000000000000111e-01 2.000000000000000111e-01 2.000000000000000111e-01 2.000000000000000111e-01 2.000000000000000111e-01 2.000000000000000111e-01 2.000000000000000111e-01 2.000000000000000111e-01 2.000000000000000111e-01 2.000000000000000111e-01 2.000000000000000111e-01 2.000000000000000111e-01 2.000000000000000111e-01 2.000000000000000111e-01 2.000000000000000111e-01 2.000000000000000111e-01 2.000000000000000111e-01 2.000000000000000111e-01 2.000000000000000111e-01 2.000000000000000111e-01 2.000000000000000111e-01 2.000000000000000111e-01 2.000000000000000111e-01 2.000000000000000111e-01 2.000000000000000111e-01 2.000000000000000111e-01 2.000000000000000111e-01 2.000000000000000111e-01 2.000000000000000111e-01 2.000000000000000111e-01 2.000000000000000111e-01 2.000000000000000111e-01 2.000000000000000111e-01 2.000000000000000111e-01 2.000000000000000111e-01 2.000000000000000111e-01 2.000000000000000111e-01 2.000000000000000111e-01 2.000000000000000111e-01 2.000000000000000111e-01 2.000000000000000111e-01 2.000000000000000111e-01 2.000000000000000111e-01 2.000000000000000111e-01 2.000000000000000111e-01 2.000000000000000111e-01 2.000000000000000111e-01 2.000000000000000111e-01 2.000000000000000111e-01 2.000000000000000111e-01 2.000000000000000111e-01 2.000000000000000111e-01 2.000000000000000111e-01 2.000000000000000111e-01 2.000000000000000111e-01 2.000000000000000111e-01 2.000000000000000111e-01 2.000000000000000111e-01 2.000000000000000111e-01 2.000000000000000111e-01 2.000000000000000111e-01 2.000000000000000111e-01 2.000000000000000111e-01 2.000000000000000111e-01 2.000000000000000111e-01 2.000000000000000111e-01 2.000000000000000111e-01 2.000000000000000111e-01 2.000000000000000111e-01 2.000000000000000111e-01
6.004906515612854712e+00 7.628104565237116219e+00 3.234130502968086684e+00 1.397695065306154838e+00 2.590595350584765200e+00 1.135837667644254756e+00 1.065697182192416381e+00 2.224936859599507155e+00 7.726345907648338951e+00 -6.371820247555537442e-01 5.274460187759576479e-01 -6.742714760249604034e+00 4.187954740070195747e+00 -1.029047409987952966e+00 -5.808220218230411014e+00 -1.491211688480868602e+00 -5.493769281261628556e+00 1.317033391134083464e+00 -9.592685245567982022e-02 1.029731085542789915e+00 -2.289082986803147257e+00 -5.876330173904971588e+00 -5.549253764291856683e+00 1.768197462057974345e-01 3.878568519771954382e+00 -2.331103562333260548e+00 -1.060542030899087607e+00 3.066449303264240811e+00 5.066079159388580777e+00 -6.124693893482028306e-01 -1.372416861096629859e+00 3.324466378924446630e+00 3.574074836217707579e-02 1.368388844950100713e+00 -4.324787319642484640e+00 6.616168397952074010e+00 6.545784452247785268e+00 3.084215893093053662e+00 -9.122550698247345879e-01 -5.276703587998472500e-01 1.281364833394957881e+00 4.515066456085523150e+00 -1.481279725671212910e+00 1.387013304230282351e+00 -2.295476544797104168e+00 2.302598956959402532e+00 1.348029366789746941e+00 1.495712386087773460e+00 8.112332150972374478e+00 3.802368095415055382e+00 -2.322947501010341476e-01 -2.813210701706976735e+00 3.835109515543722036e+00 -1.490356113993622555e+00 3.231862654862254658e+00 2.874239603678665489e+00 4.044083303661993867e+00 1.084970591464834655e+00 -3.520610428114388402e+00 -2.347220183602423127e+00 -1.205007652702761112e+00 -7.568562778587489603e+00 -3.759351884508100206e+00 5.252481630981232996e+00 -1.337164154727635279e-01 -5.839708038303601523e-01 7.363752155771965846e+00 -8.148540042302191422e-01 2.179035450329573020e+00 -2.512280707553920855e+00 3.098338148032685258e+00 -1.587709513308480203e+00 -5.793740383599123300e-02 -1.438473284322884238e-01 -1.578100191264801833e+00 2.153479484264774757e-01 -2.033280328304169160e+00 -1.679273138992193104e+00 -3.935693049069951766e+00 -7.046315322431402350e+00 -2.169856555993605163e+00 -1.013695177271463521e+00 3.922577931324976674e+00 -4.991767434216725974e+00 4.832200282824689608e-01 2.364951435297833804e+00 -5.388386306664629366e+00 -1.725236666341581460e+00 -6.591184070942759377e+00 3.009931584804577676e-01 1.358373286160108107e+00 1.327775656989261810e+00 1.680717342384876911e+00 7.027622258855243054e+00 -2.355755500726325558e+00 2.072528798637226721e+00 2.348168119990085678e+00 -1.637436558818640364e+00 -4.627842896864862721e-01 1.984388731098733816e+00
1.362149804233265149e+00 6.357252513045111186e+00 -5.152271586339570719e-01 4.903310998242277341e-01 4.141893486894887566e-01 5.085901555162321230e+00 -2.907379608588495312e+00 2.942578774187059043e+00 -4.950726124684399210e+00 5.217645654317098369e+00 1.287279666686482082e+00 -1.184302679263460334e+00 4.092948941919507533e+00 -3.569312004982870601e+00 6.640526940051803884e+00 -4.264559435592914838e+00 -7.241676997625438039e-01 -1.738804799670405465e+00 1.458058963070175018e+00 -2.159279524953509721e+00 -1.223919775043174507e+00 6.039699135888447756e-01 1.575333479819388538e+00 2.481844448400519099e+00 -4.203396157481653184e+00 -2.964220549863657794e+00 1.911850263824108609e-01 1.585130626594847936e+00 6.453692664672828094e+00 -3.644885340232158821e+00 4.161249211525166913e+00 1.213047939550894405e+00 6.079169881239506523e+00 6.410326719475964552e+00 3.299857644362652831e+00 -1.407977709447423287e+00 5.039741998604874595e+00 -2.931650062307549653e+00 2.731572490873320991e+00 2.090395976691112878e+00 -3.742393422190206209e+00 -2.364338415478422384e+00 6.294966845393345167e+00 -2.620820609011161650e+00 1.083303735173110349e-01 1.962738073316403042e+00 -3.720818573882092029e+00 5.673609420167283757e-01 3.215053783310087621e+00 -4.479399601033300371e+00 5.832288737297325554e+00 -3.351217995498422808e-01 -3.676128940407772383e+00 -1.695323315449056123e+00 2.980292148783764139e-01 -3.404768221367679537e+00 1.078885731136602688e+00 2.916683914624019547e+00 2.320167643147045933e+00 -1.550646247988251014e+00 -4.680376813259742086e+00 2.128316472088125355e+00 1.775702146907977841e-01 -4.400937955232025800e+00 -3.976228329256835448e+00 2.627194221537508589e+00 4.549601499624271739e+00 3.743274246814230821e+00 -5.504177666398692992e+00 9.528684212777707163e-01 1.079848461971160578e+00 -3.214919072710530124e+00 1.290649419458570923e+00 -3.254063134343646801e+00 1.638976756282840563e+00 5.327582272733110136e-01 -8.098923542561486943e-01 -1.847919342173495183e+00 2.659233591312800904e+00 1.450995569242171213e+00 -1.352351860301308495e+00 -1.051890752578710675e+00 3.675067442754712754e+00 1.773719323857938068e+00 -1.087005091070545992e+00 -2.469969560695981947e+00 2.077753551045942171e+00 -2.029851350971725310e+00 6.426179812586150231e-01 -1.058267776405359184e+00 -9.438037817062587820e+00 -2.220800010602219210e+00 -3.952250740058129153e-01 -3.762824650984397667e-01 5.229886363637048952e+00 -3.558083508513844695e+00 4.431529353034084906e+00 7.842634397092103526e+00 3.870021074638528624e+00 -1.359737774514401920e+00
3.331664907793227215e+00 -3.326698448331392832e+00 -3.513574938261982972e-01 4.950399618604121699e+00 1.510935018140456609e+00 -6.983686305860724586e-01 -8.690490684106324082e+00 -2.526353141241804323e+00 1.557638858519665992e-01 5.001756671193611226e+00 -3.022054367182357648e+00 5.322159831213505443e-01 -1.318483685708449427e+00 -4.833797454599594090e+00 -1.734880316854237492e+00 2.646606088679093194e+00 -3.048203486175784516e+00 -4.018920871255500238e+00 2.264333086159081576e-01 -1.234817232420873934e+00 -2.767973135349378389e+00 -1.367687888989736811e+00 -3.088483203669770472e+00 4.390615512837402479e-01 1.369582151845733842e+00 -1.970418059562231372e+00 -3.966213997525656954e+00 -5.229433283858885062e+00 4.012619577096370627e+00 3.589385522376303594e+00 7.089761556271449994e-01 2.405265663976605683e+00 4.320120035398921088e-01 -4.587828393928474746e+00 -3.993357505484496528e+00 -2.544368351972482234e+00 6.357256708443341786e+00 6.501943030005521429e+00 3.224439149413760308e+00 3.139205772068544231e+00 1.015215096926671778e+00 -5.093618939964199566e-01 2.288514845344318704e+00 1.835615546021017952e+00 -2.164450363993300819e+00 -7.090585081396444389e-01 -5.076301158541768110e+00 2.161661717227373547e+00 -3.107287320580577106e+00 -1.571251962572944638e+00 -2.535174736013099395e+00 -2.258507362857935075e+00 -3.906034401492368247e+00 6.568209696174690748e+00 -4.171433839765702700e+00 -5.258458356840012726e+00 3.134624984101785472e+00 -2.216115357122034002e+00 -2.734840877460577246e+00 5.945666208879616527e-02 -2.190900954407215995e+00 -5.453475178669076051e+00 -2.517499596087354519e+00 9.090511735291866291e-01 1.781252105529634422e+00 2.803277205864079580e+00 -1.256714846171292921e+00 2.230540878981806419e+00 -8.280725475913688904e-02 -3.341161509933359697e-01 2.676626054226281415e+00 -1.395830670863911660e+00 7.690786114333721279e+00 -1.177735738478705718e+00 -5.244930611267839993e+00 7.903476860306245522e-01 -4.847555849820980534e+00 1.416233590564799583e+00 5.087288163004612507e+00 2.304216739590812413e+00 -4.523011662367035779e-01 -5.705176581479818765e+00 -2.768719571706024229e+00 -1.960018369186187881e+00 2.354011691824032582e+00 -4.709028542934730055e+00 -4.046914883713604638e+00 -1.789469836424023297e-01 1.783348009963777070e+00 3.315535567231029379e-01 6.658018660078958817e+00 -1.330781426170343451e+00 -6.912533341819682597e+00 3.472711908761606736e+00 9.747255018042900732e-01 4.122783922334479101e+00 -2.138034951995991584e+00 -3.608340901687947966e+00 3.326658796284478470e-01 1.259682408077135607e+00
4.251337479205999692e+00 5.400538285175663589e+00 2.289680614241424994e+00 9.895373942192081662e-01 1.834073606773401144e+00 8.041435192999811798e-01 7.544914852208131073e-01 1.575196389725152635e+00 5.470086387064703182e+00 -4.511109831273923954e-01 3.734182996647386066e-01 -4.773691564099554974e+00 2.964971181251280008e+00 -7.285383053012416399e-01 -4.112095218267245222e+00 -1.055731719362374532e+00 -3.889458247817174197e+00 9.324313045422796264e-01 -6.790677351347569612e-02 7.291409923433038731e-01 -1.620618839484588403e+00 -4.160301113522749006e+00 -3.928736612344514878e+00 1.251794099450453390e-01 2.745940510416847946e+00 -1.650348549652487007e+00 -7.508445543081446738e-01 2.170975394738968944e+00 3.586677452065365035e+00 -4.336120835604046486e-01 -9.716246005502965355e-01 2.353588511357566304e+00 2.530171294279227184e-02 9.687888601487458784e-01 -3.061855948795616733e+00 4.684099419158735067e+00 4.634278806933098238e+00 2.183557824353532073e+00 -6.458125891946404629e-01 -3.735892339847192711e-01 9.071737948363123305e-01 3.196558476967871432e+00 -1.048711529087572814e+00 9.819700915432980626e-01 -1.625167824010990136e+00 1.630179309304615742e+00 9.543810853607895828e-01 1.058935925223837726e+00 5.743357554377162444e+00 2.691989020983582837e+00 -1.644566929220270257e-01 -1.991667364192491574e+00 2.715164579693081226e+00 -1.055136897023746911e+00 2.288080220808655252e+00 2.034889144967777508e+00 2.863098485049513808e+00 7.681439857640578461e-01 -2.492518171920959702e+00 -1.661739557829226221e+00 -8.531157137633063048e-01 -5.358378614595122436e+00 -2.661520089062865413e+00 3.718634097746933875e+00 -9.466389259587865146e-02 -4.134601156606118599e-01 5.213378445482248047e+00 -5.768953539461308955e-01 1.542709262056632724e+00 -1.778630267470642234e+00 2.193610043142058874e+00 -1.124062051920126093e+00 -4.101750654727313178e-02 -1.018431162538038504e-01 -1.117259639594934795e+00 1.524631348735949188e-01 -1.439507452764238415e+00 -1.188878499901422137e+00 -2.786382032587000790e+00 -4.988632833907011843e+00 -1.536203451093417494e+00 -7.176762621608849813e-01 2.777089567073602439e+00 -3.534056798857618364e+00 3.421150050880850668e-01 1.674328477987460762e+00 -3.814854178005559149e+00 -1.221442692749348247e+00 -4.666417708584333468e+00 2.130971450477188167e-01 9.617009221170432776e-01 9.399052456544960688e-01 1.189909816318028835e+00 4.975401301488269645e+00 -1.667809812679540427e+00 1.467302700499193424e+00 1.662448402789719060e+00 -1.159268483827436302e+00 -3.276472903840596529e-01 1.404891735206067915e+00
9.643692235605629826e-01 4.500799828280700687e+00 -3.647702464772552000e-01 3.471442503165637072e-01 2.932395157382837736e-01 3.600697481753864171e+00 -2.058361712090535534e+00 2.083281721666309316e+00 -3.505007997888424764e+00 3.693977257341888532e+00 9.113636184731664924e-01 -8.384544189189286900e-01 2.897713427708447309e+00 -2.526986061270650730e+00 4.701350557543246822e+00 -3.019203198324867277e+00 -5.126844722983693314e-01 -1.231037800435724971e+00 1.032272327733701145e+00 -1.528744097929284118e+00 -8.664921102058056324e-01 4.276014363055736789e-01 1.115304410511481326e+00 1.757078844086108038e+00 -2.975907326933402430e+00 -2.098591347619315872e+00 1.353501522611404162e-01 1.122232747493648430e+00 4.569076863205919992e+00 -2.580495534013778514e+00 2.946065647297783308e+00 8.587687518227891115e-01 4.303907110316521845e+00 4.538370759315404790e+00 2.336214957808580905e+00 -9.968181630790480252e-01 3.568032739854468449e+00 -2.075544451191431161e+00 1.933867150274697355e+00 1.480001922516862356e+00 -2.649516452125291188e+00 -1.673898953909899845e+00 4.456690629948871774e+00 -1.855475692121672182e+00 7.667110533951987383e-02 1.389573216799361965e+00 -2.634246702934060380e+00 4.016759519849600890e-01 2.276192647252678558e+00 -3.171309725682795122e+00 4.129127859751908325e+00 -2.372425493576882094e-01 -2.602613418132783352e+00 -1.200250892726818952e+00 2.109992354884239196e-01 -2.410492192396020972e+00 7.638266962259425696e-01 2.064943113513983075e+00 1.642617178065278294e+00 -1.097816763837818455e+00 -3.313585399331372194e+00 1.506803011865553987e+00 1.257136433938441378e-01 -3.115764181585317871e+00 -2.815068581434029049e+00 1.859980169973725062e+00 3.221020675916499876e+00 2.650139880636064760e+00 -3.896825124647941951e+00 6.746021871817534654e-01 7.645353005304613703e-01 -2.276073556104724283e+00 9.137519865936811758e-01 -2.303788710605996659e+00 1.160351826562930455e+00 3.771846351748902038e-01 -5.733821374993537390e-01 -1.308281225701442674e+00 1.882680547993405229e+00 1.027264638110419792e+00 -9.574589350265616527e-01 -7.447125031851522525e-01 2.601865947290119774e+00 1.255745452520823147e+00 -7.695728007630444623e-01 -1.748689329516804669e+00 1.470999174673754739e+00 -1.437060010319330949e+00 4.549676174754015423e-01 -7.492279122196435770e-01 -6.681936700363977799e+00 -1.572247886686821028e+00 -2.798131312377096780e-01 -2.663967347888893666e-01 3.702636277132354437e+00 -2.519040356611581100e+00 3.137412731784207764e+00 5.552415327146055901e+00 2.739882949977610949e+00 -9.626600684515552731e-01
2.358743859992637137e+00 -2.355231888687288944e+00 -2.487490529048013710e-01 3.504762817337678360e+00 1.069714692448147098e+00 -4.944307704130767034e-01 -6.152679625474577030e+00 -1.788592955748215640e+00 1.102773131799333617e-01 3.541129254573732954e+00 -2.139540696065633796e+00 3.767942859350759677e-01 -9.334645545038332548e-01 -3.422216845144775643e+00 -1.228259603847649872e+00 1.873733769832970353e+00 -2.158057319972512378e+00 -2.845305290611318316e+00 1.603161855701777105e-01 -8.742571369670105730e-01 -1.959650986213408164e+00 -9.683019799142401629e-01 -2.186578592143906263e+00 3.108438900308289066e-01 9.696272556384735175e-01 -1.395000336950442676e+00 -2.807985250417799783e+00 -3.702316506969924426e+00 2.840849693905312723e+00 2.541190943535713842e+00 5.019385717183943996e-01 1.702941237325373169e+00 3.058525329608480781e-01 -3.248079757848719940e+00 -2.827203520778295065e+00 -1.801356703562485562e+00 4.500803779044544761e+00 4.603232015818737644e+00 2.282779835618952369e+00 2.222460539199784701e+00 7.187493753949841802e-01 -3.606164185517661824e-01 1.620212078097794439e+00 1.299562253900621300e+00 -1.532386377849353609e+00 -5.019984278937758004e-01 -3.593905055443350260e+00 1.530394969284514461e+00 -2.199892212787777801e+00 -1.112409663575580243e+00 -1.794844820630057347e+00 -1.598972015107548605e+00 -2.765388134972084355e+00 4.650147154035803254e+00 -2.953281646960862705e+00 -3.722862762830531747e+00 2.219225512868707284e+00 -1.568956660927078639e+00 -1.936206831109391402e+00 4.204659342550712969e-02 -1.551105411129927836e+00 -3.860942358978463051e+00 -1.782329077663469930e+00 6.435865644792131413e-01 1.261082641563359141e+00 1.984695413719657964e+00 -8.897307780048654413e-01 1.579168205944800230e+00 -5.862579899915486281e-02 -2.365556578001636323e-01 1.894917293592072616e+00 -9.882215909272615839e-01 5.444908341636992333e+00 -8.338097112802257405e-01 -3.713285639205637700e+00 5.595415370524239318e-01 -3.431953031292411804e+00 1.002641645126895575e+00 3.601686162945188396e+00 1.631326582418319626e+00 -3.201862421471642906e-01 -4.039125499156683397e+00 -1.960184316533404081e+00 -1.387662250661173546e+00 1.666570825230423658e+00 -3.333886304388840038e+00 -2.865112019087591388e+00 -1.266967202474638954e-01 1.262571533346350527e+00 2.347317284642872759e-01 4.713740293549787630e+00 -9.421191677603319992e-01 -4.893916831624353314e+00 2.458603570436773911e+00 6.900833541370697821e-01 2.918832686974151880e+00 -1.513679266521081868e+00 -2.554627366456683202e+00 2.355265726658086478e-01 8.918232418839676656e-01
1.764022983156970703e+00 2.240878530551849046e+00 9.500551661045703034e-01 4.105933866114105379e-01 7.610097585569123302e-01 3.336624389709426652e-01 3.130659856855266820e-01 6.535935829832897337e-01 2.269731833102605734e+00 -1.871817043166626726e-01 1.549423095399522499e-01 -1.980767873767725451e+00 1.230260616609659241e+00 -3.022911551733413194e-01 -1.706253866944668962e+00 -4.380462971593070409e-01 -1.613861429111358436e+00 3.868986937488323452e-01 -2.816953320292471877e-02 3.026602664190092828e-01 -6.724493485945486348e-01 -1.726241684994004766e+00 -1.630155948712660896e+00 5.193618541737556049e-02 1.139385182277495190e+00 -6.847652687564207419e-01 -3.115555551390061240e-01 9.008096536330182369e-01 1.488241610819160066e+00 -1.799179028146553616e-01 -4.031443393344158466e-01 9.765247154263260176e-01 1.049660361630532293e-02 4.019837255439449586e-01 -1.270471791589018018e+00 1.943592884119320408e+00 1.922930274183554111e+00 9.060346209434321230e-01 -2.679260012910594235e-01 -1.550253661958482521e-01 3.764135140611006292e-01 1.326353605787111700e+00 -4.351448164549841513e-01 4.074485919534950873e-01 -6.743594080290914450e-01 6.764077649604959275e-01 3.960117388113319481e-01 4.393936735098766810e-01 2.383122909386953481e+00 1.116995569174498826e+00 -6.823589553649601902e-02 -8.263878286263417472e-01 1.126607257459231848e+00 -4.378104080851907276e-01 9.493963088274708362e-01 8.443367324697154119e-01 1.187975194969831172e+00 3.187382445839432865e-01 -1.034235595598174129e+00 -6.894725499262150947e-01 -3.539840682559057261e-01 -2.223379618396131630e+00 -1.104338528622084592e+00 1.542982771951693088e+00 -3.927493404979019720e-02 -1.715806080632272523e-01 2.163215272448265836e+00 -2.393705103583938232e-01 6.401236251161714907e-01 -7.380061040887002655e-01 9.102597551416842236e-01 -4.664109357969319358e-01 -1.701868242565841155e-02 -4.226061379085729180e-02 -4.635891555203503489e-01 6.326376432356346780e-02 -5.972912123161046027e-01 -4.932969263640925583e-01 -1.156164380672169756e+00 -2.069953202070927478e+00 -6.374167748286267976e-01 -2.977911285251737539e-01 1.152301352404098589e+00 -1.466397877063419619e+00 1.419612342218833922e-01 6.947317784669843066e-01 -1.582910381141933165e+00 -5.068320064837569250e-01 -1.936262784238823587e+00 8.842200035044464612e-02 3.990455562669794065e-01 3.898681476158410431e-01 4.937337214556223319e-01 2.064465731092366418e+00 -6.920187991348192291e-01 6.088326312898081349e-01 6.898044698755754212e-01 -4.810200818688682989e-01 -1.359584184364548420e-01 5.829264071785431600e-01
4.001473280845720959e-01 1.867542703906317492e+00 -1.513565678190693098e-01 1.440427968466896913e-01 1.216778084233930551e-01 1.494045194569481039e+00 -8.540865032175231075e-01 8.644264532244014809e-01 -1.454352078064633735e+00 1.532758069531885425e+00 3.781542726503823171e-01 -3.478979556274228169e-01 1.202357312648889787e+00 -1.048525742464475385e+00 1.950756814837243835e+00 -1.252760933495299600e+00 -2.127202065055444624e-01 -5.108024948612147620e-01 4.283242112272317992e-01 -6.343506641180637340e-01 -3.595214067484054921e-01 1.774306823850161363e-01 4.627814112190745677e-01 7.290604442183682421e-01 -1.234802370713393049e+00 -8.707666529914629416e-01 5.615681979349321229e-02 4.656483776973716626e-01 1.895872739821117259e+00 -1.070733899131374178e+00 1.222417450369101655e+00 3.562903028924115922e-01 1.785828735003571754e+00 1.883127738411361607e+00 9.693648522703403048e-01 -4.136153142990318110e-01 1.480506694189604122e+00 -8.612160085009257227e-01 8.024023535860413947e-01 6.141517261279905160e-01 -1.099360390053286229e+00 -6.945580416327991058e-01 1.849227933731067530e+00 -7.698934980685023799e-01 3.178903754178255547e-02 5.765799098348229901e-01 -1.093029218484465659e+00 1.666661512314555060e-01 9.444765006696769216e-01 -1.315879625647274676e+00 1.713313947878319921e+00 -9.842381026703593550e-02 -1.079909474858390395e+00 -4.980249617420143271e-01 8.755200316780960279e-02 -1.000187908735839182e+00 3.169374936910756557e-01 8.568115028916237774e-01 6.815682924630972472e-01 -4.555155316292766599e-01 -1.374902941997557804e+00 6.252265510838855844e-01 5.216078024003473895e-02 -1.292835435527235122e+00 -1.168055867526948788e+00 7.717546445611016548e-01 1.336515986859456051e+00 1.099618895398033480e+00 -1.616916167479780064e+00 2.799081160144323843e-01 3.172586083109040778e-01 -9.444033283440524951e-01 3.791479507550153394e-01 -9.559053298092553552e-01 4.814625037795318696e-01 1.565105107131641304e-01 -2.379122769551208216e-01 -5.428461861299291868e-01 7.811910595536289970e-01 4.262393726305175323e-01 -3.973065013078724284e-01 -3.090040066228554871e-01 1.079603376022300498e+00 5.210434747313336112e-01 -3.193195241957077490e-01 -7.255970183392546069e-01 6.103638864786494755e-01 -5.962558454839413935e-01 1.887900661211681652e-01 -3.108782237782832247e-01 -2.772580629628829119e+00 -6.523503728355001252e-01 -1.161066405443931249e-01 -1.105342580109632405e-01 1.536343852223386763e+00 -1.045232624211821948e+00 1.301808667243086193e+00 2.303892209506418265e+00 1.136865523445122150e+00 -3.994366470774849964e-01
9.787229500604496257e-01 -9.772698908164829668e-01 -1.032102706093136618e-01 1.454236300465142406e+00 4.438676387144837032e-01 -2.051576030267069917e-01 -2.552963365255606298e+00 -7.421396826563585458e-01 4.575778667221237772e-02 1.469332779873975037e+00 -8.877622409419640981e-01 1.563420780238452545e-01 -3.873339086019697564e-01 -1.419990920518560795e+00 -5.096499758882134801e-01 7.774719365934542603e-01 -8.954490583751335553e-01 -1.180613472733305302e+00 6.652713542250622558e-02 -3.627933926308086199e-01 -8.131139703871945734e-01 -4.017910983642600797e-01 -9.072876477610172241e-01 1.289778674357411059e-01 4.023251549936701088e-01 -5.788216514056268025e-01 -1.165123354276169865e+00 -1.536212170528797660e+00 1.178770280874926080e+00 1.054413102805481728e+00 2.082707532124519478e-01 7.066755623950681242e-01 1.269063475477315572e-01 -1.347739011727577152e+00 -1.173098946149651489e+00 -7.474451940354133184e-01 1.867545325301623649e+00 1.910039843471447840e+00 9.471521991150924080e-01 9.221477439006583454e-01 2.982334392079005192e-01 -1.496316488989034854e-01 6.722760317025424648e-01 5.392202145637727817e-01 -6.358433450311704593e-01 -2.082971448706807671e-01 -1.491231231857296891e+00 6.349999037150133585e-01 -9.128126504794349394e-01 -4.615751491327669265e-01 -7.447401783103919648e-01 -6.634673749246648988e-01 -1.147457063709623748e+00 1.929506355919637040e+00 -1.225417134733255642e+00 -1.544734661692756417e+00 9.208135068370719711e-01 -6.510102141880911297e-01 -8.033989536870380643e-01 1.739908089124939800e-02 -6.436031044199721496e-01 -1.602040666390756263e+00 -7.395448264675835714e-01 2.670446940732084662e-01 5.232622117027992958e-01 8.235557968834197329e-01 -3.691844477443043115e-01 6.552459288119441005e-01 -2.432595970590678558e-02 -9.816392584508880359e-02 7.861915797174524601e-01 -4.100515688225018218e-01 2.259282091711133145e+00 -3.459752547870313388e-01 -1.540761004785726529e+00 2.321659211576289628e-01 -1.424026339550193088e+00 4.160101438899322379e-01 1.494462437114661091e+00 6.768857293641364903e-01 -1.328232630372245260e-01 -1.675959083549186657e+00 -8.133401454521983487e-01 -5.758015319787184172e-01 6.915002843120070519e-01 -1.383342627755965726e+00 -1.188819533031023834e+00 -5.257706128526803274e-02 5.238850506004734120e-01 9.739743006278352155e-02 1.955903738087660937e+00 -3.908729478214770237e-01 -2.030650946404577883e+00 1.020159742985271567e+00 2.863386343803009937e-01 1.211117169442228914e+00 -6.280755254087857509e-01 -1.060004798043920671e+00 9.773459478352916618e-02 3.700441654294499561e-01
