# 
#                 ----------------------------------------------------
#                 Data from a 3D direct N-body simulation. 
# 
#                 rows are i-particle; 
#                 coumns are :mass, tag, x ,y, z, vx, vy, vz, ax, ay, az
# 
#                 NTHU, Computational Physics Lab
# 
#                 ----------------------------------------------------
#                 Time = 3.2999999999999736
1.000000000000000000e+00 2.000000000000000000e+00 3.000000000000000000e+00 4.000000000000000000e+00 5.000000000000000000e+00 6.000000000000000000e+00 7.000000000000000000e+00 8.000000000000000000e+00 9.000000000000000000e+00 1.000000000000000000e+01 1.100000000000000000e+01 1.200000000000000000e+01 1.300000000000000000e+01 1.400000000000000000e+01 1.500000000000000000e+01 1.600000000000000000e+01 1.700000000000000000e+01 1.800000000000000000e+01 1.900000000000000000e+01 2.000000000000000000e+01 2.100000000000000000e+01 2.200000000000000000e+01 2.300000000000000000e+01 2.400000000000000000e+01 2.500000000000000000e+01 2.600000000000000000e+01 2.700000000000000000e+01 2.800000000000000000e+01 2.900000000000000000e+01 3.000000000000000000e+01 3.100000000000000000e+01 3.200000000000000000e+01 3.300000000000000000e+01 3.400000000000000000e+01 3.500000000000000000e+01 3.600000000000000000e+01 3.700000000000000000e+01 3.800000000000000000e+01 3.900000000000000000e+01 4.000000000000000000e+01 4.100000000000000000e+01 4.200000000000000000e+01 4.300000000000000000e+01 4.400000000000000000e+01 4.500000000000000000e+01 4.600000000000000000e+01 4.700000000000000000e+01 4.800000000000000000e+01 4.900000000000000000e+01 5.000000000000000000e+01 5.100000000000000000e+01 5.200000000000000000e+01 5.300000000000000000e+01 5.400000000000000000e+01 5.500000000000000000e+01 5.600000000000000000e+01 5.700000000000000000e+01 5.800000000000000000e+01 5.900000000000000000e+01 6.000000000000000000e+01 6.100000000000000000e+01 6.200000000000000000e+01 6.300000000000000000e+01 6.400000000000000000e+01 6.500000000000000000e+01 6.600000000000000000e+01 6.700000000000000000e+01 6.800000000000000000e+01 6.900000000000000000e+01 7.000000000000000000e+01 7.100000000000000000e+01 7.200000000000000000e+01 7.300000000000000000e+01 7.400000000000000000e+01 7.500000000000000000e+01 7.600000000000000000e+01 7.700000000000000000e+01 7.800000000000000000e+01 7.900000000000000000e+01 8.000000000000000000e+01 8.100000000000000000e+01 8.200000000000000000e+01 8.300000000000000000e+01 8.400000000000000000e+01 8.500000000000000000e+01 8.600000000000000000e+01 8.700000000000000000e+01 8.800000000000000000e+01 8.900000000000000000e+01 9.000000000000000000e+01 9.100000000000000000e+01 9.200000000000000000e+01 9.300000000000000000e+01 9.400000000000000000e+01 9.500000000000000000e+01 9.600000000000000000e+01 9.700000000000000000e+01 9.800000000000000000e+01 9.900000000000000000e+01 1.000000000000000000e+02
2.000000000000000111e-01 2.000000000000000111e-01 2.000000000000000111e-01 2.000000000000000111e-01 2.000000000000000111e-01 2.000000000000000111e-01 2.000000000000000111e-01 2.000000000000000111e-01 2.000000000000000111e-01 2.000000000000000111e-01 2.000000000000000111e-01 2.000000000000000111e-01 2.000000000000000111e-01 2.000000000000000111e-01 2.000000000000000111e-01 2.000000000000000111e-01 2.000000000000000111e-01 2.000000000000000111e-01 2.000000000000000111e-01 2.000000000000000111e-01 2.000000000000000111e-01 2.000000000000000111e-01 2.000000000000000111e-01 2.000000000000000111e-01 2.000000000000000111e-01 2.000000000000000111e-01 2.000000000000000111e-01 2.000000000000000111e-01 2.000000000000000111e-01 2.000000000000000111e-01 2.000000000000000111e-01 2.000000000000000111e-01 2.000000000000000111e-01 2.000000000000000111e-01 2.000000000000000111e-01 2.000000000000000111e-01 2.000000000000000111e-01 2.000000000000000111e-01 2.000000000000000111e-01 2.000000000000000111e-01 2.000000000000000111e-01 2.000000000000000111e-01 2.000000000000000111e-01 2.000000000000000111e-01 2.000000000000000111e-01 2.000000000000000111e-01 2.000000000000000111e-01 2.000000000000000111e-01 2.000000000000000111e-01 2.000000000000000111e-01 2.000000000000000111e-01 2.000000000000000111e-01 2.000000000000000111e-01 2.000000000000000111e-01 2.000000000000000111e-01 2.000000000000000111e-01 2.000000000000000111e-01 2.000000000000000111e-01 2.000000000000000111e-01 2.000000000000000111e-01 2.000000000000000111e-01 2.000000000000000111e-01 2.000000000000000111e-01 2.000000000000000111e-01 2.000000000000000111e-01 2.000000000000000111e-01 2.000000000000000111e-01 2.000000000000000111e-01 2.000000000000000111e-01 2.000000000000000111e-01 2.000000000000000111e-01 2.000000000000000111e-01 2.000000000000000111e-01 2.000000000000000111e-01 2.000000000000000111e-01 2.000000000000000111e-01 2.000000000000000111e-01 2.000000000000000111e-01 2.000000000000000111e-01 2.000000000000000111e-01 2.000000000000000111e-01 2.000000000000000111e-01 2.000000000000000111e-01 2.000000000000000111e-01 2.000000000000000111e-01 2.000000000000000111e-01 2.000000000000000111e-01 2.000000000000000111e-01 2.000000000000000111e-01 2.000000000000000111e-01 2.000000000000000111e-01 2.000000000000000111e-01 2.000000000000000111e-01 2.000000000000000111e-01 2.000000000000000111e-01 2.000000000000000111e-01 2.000000000000000111e-01 2.000000000000000111e-01 2.000000000000000111e-01 2.000000000000000111e-01
1.726650569964779436e+01 2.193391130075544737e+01 9.299369268752707640e+00 4.018936565505782710e+00 7.448954473381432351e+00 3.265969635050578468e+00 3.064314903095359810e+00 6.397543425897738167e+00 2.221637327663622230e+01 -1.832155612424183344e+00 1.516611045109960587e+00 -1.938801132505638947e+01 1.204201680239925487e+01 -2.958904338603502104e+00 -1.670098741091080541e+01 -4.287772172656111991e+00 -1.579675547688601966e+01 3.787004557313763176e+00 -2.757942110458432294e-01 2.961423449521694895e+00 -6.582028529239615899e+00 -1.689676363818621496e+01 -1.595627974497985591e+01 5.084043381068720224e-01 1.115244389015242099e+01 -6.702761755786748488e+00 -3.049504822769894208e+00 8.817261965257598533e+00 1.456704116041767527e+01 -1.761083333839324583e+00 -3.946175234471107629e+00 9.558897937621933849e+00 1.027599638678194233e-01 3.934667629685530965e+00 -1.243551362708890906e+01 1.902413906608027716e+01 1.882180192507165373e+01 8.868367049967442739e+00 -2.622896155007653274e+00 -1.517312519674972604e+00 3.684419999397187340e+00 1.298259195958221213e+01 -4.259266980139322811e+00 3.988199602904645591e+00 -6.600517346065717383e+00 6.620852607581492855e+00 3.876155218858946316e+00 4.300796461088823186e+00 2.332624574121163974e+01 1.093332176019281832e+01 -6.679275753178721686e-01 -8.089002655581664314e+00 1.102744488896124686e+01 -4.285362852643578968e+00 9.292872482460758476e+00 8.264553642676014888e+00 1.162825912142508855e+01 3.119767963172180636e+00 -1.012318933863438453e+01 -6.749014053894118348e+00 -3.464867575116411302e+00 -2.176267954349483702e+01 -1.080956573861093695e+01 1.510296651454063266e+01 -3.844681245776546685e-01 -1.679252130939065113e+00 2.117377229658499616e+01 -2.343017911501403816e+00 6.265605246838508613e+00 -7.223776267551197172e+00 8.909225811360780511e+00 -4.565298176267159391e+00 -1.665891810217741409e-01 -4.136300713175342092e-01 -4.537671116817155514e+00 6.192192108146515883e-01 -5.846452154170923343e+00 -4.828540495846110225e+00 -1.131669345966471241e+01 -2.026097943091690823e+01 -6.239177973089022444e+00 -2.914793092459978752e+00 1.127894843708437911e+01 -1.435332035753282298e+01 1.389479530957578257e+00 6.800164327204353043e+00 -1.549375913280159622e+01 -4.960811430397061628e+00 -1.895233000800315182e+01 8.654794343821643476e-01 3.905882172858023971e+00 3.817280531081385764e+00 4.832734397344549571e+00 2.020724213221412668e+01 -6.773684364342249076e+00 5.959345489434033638e+00 6.751915515915007937e+00 -4.708287084464870098e+00 -1.330720130214531283e+00 5.705861931599502057e+00
3.916716074696960703e+00 1.827968493949577322e+01 -1.481489155299683835e+00 1.409902331154698318e+00 1.190973206978843901e+00 1.462397429567607610e+01 -8.359891895478755330e+00 8.461102628316202967e+00 -1.423534519580267776e+01 1.500282823040544145e+01 3.701438017854415286e+00 -3.405320187870406023e+00 1.176885670909480730e+01 -1.026317123139464016e+01 1.909420682845992090e+01 -1.226227488064566984e+01 -2.082225769433499796e+00 -4.999774807934299403e+00 4.192500671461679929e+00 -6.208899711858411052e+00 -3.519187125589060994e+00 1.736675567316106061e+00 4.529732206587295806e+00 7.136244751779504902e+00 -1.208643555386650092e+01 -8.523274272730148482e+00 5.497123562179152545e-01 4.557866486991403399e+00 1.855698703482195455e+01 -1.048049930423198894e+01 1.196523413639917344e+01 3.487803433018357158e+00 1.748000926410879785e+01 1.843227398476739509e+01 9.488365813128801562e+00 -4.048507423206995526e+00 1.449131781914323902e+01 -8.429678257866957125e+00 7.854249853841063889e+00 6.010952161215358913e+00 -1.076081535409473489e+01 -6.798422519096393835e+00 1.810053118246693060e+01 -7.535879488524918735e+00 3.113797165459037952e-01 5.643652618369737084e+00 -1.069880118751214404e+01 1.631376775493156073e+00 9.244599539752355710e+00 -1.288004748176347647e+01 1.677015990615954877e+01 -9.635341829153198923e-01 -1.057032840228751169e+01 -4.874734172096769846e+00 8.569592192260813146e-01 -9.790039280746759331e+00 3.102228018203518012e+00 8.386618308097713026e+00 6.671367913322693965e+00 -4.458701601396302117e+00 -1.345788310045281833e+01 6.119775533437455728e+00 5.105758310248608156e-01 -1.265445529357448429e+01 -1.143319497516694661e+01 7.554169379775561133e+00 1.308195070974426955e+01 1.076334725875592646e+01 -1.582667431723310081e+01 2.739844755246309216e+00 3.105122183127918767e+00 -9.244101703396898628e+00 3.711139792535395721e+00 -9.356666061010431079e+00 4.712682777647237309e+00 1.531910981598266330e+00 -2.328748945051376307e+00 -5.313489208657653506e+00 7.646375652946242774e+00 4.172158133623308451e+00 -3.888666227421561317e+00 -3.024595668808725435e+00 1.056729501696254658e+01 5.100116596206480502e+00 -3.125564090350051671e+00 -7.102181862400182233e+00 5.974356945138551644e+00 -5.836500208539894707e+00 1.847823896098305996e+00 -3.042935053136134105e+00 -2.713822413421480917e+01 -6.385556422219894834e+00 -1.136442832588476559e+00 -1.081949831666452200e+00 1.503799197318517145e+01 -1.023090259257798884e+01 1.274237369598717962e+01 2.255074602869742861e+01 1.112783785995572927e+01 -3.909773572014028975e+00
9.579871368961420330e+00 -9.565610234475684592e+00 -1.010274206610510594e+00 1.423434104492244856e+01 4.344574549293251486e+00 -2.008096488829052451e+00 -2.498867768401408895e+01 -7.264238854309836846e+00 4.478834984789697993e-01 1.438204481481782970e+01 -8.689589723787268127e+00 1.530321753256996598e+00 -3.791204892499918877e+00 -1.389908984140445369e+01 -4.988491506884922266e+00 7.610034894559605689e+00 -8.764795851542464433e+00 -1.155600600447072246e+01 6.511167266505800688e-01 -3.550754167228596270e+00 -7.958976861507663259e+00 -3.932695798724223923e+00 -8.880635451880914744e+00 1.262469389883215998e+00 3.938068870879363192e+00 -5.665688429769049073e+00 -1.140443046076581801e+01 -1.503669384634111594e+01 1.153791324164587095e+01 1.032085934686940831e+01 2.038587645984812013e+00 6.916415715372604467e+00 1.242197086488090019e+00 -1.319184645261503164e+01 -1.148248486798955170e+01 -7.316083513988894005e+00 1.827970157040981292e+01 1.869570277508167777e+01 9.271318610139200445e+00 9.026350423054406491e+00 2.919149702023144499e+00 -1.464617869748498613e+00 6.580373791800732342e+00 5.278072850537278704e+00 -6.223681394077274831e+00 -2.038831675087333206e+00 -1.459638998527009335e+01 6.215583214180337990e+00 -8.934708214062405673e+00 -4.517972336867810412e+00 -7.289634166030787732e+00 -6.494111498050301634e+00 -1.123143047238186654e+01 1.888624518850838285e+01 -1.199454469904176790e+01 -1.512013931339861728e+01 9.013216417987145235e+00 -6.372204610711243333e+00 -7.863767687330112999e+00 1.707409404040416412e-01 -6.299703009631537398e+00 -1.568094703209537677e+01 -7.238801082496008732e+00 2.613880580505895779e+00 5.121795688991362283e+00 8.060722901348730929e+00 -3.613581564667199597e+00 6.413677243416136875e+00 -2.381046104167385269e-01 -9.607594056642166924e-01 7.696028340029303472e+00 -4.013595000502544252e+00 2.211411292737694367e+01 -3.386458745123653635e+00 -1.508124263351015237e+01 2.272534286378002477e+00 -1.393863001863092066e+01 4.072146254193747872e+00 1.462799392814575938e+01 6.625513319933867606e+00 -1.300394147870990835e+00 -1.640461582766023696e+01 -7.961145851990401034e+00 -5.635900032923348846e+00 6.768649673070152417e+00 -1.354034341435941258e+01 -1.163644222604458101e+01 -5.145735153328538924e-01 5.127845725973812385e+00 9.533458749975375346e-01 1.914453044032470075e+01 -3.826323842588803981e+00 -1.987629627187262216e+01 9.985445477966191419e+00 2.802724505360894014e+00 1.185462915595746480e+01 -6.147700442784857167e+00 -1.037544024016820821e+01 9.565784630530708155e-01 3.622074884646541371e+00
7.602976362927430287e+00 9.658205103219861698e+00 4.094780011882313886e+00 1.769663995326361983e+00 3.279987591019644988e+00 1.438100216217021554e+00 1.349316578439816894e+00 2.817020121111876385e+00 9.782573156534272840e+00 -8.067558717248743960e-01 6.678078542023717645e-01 -8.537145865236247744e+00 5.302461454101498717e+00 -1.302889610778713569e+00 -7.353974905791310412e+00 -1.888015120519576096e+00 -6.955789029169106463e+00 1.667538203122533869e+00 -1.214268174104117803e-01 1.304226433762985637e+00 -2.898270793882707697e+00 -7.440153647881961874e+00 -7.026026006078605057e+00 2.238566610594393824e-01 4.910769831214257586e+00 -2.951395255194464884e+00 -1.342800601885825840e+00 3.882510993909324526e+00 6.414334788314710600e+00 -7.754549694875965127e-01 -1.737593530761674998e+00 4.208966767628071537e+00 4.524470302373666958e-02 1.732557020057857278e+00 -5.475750201106174941e+00 8.376921287688723794e+00 8.287844413042526170e+00 3.905021968714378566e+00 -1.154859364150076395e+00 -6.681399239657888067e-01 1.622357513354355962e+00 5.716625066581333847e+00 -1.875485257082607271e+00 1.756120258204997286e+00 -2.906455065514307101e+00 2.915349902867502951e+00 1.706804208501065734e+00 1.893784227019948974e+00 1.027128751958185937e+01 4.814277226558874467e+00 -2.941039640646115894e-01 -3.561795968942508939e+00 4.855713698147433810e+00 -1.886975102239403457e+00 4.091929215922681884e+00 3.639124659959470431e+00 5.120242456397734010e+00 1.373748377329840675e+00 -4.457564623271699666e+00 -2.971724808734863554e+00 -1.525683839714637724e+00 -9.582796055061741924e+00 -4.759755990688942617e+00 6.650296178906391908e+00 -1.692849826165424565e-01 -7.394688714745851765e-01 9.323484094200079397e+00 -1.031697911361316944e+00 2.758942862452927969e+00 -3.180837823564961031e+00 3.923116829251069859e+00 -2.010241501662950458e+00 -7.335272104712352303e-02 -1.821388467365283592e-01 -1.998077924003499595e+00 2.726645753156390350e-01 -2.574356705573812132e+00 -2.126138919502064351e+00 -4.983091414712389700e+00 -8.921538732092624713e+00 -2.747292027748954535e+00 -1.283479447372818827e+00 4.966457213759810863e+00 -6.320208455802009517e+00 6.118426653770643320e-01 2.994316027702418115e+00 -6.822379337304773195e+00 -2.184426061689255683e+00 -8.345314225963786470e+00 3.810989316502610968e-01 1.719887350410433502e+00 1.680617793319266307e+00 2.128002574497893651e+00 8.897881770059971274e+00 -2.982640471693266626e+00 2.624082874526065368e+00 2.973074664241211362e+00 -2.073205492860433097e+00 -5.859697073735011807e-01 2.512447464819641763e+00
1.724647536978075824e+00 8.049128475037546693e+00 -6.523476210179780521e-01 6.208254381737973171e-01 5.244278071196797342e-01 6.439377831387424145e+00 -3.681124563327022425e+00 3.725690395182723602e+00 -6.268274730875729617e+00 6.606214144218257367e+00 1.629855392864502983e+00 -1.499458221887178588e+00 5.182188649714044359e+00 -4.519180536376789625e+00 8.407785478366635701e+00 -5.399443362378903544e+00 -9.168495937399794293e-01 -2.201562110372066172e+00 1.846087081488234638e+00 -2.734015065068590822e+00 -1.549577607686774217e+00 7.647204728066709922e-01 1.994588954955307303e+00 3.142288779606090543e+00 -5.322028010567860790e+00 -3.753043019796142854e+00 2.420467210863087304e-01 2.006962373733131688e+00 8.171232390858738981e+00 -4.614886892032911803e+00 5.268654302337443696e+00 1.535707882974367111e+00 7.696974902631614768e+00 8.116309721543132127e+00 4.178002986278047004e+00 -1.782686662868655514e+00 6.380994139518044506e+00 -3.711853290711340403e+00 3.458422804477514045e+00 2.646902011325956483e+00 -4.738294610094231807e+00 -2.993557633339122948e+00 7.970217871676548604e+00 -3.318269659982008513e+00 1.370635044094225541e-01 2.485073268453128925e+00 -4.710996956502695454e+00 7.183404425662389681e-01 4.070697512002357854e+00 -5.671476487255535659e+00 7.384419672464139772e+00 -4.242431040892381544e-01 -4.654437830244698482e+00 -2.146497099829775657e+00 3.773481657838049785e-01 -4.310844747584245518e+00 1.366007100478667358e+00 3.692881855499754895e+00 2.937592660465247363e+00 -1.963293504326305339e+00 -5.925893110592858726e+00 2.694732660556313331e+00 2.248184248408285069e-01 -5.572148010122636386e+00 -5.034368598293023744e+00 3.326308137701381451e+00 5.760399101836430447e+00 4.739409149315804370e+00 -6.968959345419653673e+00 1.206424921743022960e+00 1.367333282797435157e+00 -4.070432884768849569e+00 1.634132476349874574e+00 -4.120002373197249490e+00 2.075127492708207733e+00 6.745552536863493875e-01 -1.025413923450315234e+00 -2.339686488026262001e+00 3.366942413742800788e+00 1.837116290740688385e+00 -1.712346950470660101e+00 -1.331818655328836698e+00 4.653109882609478554e+00 2.245724567079356859e+00 -1.376278447789003545e+00 -3.127323606489371688e+00 2.630688034177421031e+00 -2.569936628382824217e+00 8.136706130482344035e-01 -1.339895242343359216e+00 -1.194983792081611185e+01 -2.811704060655419113e+00 -5.004161884685421890e-01 -4.764107822672816184e-01 6.621684186338995026e+00 -4.504978963011988746e+00 5.610843078850253463e+00 9.929806535241725740e+00 4.899923234733774891e+00 -1.721587680476744930e+00
4.218315015534008339e+00 -4.212043379535907128e+00 -4.448471687475240022e-01 6.267805725918320192e+00 1.913063924980093589e+00 -8.842301085084572909e-01 -1.100330570975333089e+01 -3.198654223945448738e+00 1.972169888199601373e-01 6.332857301628475710e+00 -3.826285123738725424e+00 6.738431114068256234e-01 -1.669400136648569344e+00 -6.120195192135557072e+00 -2.196594198629997940e+00 3.350927448363724803e+00 -3.859407678964150712e+00 -5.088467840284156551e+00 2.867193589846451229e-01 -1.563573170893659325e+00 -3.504562264456081433e+00 -1.731706722887225824e+00 -3.910423377267727485e+00 5.559010162445805481e-01 1.734042363771661988e+00 -2.494756908702185694e+00 -5.021715308055475724e+00 -6.621114495802599365e+00 5.080511713888015812e+00 4.544569545145304090e+00 8.976523140638490439e-01 3.045641582742367515e+00 5.469736571713288420e-01 -5.808780613363609291e+00 -5.056087533067021411e+00 -3.221501005221192315e+00 8.049137675499069999e+00 8.232303627184975880e+00 4.082352734910229763e+00 3.974531644220731685e+00 1.285392138747075030e+00 -6.449160803165956413e-01 2.897533487188365786e+00 2.324075939793606160e+00 -2.740488289758960860e+00 -8.977627407847910135e-01 -6.427240100793012445e+00 2.736889647991228358e+00 -3.934234688579224759e+00 -1.989400906220710752e+00 -3.209848773408856992e+00 -2.859558248863615315e+00 -4.945554668023178557e+00 8.316205043228126925e+00 -5.281571207694125469e+00 -6.657852682807746447e+00 3.968763789784193197e+00 -2.805873562303269342e+00 -3.462663098069053369e+00 7.509177873576784734e-02 -2.773948816724545630e+00 -6.904816856976767170e+00 -3.187461287047037128e+00 1.150970477138783643e+00 2.255278489670859976e+00 3.549459871390117982e+00 -1.591181654008381186e+00 2.824132570514039653e+00 -1.048450955829988013e-01 -4.230693226017784303e-01 3.388658981767391776e+00 -1.767319878508942343e+00 9.737539939650497800e+00 -1.491161632962757944e+00 -6.640725680954513876e+00 1.000654323957754999e+00 -6.137597443949871945e+00 1.793054416247304772e+00 6.441161191416714615e+00 2.917405833028445805e+00 -5.725410825848636920e-01 -7.223440470500084309e+00 -3.505526663502740448e+00 -2.481687371976183609e+00 2.980415097476118547e+00 -5.962233822398594896e+00 -5.123862657879607596e+00 -2.265947277007691052e-01 2.257952157014250005e+00 4.197863999083317199e-01 8.429955999563247815e+00 -1.684764585518047530e+00 -8.752148167960687175e+00 4.396904969055752233e+00 1.234125935939142549e+00 5.219950727100308718e+00 -2.707020804018594351e+00 -4.568634686440895543e+00 4.212238722151134263e-01 1.594905246320452719e+00
1.764019219217037193e+00 2.240876650261291569e+00 9.500509036199809021e-01 4.105927309069448139e-01 7.610061734073708672e-01 3.336609149703642085e-01 3.130657657284612871e-01 6.535903760227923520e-01 2.269728911635106261e+00 -1.871814292714264749e-01 1.549416537302469865e-01 -1.980764208368463564e+00 1.230256762634403866e+00 -3.022896687593308873e-01 -1.706251774498704687e+00 -4.380427069409495999e-01 -1.613856760674650337e+00 3.868982063375355218e-01 -2.816790529561894255e-02 3.026846142671658635e-01 -6.724479262458322726e-01 -1.726236439745584494e+00 -1.630150513311999116e+00 5.193500438891793941e-02 1.139383195368979917e+00 -6.847595215591604223e-01 -3.115559428577848733e-01 9.008074958379709285e-01 1.488240254253103689e+00 -1.799170142679962781e-01 -4.031401581937078538e-01 9.765099981934877160e-01 1.049616557125146801e-02 4.019830028329394733e-01 -1.270470098774712397e+00 1.943589256266980758e+00 1.922928767719912280e+00 9.060333342981549132e-01 -2.679160660860143151e-01 -1.550273287027452984e-01 3.764119734795631222e-01 1.326349466489728623e+00 -4.351436967234406095e-01 4.074468941438488812e-01 -6.743628433329114102e-01 6.764044922610725763e-01 3.960123834696841483e-01 4.393939269581501605e-01 2.383120106554246664e+00 1.116992913280692390e+00 -6.823516357881104222e-02 -8.263813224208563790e-01 1.126603582851464891e+00 -4.378091728020304663e-01 9.493931684625283030e-01 8.443333678379197904e-01 1.187968193651840254e+00 3.187396031807355756e-01 -1.034234667037937649e+00 -6.894626415228142235e-01 -3.539828065468534901e-01 -2.223376601686294585e+00 -1.104332783274184493e+00 1.542978692308264455e+00 -3.927392335412840246e-02 -1.715850146666026421e-01 2.163212622003630070e+00 -2.393693992821327443e-01 6.401226123374191834e-01 -7.380029243746862866e-01 9.102701834337286746e-01 -4.664098908436677404e-01 -1.701846048188419835e-02 -4.226105772665296467e-02 -4.635882813985312545e-01 6.326399107729994975e-02 -5.972880255774229985e-01 -4.932939835984098131e-01 -1.156162066776113884e+00 -2.069949122262241481e+00 -6.374141822469729934e-01 -2.977911608004846777e-01 1.152297479412619952e+00 -1.466394486667093489e+00 1.419622689895132794e-01 6.947295525128778237e-01 -1.582906789808184556e+00 -5.068340180779553616e-01 -1.936260602905404804e+00 8.842198928804777258e-02 3.990454550824910629e-01 3.898390812628825808e-01 4.937326888029091587e-01 2.064462253342239428e+00 -6.920148187829747721e-01 6.088311951704828973e-01 6.898027144319907045e-01 -4.810191798673488228e-01 -1.359595371736678215e-01 5.829229109138257536e-01
4.001460614903085133e-01 1.867540744422191645e+00 -1.513564857508423178e-01 1.440426975994124059e-01 1.216781666962510888e-01 1.494040851771171186e+00 -8.540853192837215557e-01 8.644252042050619700e-01 -1.454350335190921939e+00 1.532755359057621503e+00 3.781532155626629033e-01 -3.478961361341101344e-01 1.202354423745790823e+00 -1.048522252853985925e+00 1.950754433112785513e+00 -1.252756520248322625e+00 -2.127176331657610331e-01 -5.108021563358324801e-01 4.283232297261189148e-01 -6.343543680032618370e-01 -3.595173351045901078e-01 1.774312645470060568e-01 4.627813035513471673e-01 7.290565825192757421e-01 -1.234799364832116053e+00 -8.707627441180666450e-01 5.615572718887365533e-02 4.656465749880684957e-01 1.895870632949405055e+00 -1.070731499343236637e+00 1.222413909539040722e+00 3.562805107702737839e-01 1.785823381926010311e+00 1.883124795442435495e+00 9.693607684594424123e-01 -4.136148443225666771e-01 1.480505656258227942e+00 -8.612147681150867928e-01 8.023954160113786482e-01 6.141610174946315892e-01 -1.099355210881570732e+00 -6.945567831200321063e-01 1.849223345224853654e+00 -7.698906040989130783e-01 3.178370938522506045e-02 5.765785117877622046e-01 -1.093025079046584525e+00 1.666652097006482980e-01 9.444761179077655333e-01 -1.315876063989373845e+00 1.713310259477511810e+00 -9.842012443208686401e-02 -1.079906650395631384e+00 -4.980240017668541852e-01 8.755210094286945688e-02 -1.000184390921316835e+00 3.169368377453029573e-01 8.568090533983493406e-01 6.815649305333590924e-01 -4.555133525568501041e-01 -1.374896743695647627e+00 6.252259229821560682e-01 5.216022872568508439e-02 -1.292832682779289977e+00 -1.168051043722890592e+00 7.717500365043868937e-01 1.336514453431125737e+00 1.099613677317068383e+00 -1.616911055735841041e+00 2.799060029522010828e-01 3.172638233129003726e-01 -9.443978249859172891e-01 3.791474655948491868e-01 -9.559002443360312684e-01 4.814600719597884049e-01 1.565110206567316697e-01 -2.379110651784062946e-01 -5.428442261235630895e-01 7.811901568558505815e-01 4.262368901755771988e-01 -3.973109569168976618e-01 -3.090028576447340081e-01 1.079601425619636457e+00 5.210407310553738514e-01 -3.193183842652675408e-01 -7.255969728278299780e-01 6.103619001210809358e-01 -5.962483804571769852e-01 1.887915372908252620e-01 -3.108772049172380814e-01 -2.772579075172618701e+00 -6.523428697363767848e-01 -1.161069868611485645e-01 -1.105334376519207518e-01 1.536339595987278761e+00 -1.045229965371622827e+00 1.301803851886628616e+00 2.303889070474831602e+00 1.136862211482199791e+00 -3.994350599089298570e-01
9.787210229032029529e-01 -9.772688667262467987e-01 -1.032091705073816534e-01 1.454231531057976756e+00 4.438682043835640023e-01 -2.051575183300553273e-01 -2.552959974674167132e+00 -7.421364343494080140e-01 4.575769302184232862e-02 1.469329448297080676e+00 -8.877592276658688997e-01 1.563411947029239302e-01 -3.873348179150586379e-01 -1.419987457328418579e+00 -5.096496931328953206e-01 7.774695756167875338e-01 -8.954468146764051895e-01 -1.180611074368607127e+00 6.652840688335312502e-02 -3.628001522939724444e-01 -8.131098278381648781e-01 -4.017924012632885233e-01 -9.072862744347487407e-01 1.289772208095011363e-01 4.023230415505040236e-01 -5.788180592114475775e-01 -1.165119959146989403e+00 -1.536208130523514459e+00 1.178769090016156706e+00 1.054408151323788179e+00 2.082702113332258742e-01 7.066887648696841273e-01 1.269056110644266044e-01 -1.347736441658694773e+00 -1.173095810708069786e+00 -7.474439612205413530e-01 1.867543577485322404e+00 1.910036624772876168e+00 9.471393910866097166e-01 9.221401844562793215e-01 2.982328325307744832e-01 -1.496312782344283165e-01 6.722736312680912540e-01 5.392164997810059424e-01 -6.358429960557613336e-01 -2.082969384623105935e-01 -1.491227852700353962e+00 6.349958611970403233e-01 -9.128114230841174459e-01 -4.615739370082088122e-01 -7.447383011590500423e-01 -6.634659756077538884e-01 -1.147455578366849860e+00 1.929503061832259503e+00 -1.225414778269763971e+00 -1.544729990664325703e+00 9.208076958998374639e-01 -6.510082429721759656e-01 -8.033975808055416890e-01 1.738879889371296172e-02 -6.436011432494120887e-01 -1.602038488605282529e+00 -7.395424970231005979e-01 2.670439025602145411e-01 5.232603596361307119e-01 8.235624407135994085e-01 -3.691847823335397960e-01 6.552436471657171468e-01 -2.432593857650240665e-02 -9.816566113892973011e-02 7.861740216143339177e-01 -4.100518102342283755e-01 2.259278648788257016e+00 -3.459744189562615757e-01 -1.540756388757279716e+00 2.321639831976308743e-01 -1.424021908293831906e+00 4.160050283271341520e-01 1.494459603271556691e+00 6.768828694329730444e-01 -1.328158990646612081e-01 -1.675953350308741596e+00 -8.133370540675931570e-01 -5.758032711095487644e-01 6.914953531088184890e-01 -1.383339894086395461e+00 -1.188814439724461103e+00 -5.257831298579951351e-02 5.238842855444673097e-01 9.739707943948867908e-02 1.955902639533692255e+00 -3.908625729786028846e-01 -2.030646649407384263e+00 1.020158080579750104e+00 2.863379864914632478e-01 1.211113564782513752e+00 -6.280739828021066895e-01 -1.060003384839164564e+00 9.773582954790721589e-02 3.700426628673352814e-01
