# 
#                 ----------------------------------------------------
#                 Data from a 3D direct N-body simulation. 
# 
#                 rows are i-particle; 
#                 coumns are :mass, tag, x ,y, z, vx, vy, vz, ax, ay, az
# 
#                 NTHU, Computational Physics Lab
# 
#                 ----------------------------------------------------
#                 Time = 0.0
1.000000000000000000e+00 2.000000000000000000e+00 3.000000000000000000e+00 4.000000000000000000e+00 5.000000000000000000e+00 6.000000000000000000e+00 7.000000000000000000e+00 8.000000000000000000e+00 9.000000000000000000e+00 1.000000000000000000e+01 1.100000000000000000e+01 1.200000000000000000e+01 1.300000000000000000e+01 1.400000000000000000e+01 1.500000000000000000e+01 1.600000000000000000e+01 1.700000000000000000e+01 1.800000000000000000e+01 1.900000000000000000e+01 2.000000000000000000e+01 2.100000000000000000e+01 2.200000000000000000e+01 2.300000000000000000e+01 2.400000000000000000e+01 2.500000000000000000e+01 2.600000000000000000e+01 2.700000000000000000e+01 2.800000000000000000e+01 2.900000000000000000e+01 3.000000000000000000e+01 3.100000000000000000e+01 3.200000000000000000e+01 3.300000000000000000e+01 3.400000000000000000e+01 3.500000000000000000e+01 3.600000000000000000e+01 3.700000000000000000e+01 3.800000000000000000e+01 3.900000000000000000e+01 4.000000000000000000e+01 4.100000000000000000e+01 4.200000000000000000e+01 4.300000000000000000e+01 4.400000000000000000e+01 4.500000000000000000e+01 4.600000000000000000e+01 4.700000000000000000e+01 4.800000000000000000e+01 4.900000000000000000e+01 5.000000000000000000e+01 5.100000000000000000e+01 5.200000000000000000e+01 5.300000000000000000e+01 5.400000000000000000e+01 5.500000000000000000e+01 5.600000000000000000e+01 5.700000000000000000e+01 5.800000000000000000e+01 5.900000000000000000e+01 6.000000000000000000e+01 6.100000000000000000e+01 6.200000000000000000e+01 6.300000000000000000e+01 6.400000000000000000e+01 6.500000000000000000e+01 6.600000000000000000e+01 6.700000000000000000e+01 6.800000000000000000e+01 6.900000000000000000e+01 7.000000000000000000e+01 7.100000000000000000e+01 7.200000000000000000e+01 7.300000000000000000e+01 7.400000000000000000e+01 7.500000000000000000e+01 7.600000000000000000e+01 7.700000000000000000e+01 7.800000000000000000e+01 7.900000000000000000e+01 8.000000000000000000e+01 8.100000000000000000e+01 8.200000000000000000e+01 8.300000000000000000e+01 8.400000000000000000e+01 8.500000000000000000e+01 8.600000000000000000e+01 8.700000000000000000e+01 8.800000000000000000e+01 8.900000000000000000e+01 9.000000000000000000e+01 9.100000000000000000e+01 9.200000000000000000e+01 9.300000000000000000e+01 9.400000000000000000e+01 9.500000000000000000e+01 9.600000000000000000e+01 9.700000000000000000e+01 9.800000000000000000e+01 9.900000000000000000e+01 1.000000000000000000e+02
2.000000000000000111e-01 2.000000000000000111e-01 2.000000000000000111e-01 2.000000000000000111e-01 2.000000000000000111e-01 2.000000000000000111e-01 2.000000000000000111e-01 2.000000000000000111e-01 2.000000000000000111e-01 2.000000000000000111e-01 2.000000000000000111e-01 2.000000000000000111e-01 2.000000000000000111e-01 2.000000000000000111e-01 2.000000000000000111e-01 2.000000000000000111e-01 2.000000000000000111e-01 2.000000000000000111e-01 2.000000000000000111e-01 2.000000000000000111e-01 2.000000000000000111e-01 2.000000000000000111e-01 2.000000000000000111e-01 2.000000000000000111e-01 2.000000000000000111e-01 2.000000000000000111e-01 2.000000000000000111e-01 2.000000000000000111e-01 2.000000000000000111e-01 2.000000000000000111e-01 2.000000000000000111e-01 2.000000000000000111e-01 2.000000000000000111e-01 2.000000000000000111e-01 2.000000000000000111e-01 2.000000000000000111e-01 2.000000000000000111e-01 2.000000000000000111e-01 2.000000000000000111e-01 2.000000000000000111e-01 2.000000000000000111e-01 2.000000000000000111e-01 2.000000000000000111e-01 2.000000000000000111e-01 2.000000000000000111e-01 2.000000000000000111e-01 2.000000000000000111e-01 2.000000000000000111e-01 2.000000000000000111e-01 2.000000000000000111e-01 2.000000000000000111e-01 2.000000000000000111e-01 2.000000000000000111e-01 2.000000000000000111e-01 2.000000000000000111e-01 2.000000000000000111e-01 2.000000000000000111e-01 2.000000000000000111e-01 2.000000000000000111e-01 2.000000000000000111e-01 2.000000000000000111e-01 2.000000000000000111e-01 2.000000000000000111e-01 2.000000000000000111e-01 2.000000000000000111e-01 2.000000000000000111e-01 2.000000000000000111e-01 2.000000000000000111e-01 2.000000000000000111e-01 2.000000000000000111e-01 2.000000000000000111e-01 2.000000000000000111e-01 2.000000000000000111e-01 2.000000000000000111e-01 2.000000000000000111e-01 2.000000000000000111e-01 2.000000000000000111e-01 2.000000000000000111e-01 2.000000000000000111e-01 2.000000000000000111e-01 2.000000000000000111e-01 2.000000000000000111e-01 2.000000000000000111e-01 2.000000000000000111e-01 2.000000000000000111e-01 2.000000000000000111e-01 2.000000000000000111e-01 2.000000000000000111e-01 2.000000000000000111e-01 2.000000000000000111e-01 2.000000000000000111e-01 2.000000000000000111e-01 2.000000000000000111e-01 2.000000000000000111e-01 2.000000000000000111e-01 2.000000000000000111e-01 2.000000000000000111e-01 2.000000000000000111e-01 2.000000000000000111e-01 2.000000000000000111e-01
1.781781072034665181e+00 2.263414175848449617e+00 9.596368061104268987e-01 4.147250168811153492e-01 7.686861542752215781e-01 3.370277543603401593e-01 3.162140320519100101e-01 6.601874623160416400e-01 2.292565657950941471e+00 -1.890650477178643374e-01 1.565046473234324165e-01 -2.000703472719864262e+00 1.242655102058822569e+00 -3.053408932146790544e-01 -1.723418206035249201e+00 -4.424769483328673259e-01 -1.630117520913538565e+00 3.907908679614547909e-01 -2.846545972914753600e-02 3.055117403756564265e-01 -6.792186752723280430e-01 -1.743631742471211776e+00 -1.646581840338652736e+00 5.246744702076264893e-02 1.150851661417694238e+00 -6.916924323390419849e-01 -3.146836350762791112e-01 9.098797931423586727e-01 1.503209128339650480e+00 -1.817330804099096253e-01 -4.072288752791870525e-01 9.864542587616689229e-01 1.060554592790404274e-02 4.060293565454058395e-01 -1.283253372716028684e+00 1.963154578555454499e+00 1.942267593842520457e+00 9.151504070876433916e-01 -2.706968048031977991e-01 -1.565679445315757423e-01 3.802086077396619190e-01 1.339716074937766566e+00 -4.395268449134726585e-01 4.115568276908349032e-01 -6.811097039060531877e-01 6.832314495520401820e-01 3.999865801256011766e-01 4.438075878629139659e-01 2.407095379843897209e+00 1.128242301784178503e+00 -6.892743345620437612e-02 -8.347442459553254812e-01 1.137958613113940975e+00 -4.422201361908422168e-01 9.589624860270432594e-01 8.528488243054693774e-01 1.199969491746902372e+00 3.219308658586941263e-01 -1.044636982341936360e+00 -6.964797529903768991e-01 -3.575515500582379103e-01 -2.245748353896288130e+00 -1.115482391974488063e+00 1.558521892079764548e+00 -3.967761054800394288e-02 -1.732703718626471268e-01 2.184976470563937401e+00 -2.417849383076204894e-01 6.465648479321889353e-01 -7.454481198347800985e-01 9.193262061462530443e-01 -4.711066086553644672e-01 -1.719146902015993364e-02 -4.268183603600772535e-02 -4.682551141889711444e-01 6.389777724264669723e-02 -6.033190954500224912e-01 -4.982777481821860088e-01 -1.167802065255591382e+00 -2.090788374504110259e+00 -6.438432676521425035e-01 -3.007836777397994710e-01 1.163912496998928292e+00 -1.481161892287943926e+00 1.433797926148945856e-01 7.017313725438500960e-01 -1.598846928218782937e+00 -5.119098586646949611e-01 -1.955739417889480913e+00 8.931072901943068465e-02 4.030567614135453502e-01 3.940137605048483760e-01 4.987038822088113443e-01 2.085241014606765031e+00 -6.990049487440785914e-01 6.149627150081236060e-01 6.967508370837111054e-01 -4.858614409989284733e-01 -1.373159951730962003e-01 5.888123642255509438e-01
4.041787883079579480e-01 1.886326947945782262e+00 -1.528783482408720973e-01 1.454912090507817779e-01 1.228978504095288166e-01 1.509094567831332334e+00 -8.626794014785698073e-01 8.731237826547326719e-01 -1.468982049623863917e+00 1.548183645455577517e+00 3.819630529213738912e-01 -3.514086664220592571e-01 1.214463766257039667e+00 -1.059090922356769937e+00 1.970380687947557607e+00 -1.265385953406734432e+00 -2.148783200233008450e-01 -5.159387292005419567e-01 4.326366058266458148e-01 -6.406970307320801750e-01 -3.631666708032397772e-01 1.792092749849447941e-01 4.674332171935199898e-01 7.364179223171929412e-01 -1.247235819840241344e+00 -8.795486605207999409e-01 5.672980391625979946e-02 4.703423472449747567e-01 1.914942862244107369e+00 -1.081513685350363296e+00 1.234730643330389510e+00 3.599478794402341530e-01 1.803818492355404590e+00 1.902076361553871164e+00 9.791391450641790950e-01 -4.177758515151373531e-01 1.495393965085589860e+00 -8.698810031862153069e-01 8.105210825558122334e-01 6.202508680426019883e-01 -1.110449768515843205e+00 -7.015482667183305932e-01 1.867848828938400763e+00 -7.776537309858230218e-01 3.215045537091774930e-02 5.823855543182161476e-01 -1.104046776882279701e+00 1.683485639985285720e-01 9.539715058336529774e-01 -1.329132279977724096e+00 1.730561815992168739e+00 -9.944197228616595552e-02 -1.090784820014991441e+00 -5.030376768192187376e-01 8.843113136137049912e-02 -1.010267511621510961e+00 3.201278851729553732e-01 8.654417595458222534e-01 6.884445431814492089e-01 -4.601106051719351941e-01 -1.388769553900446541e+00 6.315150271083462830e-01 5.268933830608805990e-02 -1.305850121658874929e+00 -1.179832837380714539e+00 7.795470462411794310e-01 1.349960055324164188e+00 1.110711174811955582e+00 -1.633206452542613096e+00 2.827378412580242029e-01 3.204062582676198701e-01 -9.539379407756486406e-01 3.829622104961247775e-01 -9.655522477342546317e-01 4.863203625784420225e-01 1.580794286732753740e-01 -2.403128431166430823e-01 -5.483172338454921357e-01 7.890491426297866484e-01 4.305426310158477210e-01 -4.012643960745647109e-01 -3.121185493830017088e-01 1.090468758881622424e+00 5.263015784538397357e-01 -3.225376677343825826e-01 -7.328896321170194073e-01 6.165136918619710249e-01 -6.023069945171802830e-01 1.906758216955000973e-01 -3.140105777213417215e-01 -2.800457313624618472e+00 -6.589652886203183346e-01 -1.172707836225795053e-01 -1.116515908354854536e-01 1.551817643629690435e+00 -1.055758162469686123e+00 1.314929784159368342e+00 2.327071060487347243e+00 1.148317120788074686e+00 -4.034634920027609373e-01
9.885743008408951482e-01 -9.870995225664552786e-01 -1.042562012511685093e-01 1.468888955695314857e+00 4.483240582360117354e-01 -2.072201043164227097e-01 -2.578647363474226406e+00 -7.496237788529207524e-01 4.621839040007739985e-02 1.484125825528954667e+00 -8.967079943858107249e-01 1.579202762411342220e-01 -3.912194519253101577e-01 -1.434289117438446892e+00 -5.147741861775083638e-01 7.853041339017637901e-01 -9.044660001277269323e-01 -1.192497537566485910e+00 6.718572047148403670e-02 -3.663867147229221688e-01 -8.213184021680266511e-01 -4.058188346206061947e-01 -9.164167129416525004e-01 1.302791890088099425e-01 4.063851746657837216e-01 -5.846671038857852443e-01 -1.176859596674232122e+00 -1.551682935313604794e+00 1.190626305846649302e+00 1.065048966773675554e+00 2.103681416050983410e-01 7.136742285669016583e-01 1.281875592333398817e-01 -1.361304039700117485e+00 -1.184913295327249205e+00 -7.549667322924705770e-01 1.886327927974225327e+00 1.929261105869149784e+00 9.567718500160253825e-01 9.314748485957664581e-01 3.012354678552177090e-01 -1.511383674569817259e-01 6.790513193140500503e-01 5.446686456544580501e-01 -6.422363314656571731e-01 -2.103921580710064465e-01 -1.506244731503342704e+00 6.414135028221618073e-01 -9.219960888066199844e-01 -4.662235300898849855e-01 -7.522396080050526290e-01 -6.701462431363413019e-01 -1.159000712363897012e+00 1.948923850949117353e+00 -1.237751145788166030e+00 -1.560296046287851679e+00 9.301134549444270982e-01 -6.575684005075889127e-01 -8.114839312951498407e-01 1.765482454609474880e-02 -6.500867677761648089e-01 -1.618158335039824536e+00 -7.469956044988748101e-01 2.697347305840444021e-01 5.285355909651896500e-01 8.317803707285575943e-01 -3.728921154146515038e-01 6.618491312103123025e-01 -2.457060194908905482e-02 -9.913680106346729748e-02 7.942305580819992716e-01 -4.141706926198687744e-01 2.282015005636171878e+00 -3.494588925429500947e-01 -1.556282024427561694e+00 2.345144556089553411e-01 -1.438372721106063290e+00 4.202313492128001982e-01 1.509504114155997501e+00 6.837109607747242634e-01 -1.342160273722728947e-01 -1.692847644568402421e+00 -8.215385700010149339e-01 -5.815746389142926187e-01 6.984887155053761676e-01 -1.397266763139530577e+00 -1.200807293311267454e+00 -5.309559760037237119e-02 5.291561286217089100e-01 9.837903793885495463e-02 1.975569226945702583e+00 -3.948824565810444276e-01 -2.051092846671311865e+00 1.030425447464138333e+00 2.892214429639299866e-01 1.223317299834460137e+00 -6.343998396118889493e-01 -1.070668981736153880e+00 9.870710364365831158e-02 3.737749495164041647e-01
1.781692865477104926e+00 2.263302129220022163e+00 9.595892972274884247e-01 4.147044862695647427e-01 7.686480986362348444e-01 3.370110690486939342e-01 3.161983784365489103e-01 6.601547780304057866e-01 2.292452167161342036e+00 -1.890556882374108683e-01 1.564968992655810520e-01 -2.000604429059233080e+00 1.242593583490503972e+00 -3.053257765211573327e-01 -1.723332890335156797e+00 -4.424550408601697349e-01 -1.630036821134105862e+00 3.907715223258302895e-01 -2.846404891469093978e-02 3.054966419057110194e-01 -6.791850507600766251e-01 -1.743545422850420135e+00 -1.646500324732219633e+00 5.246484851541523969e-02 1.150794689302886198e+00 -6.916581858211217071e-01 -3.146680578551514507e-01 9.098347495590671796e-01 1.503134714309764641e+00 -1.817240832375894843e-01 -4.072087120573011365e-01 9.864054115180105331e-01 1.060502046832956062e-02 4.060092563206709748e-01 -1.283189846693690406e+00 1.963057393698262931e+00 1.942171445164093901e+00 9.151051035077806262e-01 -2.706833942664311210e-01 -1.565601960728750797e-01 3.801897848506211042e-01 1.339649751309727632e+00 -4.395050860636506851e-01 4.115364528217764217e-01 -6.810759908564997245e-01 6.831976244614094140e-01 3.999667804641009461e-01 4.437856185419385424e-01 2.406976219670924344e+00 1.128186448189425262e+00 -6.892402060975999500e-02 -8.347029172285146403e-01 1.137902277471388723e+00 -4.421982438954220607e-01 9.589150116992414263e-01 8.528066026353492424e-01 1.199910082932817312e+00 3.219149308965321143e-01 -1.044585269227163327e+00 -6.964452651455697030e-01 -3.575338490417699910e-01 -2.245637180580585923e+00 -1.115427166795284641e+00 1.558444737079776932e+00 -3.967564534912766672e-02 -1.732617991350846876e-01 2.184868305991734871e+00 -2.417729681857035129e-01 6.465328402955984322e-01 -7.454112149606576532e-01 9.192807079990472641e-01 -4.710832866043349054e-01 -1.719061776711735406e-02 -4.267972364284983861e-02 -4.682319334751572915e-01 6.389461438062379872e-02 -6.032892263114102427e-01 -4.982530791072937726e-01 -1.167744253711636260e+00 -2.090684870982919996e+00 -6.438113930803690543e-01 -3.007687882289271641e-01 1.163854876366538837e+00 -1.481088567521797517e+00 1.433726960396158601e-01 7.016966327563547434e-01 -1.598767777539312762e+00 -5.118845199431087956e-01 -1.955642601614423270e+00 8.930630790339867675e-02 4.030368089903323403e-01 3.939942257749359800e-01 4.986791940388889399e-01 2.085137786323003617e+00 -6.989703420854879168e-01 6.149322713130224161e-01 6.967163443377167864e-01 -4.858373886987478185e-01 -1.373091988567740618e-01 5.887832128820177369e-01
4.041587791217472470e-01 1.886233567994956672e+00 -1.528707802944715144e-01 1.454840067683052518e-01 1.228917670330216677e-01 1.509019859331390156e+00 -8.626366954521741404e-01 8.730805595367348015e-01 -1.468909329515548645e+00 1.548107003657351211e+00 3.819441436886322205e-01 -3.513912689099464859e-01 1.214403644240453994e+00 -1.059038491055441789e+00 1.970283146684396192e+00 -1.265323309019109166e+00 -2.148676803156769621e-01 -5.159131885887965341e-01 4.326151882049752984e-01 -6.406653184296540182e-01 -3.631486888848460826e-01 1.792004042869169977e-01 4.674100779669004280e-01 7.363814637483427905e-01 -1.247174075402380344e+00 -8.795051165706260221e-01 5.672699450561353302e-02 4.703190622360916007e-01 1.914848065579646486e+00 -1.081460145206691426e+00 1.234669517370668101e+00 3.599300509389104508e-01 1.803729193227062044e+00 1.901982200938092227e+00 9.790906709542023245e-01 -4.177551700740675389e-01 1.495319938259396242e+00 -8.698379406034110195e-01 8.104809524917923058e-01 6.202201737705337337e-01 -1.110394793055138773e+00 -7.015135370077807409e-01 1.867756360948640282e+00 -7.776152321524631983e-01 3.214885827625115627e-02 5.823567233137034727e-01 -1.103992119473933053e+00 1.683402293383273740e-01 9.539242814585133790e-01 -1.329066480878656753e+00 1.730476144994807175e+00 -9.943704581120575703e-02 -1.090730820482869401e+00 -5.030127741917067574e-01 8.842675390140392055e-02 -1.010217497172567702e+00 3.201120373553553722e-01 8.653989154509067472e-01 6.884104599363077837e-01 -4.600878262722420398e-01 -1.388700799847588874e+00 6.314837648782484214e-01 5.268672947566883924e-02 -1.305785475931723338e+00 -1.179774427656189228e+00 7.795084518996127088e-01 1.349893227321378841e+00 1.110656186371190568e+00 -1.633125599389240401e+00 2.827238428162884842e-01 3.203904027481286332e-01 -9.538907127027966837e-01 3.829432524014518280e-01 -9.655044451609093858e-01 4.862962859592088738e-01 1.580716038788347877e-01 -2.403009457616994970e-01 -5.482900887199048112e-01 7.890100817796745769e-01 4.305213154825177635e-01 -4.012445371309367737e-01 -3.121030975319518119e-01 1.090414775910041323e+00 5.262755223383194236e-01 -3.225217001201260425e-01 -7.328533521991549282e-01 6.164831708143782008e-01 -6.022771710106075149e-01 1.906663843038681472e-01 -3.139950323462458170e-01 -2.800318682359428824e+00 -6.589326604113731056e-01 -1.172649787881326344e-01 -1.116460629439599839e-01 1.551740820321658276e+00 -1.055705897017942263e+00 1.314864686807605709e+00 2.326955861366286626e+00 1.148260272752271494e+00 -4.034435178896243479e-01
9.885253619242069245e-01 -9.870506576003837962e-01 -1.042510391571393469e-01 1.468816237027116722e+00 4.483018656648299349e-01 -2.072098463145596592e-01 -2.578519710433912593e+00 -7.495866672020592425e-01 4.621610237615841194e-02 1.484052354102768589e+00 -8.966636019440025196e-01 1.579124578679170776e-01 -3.912000865357253554e-01 -1.434218112916127774e+00 -5.147487032724011868e-01 7.852652569121031378e-01 -9.044212244509667320e-01 -1.192438503446136000e+00 6.718239593988094283e-02 -3.663685846238906585e-01 -8.212777405184851220e-01 -4.057987469372668077e-01 -9.163713465849407935e-01 1.302727391866514706e-01 4.063650553715188463e-01 -5.846381576444688033e-01 -1.176801335627778666e+00 -1.551606118900180631e+00 1.190567365621364893e+00 1.064996239004568190e+00 2.103577272895131300e-01 7.136389135883968171e-01 1.281812128577775045e-01 -1.361236649056563053e+00 -1.184854635874869500e+00 -7.549293582612975895e-01 1.886234548196438876e+00 1.929165599251928542e+00 9.567244740450507878e-01 9.314287303593635770e-01 3.012205553108089906e-01 -1.511308853419691678e-01 6.790177020634774463e-01 5.446416793067305750e-01 -6.422045387937672656e-01 -2.103817429170163900e-01 -1.506170165086277324e+00 6.413817470191043313e-01 -9.219504464104640862e-01 -4.662004495907778323e-01 -7.522023682988686621e-01 -6.701130677582111117e-01 -1.158943337375978322e+00 1.948827370897896261e+00 -1.237689871545059717e+00 -1.560218802844167918e+00 9.300674059235940483e-01 -6.575358471639665137e-01 -8.114437593746016697e-01 1.765393985653919764e-02 -6.500545848031856755e-01 -1.618078229877202956e+00 -7.469586239110660442e-01 2.697213772118195463e-01 5.285094251931297116e-01 8.317392024310857890e-01 -3.728736566729227153e-01 6.618163656345948942e-01 -2.456938562079062638e-02 -9.913189536032523952e-02 7.941912234419840066e-01 -4.141501903859780009e-01 2.281902036584301463e+00 -3.494415925790509969e-01 -1.556204979744630013e+00 2.345028445292183794e-01 -1.438301513421520461e+00 4.202105413563907987e-01 1.509429386962077846e+00 6.836771123802961592e-01 -1.342093756664557991e-01 -1.692763838376917018e+00 -8.214978985524471478e-01 -5.815458513351425829e-01 6.984541334060675455e-01 -1.397197592079499451e+00 -1.200747845018627524e+00 -5.309297054602630378e-02 5.291299332683625511e-01 9.837416756324603162e-02 1.975471430180207433e+00 -3.948628981688399042e-01 -2.050991307949566522e+00 1.030374437088218187e+00 2.892071251011709698e-01 1.223256738796430154e+00 -6.343684336189676642e-01 -1.070615979465568524e+00 9.870221868650322361e-02 3.737564451488303297e-01
1.764051755416769396e+00 2.240892904175343592e+00 9.500877487693136780e-01 4.105983990554182839e-01 7.610371627025580565e-01 3.336740882803141406e-01 3.130676671376695919e-01 6.536180924760860433e-01 2.269754165606728602e+00 -1.871838068687129153e-01 1.549473227970521449e-01 -1.980795893116577666e+00 1.230290076085339024e+00 -3.023025173692339140e-01 -1.706269862312435937e+00 -4.380737384340049889e-01 -1.613897115105471292e+00 3.869024213131048162e-01 -2.818197309321552810e-02 3.024756635194585930e-01 -6.724602244816835217e-01 -1.726281779410846040e+00 -1.630197494308000428e+00 5.194521061521455846e-02 1.139400372714356680e+00 -6.848091896782004806e-01 -3.115525928991141891e-01 9.008261483926462976e-01 1.488251980942250530e+00 -1.799246963484451289e-01 -4.031762913336022214e-01 9.766367445544473780e-01 1.049995199687843439e-02 4.019892500540819258e-01 -1.270484732843475406e+00 1.943620616433724857e+00 1.922941790110524796e+00 9.060444564000081913e-01 -2.680018169892054991e-01 -1.550103997339215278e-01 3.764252894829240303e-01 1.326385247243465182e+00 -4.351533760315849375e-01 4.074615698743996872e-01 -6.743331977411067824e-01 6.764327814885587875e-01 3.960068136983644904e-01 4.393917408455704221e-01 2.383144335093215549e+00 1.117015871388228776e+00 -6.824149049284151947e-02 -8.264375195150037712e-01 1.126635345616078254e+00 -4.378198509273047434e-01 9.494203142148951446e-01 8.443624486425602704e-01 1.188028694587935696e+00 3.187278658405949261e-01 -1.034242696002777517e+00 -6.895482256381966213e-01 -3.539937132814747756e-01 -2.223402678902261620e+00 -1.104382438337798700e+00 1.543013955403178983e+00 -3.928265966386127600e-02 -1.715470190141698548e-01 2.163235533413938594e+00 -2.393790032643178800e-01 6.401313671861974530e-01 -7.380304103189434528e-01 9.101805265352576058e-01 -4.664189324439915740e-01 -1.702037903781805986e-02 -4.225722126702896597e-02 -4.635958374972948826e-01 6.326202982378167916e-02 -5.973155691037386195e-01 -4.933194216355071271e-01 -1.156182068767594107e+00 -2.069984385051351516e+00 -6.374366178181640752e-01 -2.977908843626396740e-01 1.152330957162965852e+00 -1.466423795779346229e+00 1.419533256198273752e-01 6.947487943979908653e-01 -1.582937833860635468e+00 -5.068166684625424745e-01 -1.936279463415515600e+00 8.842208529419082197e-02 3.990463297636136497e-01 3.900888166946404056e-01 4.937416153249551964e-01 2.064492315706549785e+00 -6.920492233702745244e-01 6.088436091551709950e-01 6.898178890974916433e-01 -4.810269769391870009e-01 -1.359498758414167952e-01 5.829531312748210681e-01
4.001570096626265727e-01 1.867557682706539435e+00 -1.513571954105414341e-01 1.440435555860010985e-01 1.216750725944059641e-01 1.494078391778538961e+00 -8.540955535407793731e-01 8.644360028136706120e-01 -1.454365401137170499e+00 1.532778789083943272e+00 3.781623537252074008e-01 -3.479118638652189399e-01 1.202379395537259921e+00 -1.048552417558681116e+00 1.950775021530910314e+00 -1.252794667678939655e+00 -2.127398765057301466e-01 -5.108050843830621579e-01 4.283317164365921803e-01 -6.343226635800602864e-01 -3.595525230201353506e-01 1.774262335411665170e-01 4.627822384639560527e-01 7.290899565663004900e-01 -1.234825348717277560e+00 -8.707965357823269636e-01 5.616517084115478509e-02 4.656621569297166308e-01 1.895888845455122373e+00 -1.070752244932698050e+00 1.222444514911278812e+00 3.563648711865707308e-01 1.785869654053251265e+00 1.883150235299275277e+00 9.693960675022393891e-01 -4.136189070159813630e-01 1.480514628575869240e+00 -8.612254904329608163e-01 8.024553100518951876e-01 6.140808236249256646e-01 -1.099399978079590445e+00 -6.945676622602396932e-01 1.849263008574176137e+00 -7.699156203752640648e-01 3.182972394624930534e-02 5.765905972441491834e-01 -1.093060859330848622e+00 1.666733476796878888e-01 9.444794269216268967e-01 -1.315906851692435486e+00 1.713342142936162604e+00 -9.845194758701375504e-02 -1.079931065224292164e+00 -4.980323000702853720e-01 8.755125668806586214e-02 -1.000214795609330132e+00 3.169425089596251688e-01 8.568302275725201422e-01 6.815939908336481334e-01 -4.555321626186236705e-01 -1.374950320993981734e+00 6.252313524767295627e-01 5.216499286353688120e-02 -1.292856477830799822e+00 -1.168092740921328199e+00 7.717898297049589074e-01 1.336527708838370021e+00 1.099658777417651390e+00 -1.616955242300515350e+00 2.799242675497389254e-01 3.172190232427164469e-01 -9.444453926232879715e-01 3.791516594337606127e-01 -9.559442026543012449e-01 4.814810922572228535e-01 1.565066177687155780e-01 -2.379215396246793235e-01 -5.428611685030578782e-01 7.811979600731570050e-01 4.262583415803419817e-01 -3.972725108238755465e-01 -3.090127888064563844e-01 1.079618285993170668e+00 5.210644460537858791e-01 -3.193282382831593158e-01 -7.255973711291029415e-01 6.103790675688537393e-01 -5.963128687158665286e-01 1.887788273352559443e-01 -3.108860118539746864e-01 -2.772592512523115005e+00 -6.524074163459708808e-01 -1.161039933651796391e-01 -1.105405285392588727e-01 1.536376386499896274e+00 -1.045252948976509000e+00 1.301845474146786863e+00 2.303916205164825204e+00 1.136890842881811858e+00 -3.994487802179007008e-01
9.787376817333999224e-01 -9.772777191976641520e-01 -1.032186792202609144e-01 1.454272758654363340e+00 4.438633212413781171e-01 -2.051582504755866676e-01 -2.552989283845769286e+00 -7.421645108513531541e-01 4.575850260552191684e-02 1.469358247178950139e+00 -8.877852748571046781e-01 1.563488305043447824e-01 -3.873269599832007137e-01 -1.420017393809342332e+00 -5.096521373854270287e-01 7.774899853580859999e-01 -8.954662091796755652e-01 -1.180631807762326568e+00 6.651742164656145040e-02 -3.627422090638470764e-01 -8.131456322653715096e-01 -4.017811405601352526e-01 -9.072981487880820151e-01 1.289828093480223925e-01 4.023413096207305584e-01 -5.788491015173596876e-01 -1.165149308061925737e+00 -1.536243052434782319e+00 1.178779384305238986e+00 1.054450950159098399e+00 2.082748931446242180e-01 7.065752185431939392e-01 1.269119771600649427e-01 -1.347758657901336088e+00 -1.173122913202268913e+00 -7.474546180106135251e-01 1.867558686188654837e+00 1.910064448081796318e+00 9.472499635274795882e-01 9.222054871174411028e-01 2.982380789304056590e-01 -1.496344821763230526e-01 6.722943804155010472e-01 5.392486085490084680e-01 -6.358460232300341408e-01 -2.082987231731905642e-01 -1.491257062529566024e+00 6.350308027343236628e-01 -9.128220328708522846e-01 -4.615844146420062244e-01 -7.447545275297905443e-01 -6.634780669713158385e-01 -1.147468419309327414e+00 1.929531536964969929e+00 -1.225435149061393503e+00 -1.544770364056369250e+00 9.208579125862149661e-01 -6.510252839625652044e-01 -8.034094487511531657e-01 1.747755059999383381e-02 -6.436180951616249368e-01 -1.602057313913147762e+00 -7.395626309948329924e-01 2.670507451383830611e-01 5.232763699172162664e-01 8.235051896614483669e-01 -3.691818904243400201e-01 6.552633726418628513e-01 -2.432612108987628266e-02 -9.815066186895880784e-02 7.863252280235026870e-01 -4.100497307878280817e-01 2.259308410487314678e+00 -3.459816445407943863e-01 -1.540796290212144815e+00 2.321807322621750325e-01 -1.424060213693637778e+00 4.160492438100953372e-01 1.494484099854883841e+00 6.769075864990966585e-01 -1.328794269832908048e-01 -1.676002906898185874e+00 -8.133637742638279988e-01 -5.757882424892774020e-01 6.915379774465129081e-01 -1.383363526410876565e+00 -1.188858458980983857e+00 -5.256749267714401486e-02 5.238909036110555029e-01 9.740011122010878986e-02 1.955912135880895297e+00 -3.909517649531963346e-01 -2.030683793585651209e+00 1.020172450881415172e+00 2.863435872292357520e-01 1.211144724118589533e+00 -6.280873176009038605e-01 -1.060015600987542328e+00 9.772516124008315264e-02 3.700556520654236237e-01
