# 
#                 ----------------------------------------------------
#                 Data from a 3D direct N-body simulation. 
# 
#                 rows are i-particle; 
#                 coumns are :mass, tag, x ,y, z, vx, vy, vz, ax, ay, az
# 
#                 NTHU, Computational Physics Lab
# 
#                 ----------------------------------------------------
#                 Time = 6.999999999999895
1.000000000000000000e+00 2.000000000000000000e+00 3.000000000000000000e+00 4.000000000000000000e+00 5.000000000000000000e+00 6.000000000000000000e+00 7.000000000000000000e+00 8.000000000000000000e+00 9.000000000000000000e+00 1.000000000000000000e+01 1.100000000000000000e+01 1.200000000000000000e+01 1.300000000000000000e+01 1.400000000000000000e+01 1.500000000000000000e+01 1.600000000000000000e+01 1.700000000000000000e+01 1.800000000000000000e+01 1.900000000000000000e+01 2.000000000000000000e+01 2.100000000000000000e+01 2.200000000000000000e+01 2.300000000000000000e+01 2.400000000000000000e+01 2.500000000000000000e+01 2.600000000000000000e+01 2.700000000000000000e+01 2.800000000000000000e+01 2.900000000000000000e+01 3.000000000000000000e+01 3.100000000000000000e+01 3.200000000000000000e+01 3.300000000000000000e+01 3.400000000000000000e+01 3.500000000000000000e+01 3.600000000000000000e+01 3.700000000000000000e+01 3.800000000000000000e+01 3.900000000000000000e+01 4.000000000000000000e+01 4.100000000000000000e+01 4.200000000000000000e+01 4.300000000000000000e+01 4.400000000000000000e+01 4.500000000000000000e+01 4.600000000000000000e+01 4.700000000000000000e+01 4.800000000000000000e+01 4.900000000000000000e+01 5.000000000000000000e+01 5.100000000000000000e+01 5.200000000000000000e+01 5.300000000000000000e+01 5.400000000000000000e+01 5.500000000000000000e+01 5.600000000000000000e+01 5.700000000000000000e+01 5.800000000000000000e+01 5.900000000000000000e+01 6.000000000000000000e+01 6.100000000000000000e+01 6.200000000000000000e+01 6.300000000000000000e+01 6.400000000000000000e+01 6.500000000000000000e+01 6.600000000000000000e+01 6.700000000000000000e+01 6.800000000000000000e+01 6.900000000000000000e+01 7.000000000000000000e+01 7.100000000000000000e+01 7.200000000000000000e+01 7.300000000000000000e+01 7.400000000000000000e+01 7.500000000000000000e+01 7.600000000000000000e+01 7.700000000000000000e+01 7.800000000000000000e+01 7.900000000000000000e+01 8.000000000000000000e+01 8.100000000000000000e+01 8.200000000000000000e+01 8.300000000000000000e+01 8.400000000000000000e+01 8.500000000000000000e+01 8.600000000000000000e+01 8.700000000000000000e+01 8.800000000000000000e+01 8.900000000000000000e+01 9.000000000000000000e+01 9.100000000000000000e+01 9.200000000000000000e+01 9.300000000000000000e+01 9.400000000000000000e+01 9.500000000000000000e+01 9.600000000000000000e+01 9.700000000000000000e+01 9.800000000000000000e+01 9.900000000000000000e+01 1.000000000000000000e+02
2.000000000000000111e-01 2.000000000000000111e-01 2.000000000000000111e-01 2.000000000000000111e-01 2.000000000000000111e-01 2.000000000000000111e-01 2.000000000000000111e-01 2.000000000000000111e-01 2.000000000000000111e-01 2.000000000000000111e-01 2.000000000000000111e-01 2.000000000000000111e-01 2.000000000000000111e-01 2.000000000000000111e-01 2.000000000000000111e-01 2.000000000000000111e-01 2.000000000000000111e-01 2.000000000000000111e-01 2.000000000000000111e-01 2.000000000000000111e-01 2.000000000000000111e-01 2.000000000000000111e-01 2.000000000000000111e-01 2.000000000000000111e-01 2.000000000000000111e-01 2.000000000000000111e-01 2.000000000000000111e-01 2.000000000000000111e-01 2.000000000000000111e-01 2.000000000000000111e-01 2.000000000000000111e-01 2.000000000000000111e-01 2.000000000000000111e-01 2.000000000000000111e-01 2.000000000000000111e-01 2.000000000000000111e-01 2.000000000000000111e-01 2.000000000000000111e-01 2.000000000000000111e-01 2.000000000000000111e-01 2.000000000000000111e-01 2.000000000000000111e-01 2.000000000000000111e-01 2.000000000000000111e-01 2.000000000000000111e-01 2.000000000000000111e-01 2.000000000000000111e-01 2.000000000000000111e-01 2.000000000000000111e-01 2.000000000000000111e-01 2.000000000000000111e-01 2.000000000000000111e-01 2.000000000000000111e-01 2.000000000000000111e-01 2.000000000000000111e-01 2.000000000000000111e-01 2.000000000000000111e-01 2.000000000000000111e-01 2.000000000000000111e-01 2.000000000000000111e-01 2.000000000000000111e-01 2.000000000000000111e-01 2.000000000000000111e-01 2.000000000000000111e-01 2.000000000000000111e-01 2.000000000000000111e-01 2.000000000000000111e-01 2.000000000000000111e-01 2.000000000000000111e-01 2.000000000000000111e-01 2.000000000000000111e-01 2.000000000000000111e-01 2.000000000000000111e-01 2.000000000000000111e-01 2.000000000000000111e-01 2.000000000000000111e-01 2.000000000000000111e-01 2.000000000000000111e-01 2.000000000000000111e-01 2.000000000000000111e-01 2.000000000000000111e-01 2.000000000000000111e-01 2.000000000000000111e-01 2.000000000000000111e-01 2.000000000000000111e-01 2.000000000000000111e-01 2.000000000000000111e-01 2.000000000000000111e-01 2.000000000000000111e-01 2.000000000000000111e-01 2.000000000000000111e-01 2.000000000000000111e-01 2.000000000000000111e-01 2.000000000000000111e-01 2.000000000000000111e-01 2.000000000000000111e-01 2.000000000000000111e-01 2.000000000000000111e-01 2.000000000000000111e-01 2.000000000000000111e-01
5.747222689855444600e+01 7.300806940526901201e+01 3.095315046443875318e+01 1.337720008616500245e+01 2.479399305535908837e+01 1.087084822403830664e+01 1.019972124029467508e+01 2.129434152736508068e+01 7.394818610546880677e+01 -6.098409009289202487e+00 5.048075220254750306e+00 -6.453377920914522292e+01 4.008222875393533968e+01 -9.848767536106121767e+00 -5.558998634691253216e+01 -1.427182768187916295e+01 -5.258002081537258476e+01 1.260521375578382575e+01 -9.178814931407406341e-01 9.858956251345590616e+00 -2.190853542611158034e+01 -5.624141652479558218e+01 -5.311095204397129521e+01 1.692168179280992835e+00 3.712136870739200134e+01 -2.231009869760196196e+01 -1.015046777731448380e+01 2.934857828951122727e+01 4.848708337254377909e+01 -5.861797999152332572e+00 -1.313476246008795911e+01 3.181627456208090976e+01 3.420112809473593862e-01 1.309670170156382341e+01 -4.139215589327938716e+01 6.332261349503185954e+01 6.264927250790176316e+01 2.951874551634210420e+01 -8.729753617263607879e+00 -5.050593816396354185e+00 1.226368157049177121e+01 4.321296361541720188e+01 -1.417712017284928194e+01 1.327481724078294079e+01 -2.197041739863072252e+01 2.203763347663274885e+01 1.290203605181931934e+01 1.431544972643266433e+01 7.764246453392783565e+01 3.639196194394384065e+01 -2.223181373200567190e+00 -2.692422287957353788e+01 3.670518426603030804e+01 -1.426397356718539911e+01 3.093160440037422276e+01 2.750877419541722091e+01 3.870479310166553688e+01 1.038441058974833631e+01 -3.369551402535221030e+01 -2.246375999289377745e+01 -1.153290912093805254e+01 -7.243803546191088572e+01 -3.597981637965834523e+01 5.027074838263008161e+01 -1.279651787036802491e+00 -5.589789778082474569e+00 7.047785180103262803e+01 -7.798782865716895607e+00 2.085533233918859608e+01 -2.404450378264854038e+01 2.965556553513892268e+01 -1.519576663048710152e+01 -5.544854399257581612e-01 -1.376821086344165446e+00 -1.510382054844022015e+01 2.061120333065035837e+00 -1.946000604498113162e+01 -1.607184954881082817e+01 -3.766805925872299809e+01 -6.743947133866483057e+01 -2.076725655663155834e+01 -9.702047568317933468e+00 3.754231339106655696e+01 -4.777555929352903519e+01 4.625029921223920759e+00 2.263455570194793864e+01 -5.157155689051435843e+01 -1.651246826316416616e+01 -6.308369479068972652e+01 2.880793989651353915e+00 1.300093143147130093e+01 1.270399243046066395e+01 1.608594338235844745e+01 6.726064612654543851e+01 -2.254629247795848812e+01 1.983590054983159945e+01 2.247399000162185345e+01 -1.567172299940327207e+01 -4.429451941422669847e+00 1.899202218331067371e+01
1.303691077671713749e+01 6.084477518325887502e+01 -4.931210434809897514e+00 4.692928641012516167e+00 3.964243420414679697e+00 4.867637855678159298e+01 -2.782626587826694120e+01 2.816314665112901139e+01 -4.738298840183934857e+01 4.993752890880263351e+01 1.232036091766775243e+01 -1.133466325907952843e+01 3.917306851814875301e+01 -3.416127134860612102e+01 6.355592535836373713e+01 -4.081533030284911234e+01 -6.930619482946847043e+00 -1.664199511567537826e+01 1.395489462439461725e+01 -2.066691396627466304e+01 -1.171351729610531933e+01 5.780658771003138519e+00 1.507744927985530659e+01 2.375310256872704073e+01 -4.023013852972241722e+01 -2.836990141837465274e+01 1.829670335148851468e+00 1.517097668689668133e+01 6.176777974055664799e+01 -3.488473606914036651e+01 3.982667553813410422e+01 1.160865514340983040e+01 5.818277332946411917e+01 6.135260691222234897e+01 3.158224817652932614e+01 -1.347564132317170404e+01 4.823505655290244221e+01 -2.805854956574002657e+01 2.614280550612587817e+01 2.000842892921558658e+01 -3.581758784018246899e+01 -2.262882597343878643e+01 6.024826757105073227e+01 -2.508337618619320253e+01 1.036070068099570030e+00 1.878510254787530798e+01 -3.561124340386530207e+01 5.430059048084396878e+00 3.077111906639001404e+01 -4.287167939895982016e+01 5.582011857910333674e+01 -3.206916579587670402e+00 -3.518370722036615916e+01 -1.622574699406326104e+01 2.852441638911109134e+00 -3.258642429271316843e+01 1.032588643903739190e+01 2.791513725705104321e+01 2.220577011671830903e+01 -1.484087478634055834e+01 -4.479485104544782814e+01 2.036995733646308793e+01 1.699440343682286247e+00 -4.212084052411471902e+01 -3.805566446718454188e+01 2.514413493825205492e+01 4.354386763903048063e+01 3.582601271269969345e+01 -5.267957613405022954e+01 9.119571928112236492e+00 1.033593022690157426e+01 -3.076910224955493689e+01 1.235269398329399237e+01 -3.114380809681106754e+01 1.568624681990554670e+01 5.099083749543959598e+00 -7.751280769481099675e+00 -1.768609643228977646e+01 2.545130851209651723e+01 1.388707801017502952e+01 -1.294394687858094173e+01 -1.006744836898988815e+01 3.517367183853603052e+01 1.697581918492472042e+01 -1.040352780934741261e+01 -2.363999045044568703e+01 1.988582834770652852e+01 -1.942658014596519678e+01 6.150684370546420254e+00 -1.012850113260515528e+01 -9.033092701335462493e+01 -2.125414259861782540e+01 -3.782735321765866132e+00 -3.601270474834261215e+00 5.005446471844477685e+01 -3.405392182050182726e+01 4.241333674442245893e+01 7.506114847840574100e+01 3.703937311482160766e+01 -1.301377975221399552e+01
3.188698084365839946e+01 -3.183957534261430311e+01 -3.362674655640551347e+00 4.737943338688143058e+01 1.446118936662407961e+01 -6.684051038029982017e+00 -8.317591722488300832e+01 -2.417918087370905411e+01 1.490797693704839721e+00 4.787117433802083610e+01 -2.892355427376073251e+01 5.093696062756732701e+00 -1.261929292723591978e+01 -4.626362352990495452e+01 -1.660444197349618634e+01 2.533024387987859072e+01 -2.917393598176843028e+01 -3.846461797004914018e+01 2.167366279514322702e+00 -1.181934716735097624e+01 -2.649159082031977874e+01 -1.309028066375640620e+01 -2.955957543840584734e+01 4.202151728317694790e+00 1.310792520818488427e+01 -1.885829583988348901e+01 -3.796002060556097746e+01 -5.005015902208864276e+01 3.840448008684111869e+01 3.435318664537638966e+01 6.785510387111693298e+00 2.302258435696326444e+01 4.134667958423285938e+00 -4.390958868541353866e+01 -3.821984714928175464e+01 -2.435189019818820100e+01 6.084484541125330992e+01 6.222942441277924530e+01 3.085918299056744374e+01 3.004416124484652784e+01 9.716503886739127793e+00 -4.875033180892763163e+00 2.190295885128569964e+01 1.756808790711128765e+01 -2.071583310566870750e+01 -6.786346200766951497e+00 -4.858463040684740264e+01 2.068861846749200950e+01 -2.973956980731658817e+01 -1.503822835496015387e+01 -2.426380685304339480e+01 -2.161590054374227776e+01 -3.738431503380281384e+01 6.286364976916264879e+01 -3.992432050951780553e+01 -5.032786742757757281e+01 3.000056664185989419e+01 -2.121008669590654705e+01 -2.617487653323100005e+01 5.675989259657173713e-01 -2.096876194628822887e+01 -5.219472117980375714e+01 -2.409457444221945011e+01 8.700386249223697632e+00 1.704804183577541465e+01 2.683101445540865981e+01 -1.202802377731758732e+01 2.134810876160690896e+01 -7.925424973552321894e-01 -3.198061186550742008e+00 2.561541420559561288e+01 -1.335948337813689157e+01 7.360777040285834971e+01 -1.127195104099170209e+01 -5.019840157819729143e+01 7.564116257103746577e+00 -4.639516710997869353e+01 1.355399807242497978e+01 4.868986413778718969e+01 2.205317594022404037e+01 -4.327915306174066501e+00 -5.460324183481952076e+01 -2.649888426060913105e+01 -1.875951803976503385e+01 2.252946742704546068e+01 -4.506956802646308802e+01 -3.873216497642820144e+01 -1.712873524450144957e+00 1.706825605222638487e+01 3.173238293342564909e+00 6.372352036007298182e+01 -1.273539911073994446e+01 -6.615901749840517709e+01 3.323697464443872462e+01 9.328973486784473579e+00 3.945851642037403906e+01 -2.046284264161749178e+01 -3.453511066059203927e+01 3.184109494777743965e+00 1.205616516588720089e+01
1.412984547767855936e+01 1.794944771190175459e+01 7.609966094465878683e+00 3.288856751904141174e+00 6.095708531081814208e+00 2.672644793288505571e+00 2.507659794972025846e+00 5.235302811378304000e+00 1.818056858006977095e+01 -1.499327014144471892e+00 1.241091625170479329e+00 -1.586597149210473923e+01 9.854409431706963929e+00 -2.421360596802761833e+00 -1.366710536162514522e+01 -3.508771231940859714e+00 -1.292705656755427235e+01 3.099061308055204744e+00 -2.256472035442396440e-01 2.424172461271554280e+00 -5.386327366613361534e+00 -1.382722569287944481e+01 -1.305758002239733884e+01 4.160155508878638497e-01 9.126486600256331627e+00 -5.485002436531052794e+00 -2.495557796126660843e+00 7.215497584029399114e+00 1.192082300954282914e+01 -1.441147451015373226e+00 -3.229209898310884341e+00 7.822045943275505842e+00 8.408028329917398291e-02 3.219893747219459534e+00 -1.017648866872660740e+01 1.556819961169609279e+01 1.540268005459456546e+01 7.257344623194081024e+00 -2.146143536181736700e+00 -1.241742082003424841e+00 3.015080998098131904e+00 1.062411589713804361e+01 -3.485516341060318712e+00 3.263672866019108554e+00 -5.401599408787028267e+00 5.418044788403860501e+00 3.172050369300608352e+00 3.519541891265618005e+00 1.908883042723961410e+01 8.947149597029332213e+00 -5.465736810793917488e-01 -6.619403410244469654e+00 9.024145005694668598e+00 -3.506868386425265882e+00 7.604682273606396592e+00 6.763156336330283125e+00 9.515721059001835513e+00 2.553085629768816034e+00 -8.284232398837637845e+00 -5.522731325741067288e+00 -2.835419554736427816e+00 -1.780928788127059192e+01 -8.845784241379517354e+00 1.235931517661066970e+01 -3.145979629544320422e-01 -1.374335764954049743e+00 1.732736938984862718e+01 -1.917364099391638987e+00 5.127395990931582048e+00 -5.911446957253633450e+00 7.291122051131274873e+00 -3.735957543695486827e+00 -1.363209071139160344e-01 -3.385049957737360504e-01 -3.713354101551401332e+00 5.067414625577861820e-01 -4.784320709957414763e+00 -3.951325097982883339e+00 -9.260889834517096020e+00 -1.658034832051144036e+01 -5.105723127365246583e+00 -2.385306759479195016e+00 9.229955833367638363e+00 -1.174586625824642105e+01 1.137103609487843947e+00 5.564814191383885777e+00 -1.267913255475526135e+01 -4.059712996363321835e+00 -1.550947729981137790e+01 7.082602861545658213e-01 3.196355480548665362e+00 3.123006936548549106e+00 3.954812975358398486e+00 1.653639026285713598e+01 -5.543093190023730799e+00 4.876757534948571227e+00 5.525343776566916887e+00 -3.852975979957403929e+00 -1.089020588410076318e+00 4.669260380778455399e+00
3.205187292699135160e+00 1.495902819010975726e+01 -1.212366574766901905e+00 1.153783366651709441e+00 9.746372139700718584e-01 1.196732667954993268e+01 -6.841239616729679618e+00 6.924062988279882980e+00 -1.164937004667956977e+01 1.227740753512043348e+01 3.029021729772581217e+00 -2.786672960539936739e+00 9.630898485311586654e+00 -8.398711021066853633e+00 1.562557561764184122e+01 -1.003464014652153935e+01 -1.703903471560484828e+00 -4.091529909279410404e+00 3.430882510917583339e+00 -5.081128199495215547e+00 -2.879789587862137790e+00 1.421216460419198357e+00 3.706879721035052810e+00 5.839796086604584602e+00 -9.890784066154132859e+00 -6.974863099825554968e+00 4.498223321558228460e-01 3.729853745034330093e+00 1.518595261530968443e+01 -8.576592166784724469e+00 9.791583889534736684e+00 2.853940572171266066e+00 1.430451857651321745e+01 1.508386990375547931e+01 7.764635663525063514e+00 -3.313061337590649469e+00 1.185886451716738144e+01 -6.898347274847580479e+00 6.427282162168363122e+00 4.919302706951676818e+00 -8.805906143317043799e+00 -5.563417063380290628e+00 1.481234181529237404e+01 -6.166863360205029565e+00 2.546604023619173374e-01 4.618413020555806270e+00 -8.755187553420597624e+00 1.335001219068241429e+00 7.565258945249931699e+00 -1.054021603494195958e+01 1.372366567622834310e+01 -7.883956089164372294e-01 -8.650090938627268855e+00 -3.989185397204924932e+00 7.012909911399111129e-01 -8.011525128123460959e+00 2.538673052221652071e+00 6.863074053892463944e+00 5.459381120279047650e+00 -3.648691752514131803e+00 -1.101300777470236447e+01 5.008068242450849361e+00 4.178109785844910662e-01 -1.035562747636372016e+01 -9.356154901545071567e+00 6.181780827853148530e+00 1.070550176621599725e+01 8.807976987683209913e+00 -1.295152754040691256e+01 2.242076011891247056e+00 2.541212201975895368e+00 -7.564701918203845743e+00 3.036977841726820948e+00 -7.656830579940010040e+00 3.856528469127670000e+00 1.253646300647237366e+00 -1.905684221884438756e+00 -4.348209085092670456e+00 6.257345515325863694e+00 3.414191467624879017e+00 -3.182399855746351758e+00 -2.475128619191365509e+00 8.647634122930236700e+00 4.173573816754124977e+00 -2.557755864965283177e+00 -5.812032381875908094e+00 4.889026011031626595e+00 -4.776051675761706861e+00 1.512200081410875141e+00 -2.490140360142100384e+00 -2.220837967449099537e+01 -5.225368690764415014e+00 -9.300122235387681124e-01 -8.853840664675527439e-01 1.230613843400782592e+01 -8.372328424658736168e+00 1.042751477676552341e+01 1.845419443108758628e+01 9.106311660625991067e+00 -3.199496560322030447e+00
7.839581778126078149e+00 -7.827937643256343669e+00 -8.267205161283303072e-01 1.164845986117302701e+01 3.555376581330880192e+00 -1.643312881403509618e+00 -2.044925581771670409e+01 -5.944557308128195494e+00 3.665204033288700924e-01 1.176937449328787544e+01 -7.110992667876741891e+00 1.252305063303359001e+00 -3.102539445251788930e+00 -1.137414694739533516e+01 -4.082297913251208499e+00 6.227563625910440770e+00 -7.172559703220131588e+00 -9.456727543381282075e+00 5.328751388663843791e-01 -2.905937332828041342e+00 -6.513066430216638558e+00 -3.218339298635982448e+00 -7.267381864307098205e+00 1.033116390278340013e+00 3.222636496547395257e+00 -4.636381822365503780e+00 -9.332657356152532557e+00 -1.230508243594432827e+01 9.441956715329419936e+00 8.445877078774085334e+00 1.668251808546075354e+00 5.660397029456105678e+00 1.016524027486061410e+00 -1.079540408436002252e+01 -9.396540369657071068e+00 -5.987043007863774413e+00 1.495904798517267054e+01 1.529943743167821424e+01 7.586761685546949963e+00 7.386446316410387958e+00 2.388853297349121885e+00 -1.198551613181221498e+00 5.384944649700648789e+00 4.319175018656989273e+00 -5.093107190294298370e+00 -1.668461303620972558e+00 -1.194478136349212782e+01 5.086372190250086689e+00 -7.311636302990958569e+00 -3.697223830244303677e+00 -5.965379492067587108e+00 -5.314381616280260623e+00 -9.191139520181149436e+00 1.545536462485538820e+01 -9.815604637449357739e+00 -1.237335117074196056e+01 7.375749182238987345e+00 -5.214603015796228647e+00 -6.435233418887960077e+00 1.394248785230451648e-01 -5.155272006547507502e+00 -1.283235810974209556e+01 -5.923767290492992110e+00 2.139032496804396999e+00 4.191340838001446301e+00 6.596644429680298849e+00 -2.957165526107059961e+00 5.248532854906044598e+00 -1.948510571106085998e-01 -7.862831892106501019e-01 6.297493535045890489e+00 -3.284511704512203867e+00 1.809686911407609244e+01 -2.771266539795274930e+00 -1.234152187104027831e+01 1.859660033886389785e+00 -1.140647615433265294e+01 3.332270307729314762e+00 1.197066022047690836e+01 5.421870932982210789e+00 -1.063956000689288306e+00 -1.342446482573537381e+01 -6.514872123876237708e+00 -4.612160397558116465e+00 5.538945288468291928e+00 -1.108058998062999834e+01 -9.522473383303285743e+00 -4.211351496492835023e-01 4.196323607817184609e+00 7.801554078788868196e-01 1.566679518317861053e+01 -3.130950589590881350e+00 -1.626553849167265398e+01 8.171488985475059863e+00 2.293576142325254974e+00 9.701069004907138194e+00 -5.030893722201515317e+00 -8.490646460796611450e+00 7.828470965199191278e-01 2.964062301981726044e+00
1.764018436762807118e+00 2.240876259383350000e+00 9.500500175118468116e-01 4.105925945981496739e-01 7.610054281112321739e-01 3.336605981560379908e-01 3.130657200032573861e-01 6.535897093197465813e-01 2.269728304315214107e+00 -1.871813720929090263e-01 1.549415173995466466e-01 -1.980763446395571670e+00 1.230255961447873636e+00 -3.022893597576056801e-01 -1.706251339516851706e+00 -4.380419605797624683e-01 -1.613855790181644378e+00 3.868981050138712852e-01 -2.816756686859701528e-02 3.026896933009581847e-01 -6.724476305732238757e-01 -1.726235349337289948e+00 -1.630149383366398030e+00 5.193475887258722917e-02 1.139382782331442412e+00 -6.847583267445687127e-01 -3.115560234681571394e-01 9.008070472674932772e-01 1.488239972247454634e+00 -1.799168295601404066e-01 -4.031392889531610901e-01 9.765069336848108961e-01 1.049607450799193778e-02 4.019828525935045249e-01 -1.270469746871086381e+00 1.943588502099347304e+00 1.922928454553610056e+00 9.060330668276400656e-01 -2.679139994701664751e-01 -1.550277370780379360e-01 3.764116532108999214e-01 1.326348605997708541e+00 -4.351434639491548739e-01 4.074465411921794344e-01 -6.743635578501268046e-01 6.764038119154078821e-01 3.960125175001754094e-01 4.393939796769308903e-01 2.383119523895804281e+00 1.116992361163927860e+00 -6.823501141624510602e-02 -8.263799695434185244e-01 1.126602818953999385e+00 -4.378089160087248466e-01 9.493925156324769521e-01 8.443326683643780362e-01 1.187966737997411926e+00 3.187398856441952533e-01 -1.034234474017096783e+00 -6.894605811832970055e-01 -3.539825442583323656e-01 -2.223375974566986990e+00 -1.104331588855485657e+00 1.542977844208569538e+00 -3.927371324441321365e-02 -1.715859315729210133e-01 2.163212071025218730e+00 -2.393691683049462005e-01 6.401224017978141001e-01 -7.380022633648039010e-01 9.102723564839821924e-01 -4.664096736774873131e-01 -1.701841434397292560e-02 -4.226115000819153505e-02 -4.635880996836488910e-01 6.326403821045582798e-02 -5.972873630950609192e-01 -4.932933718411432467e-01 -1.156161585758454402e+00 -2.069948274116529596e+00 -6.374136434571763266e-01 -2.977911675208163578e-01 1.152296674276893418e+00 -1.466393781867365798e+00 1.419624841073723054e-01 6.947290897799367482e-01 -1.582906043219781678e+00 -5.068344366186997574e-01 -1.936260149468100433e+00 8.842198699087769342e-02 3.990454340481502937e-01 3.898330213035710035e-01 4.937324741320851529e-01 2.064461530377680543e+00 -6.920139913270840770e-01 6.088308966247200082e-01 6.898023495052009180e-01 -4.810189923574518800e-01 -1.359597697927877324e-01 5.829221840862514048e-01
4.001457981862108770e-01 1.867540337080707546e+00 -1.513564686898200840e-01 1.440426769675907936e-01 1.216782411960194432e-01 1.494039948974618559e+00 -8.540850731647516847e-01 8.644249445583459535e-01 -1.454349972878573594e+00 1.532754795597156106e+00 3.781529958106546463e-01 -3.478957578928767447e-01 1.202353823187141568e+00 -1.048521527419525867e+00 1.950753937994962772e+00 -1.252755602798302892e+00 -2.127170982061251658e-01 -5.108020859687145698e-01 4.283230256982291095e-01 -6.343551415433261731e-01 -3.595164886174140872e-01 1.774313855747052526e-01 4.627812811882160982e-01 7.290557796915085875e-01 -1.234798739961445513e+00 -8.707619315410621841e-01 5.615550004610227186e-02 4.656462002302808600e-01 1.895870194969059286e+00 -1.070731000472155525e+00 1.222413173430646927e+00 3.562784721575149027e-01 1.785822269105424853e+00 1.883124183650062733e+00 9.693599194906880046e-01 -4.136147466225025271e-01 1.480505440491747260e+00 -8.612145102603300240e-01 8.023939729847991975e-01 6.141629502235694815e-01 -1.099354134199120869e+00 -6.945565214974176449e-01 1.849222391348255945e+00 -7.698900024895889427e-01 3.178260142793738752e-02 5.765782211577538119e-01 -1.093024218514946799e+00 1.666650139681354059e-01 9.444760383391475056e-01 -1.315875323581238376e+00 1.713309492719524041e+00 -9.841935794012492134e-02 -1.079906063233887714e+00 -4.980238022046715729e-01 8.755212127211750572e-02 -1.000183659606648900e+00 3.169367013823246038e-01 8.568085441947044245e-01 6.815642316369869835e-01 -4.555128993471658783e-01 -1.374895455158939850e+00 6.252257924107175180e-01 5.216011406600554873e-02 -1.292832110526674683e+00 -1.168050040929063060e+00 7.717490782093946455e-01 1.336514134658425057e+00 1.099612592533843358e+00 -1.616909993087765729e+00 2.799055636722575513e-01 3.172649103928001924e-01 -9.443966808987691586e-01 3.791473647387368362e-01 -9.558991871498673243e-01 4.814595664196857916e-01 1.565111266909486321e-01 -2.379108132665622988e-01 -5.428438186631607820e-01 7.811899692002721718e-01 4.262363740769143372e-01 -3.973118837880366128e-01 -3.090026187856115825e-01 1.079601020166457648e+00 5.210401606892333115e-01 -3.193181472950699651e-01 -7.255969633930607898e-01 6.103614871716694923e-01 -5.962468282099354644e-01 1.887918431599248381e-01 -3.108769931136516340e-01 -2.772578752030635751e+00 -6.523413063914464960e-01 -1.161070588546566501e-01 -1.105332671132793626e-01 1.536338711183515393e+00 -1.045229412643474909e+00 1.301802850839193670e+00 2.303888417926021503e+00 1.136861523001176044e+00 -3.994347299649982919e-01
9.787206222793919386e-01 -9.772686538363578590e-01 -1.032089418100706757e-01 1.454230539577094916e+00 4.438683220212136238e-01 -2.051575007214293811e-01 -2.552959269832395073e+00 -7.421357590670493165e-01 4.575767355328744235e-02 1.469328755719461421e+00 -8.877586012532535653e-01 1.563410110763257532e-01 -3.873350069563364362e-01 -1.419986737386772946e+00 -5.096496343531368156e-01 7.774690848128840148e-01 -8.954463482465561119e-01 -1.180610575791823713e+00 6.652867121515620985e-02 -3.628015631718612966e-01 -8.131089666445762143e-01 -4.017926721255153932e-01 -9.072859889568534175e-01 1.289770863888160535e-01 4.023226021982577172e-01 -5.788173123923638919e-01 -1.165119253358098295e+00 -1.536207290671144809e+00 1.178768842458297383e+00 1.054407121976376871e+00 2.082700986676957189e-01 7.066915155316564334e-01 1.269054579625922552e-01 -1.347735907386305110e+00 -1.173095158895753887e+00 -7.474437049399426103e-01 1.867543214146377251e+00 1.910035955662326534e+00 9.471367271855745118e-01 9.221386126220024737e-01 2.982327064189266297e-01 -1.496312011772839567e-01 6.722731322548881616e-01 5.392157275256868054e-01 -6.358429236048674937e-01 -2.082968955547147560e-01 -1.491227150224615938e+00 6.349950208043022570e-01 -9.128111679299318881e-01 -4.615736850256329515e-01 -7.447379109294728350e-01 -6.634656846508024675e-01 -1.147455269595309746e+00 1.929502377049599593e+00 -1.225414288403532170e+00 -1.544729019616589039e+00 9.208064877762263123e-01 -6.510078331951820729e-01 -8.033972954082762019e-01 1.738666031745525128e-02 -6.436007355507695760e-01 -1.602038035883073253e+00 -7.395420127624138251e-01 2.670437380201243771e-01 5.232599746219319670e-01 8.235638234838397187e-01 -3.691848518893866560e-01 6.552431728695924384e-01 -2.432593418470505725e-02 -9.816602188080580937e-02 7.861703655729244122e-01 -4.100518604590833172e-01 2.259277933066172306e+00 -3.459742452064784590e-01 -1.540755429158150003e+00 2.321635803186597735e-01 -1.424020987109866132e+00 4.160039648564955450e-01 1.494459014164878363e+00 6.768822748748914986e-01 -1.328143670908867868e-01 -1.675952158447271190e+00 -8.133364114080645635e-01 -5.758036326686688522e-01 6.914943279782477248e-01 -1.383339325814723741e+00 -1.188813380866909464e+00 -5.257857319719962813e-02 5.238841265309882589e-01 9.739700655600040669e-02 1.955902411165029608e+00 -3.908604105493981296e-01 -2.030645756133373947e+00 1.020157734994118437e+00 2.863378518074961576e-01 1.211112815432287215e+00 -6.280736621208496961e-01 -1.060003091059239955e+00 9.773608626331729832e-02 3.700423505095559173e-01
