# 
#                 ----------------------------------------------------
#                 Data from a 3D direct N-body simulation. 
# 
#                 rows are i-particle; 
#                 coumns are :mass, tag, x ,y, z, vx, vy, vz, ax, ay, az
# 
#                 NTHU, Computational Physics Lab
# 
#                 ----------------------------------------------------
#                 Time = 2.099999999999999
1.000000000000000000e+00 2.000000000000000000e+00 3.000000000000000000e+00 4.000000000000000000e+00 5.000000000000000000e+00 6.000000000000000000e+00 7.000000000000000000e+00 8.000000000000000000e+00 9.000000000000000000e+00 1.000000000000000000e+01 1.100000000000000000e+01 1.200000000000000000e+01 1.300000000000000000e+01 1.400000000000000000e+01 1.500000000000000000e+01 1.600000000000000000e+01 1.700000000000000000e+01 1.800000000000000000e+01 1.900000000000000000e+01 2.000000000000000000e+01 2.100000000000000000e+01 2.200000000000000000e+01 2.300000000000000000e+01 2.400000000000000000e+01 2.500000000000000000e+01 2.600000000000000000e+01 2.700000000000000000e+01 2.800000000000000000e+01 2.900000000000000000e+01 3.000000000000000000e+01 3.100000000000000000e+01 3.200000000000000000e+01 3.300000000000000000e+01 3.400000000000000000e+01 3.500000000000000000e+01 3.600000000000000000e+01 3.700000000000000000e+01 3.800000000000000000e+01 3.900000000000000000e+01 4.000000000000000000e+01 4.100000000000000000e+01 4.200000000000000000e+01 4.300000000000000000e+01 4.400000000000000000e+01 4.500000000000000000e+01 4.600000000000000000e+01 4.700000000000000000e+01 4.800000000000000000e+01 4.900000000000000000e+01 5.000000000000000000e+01 5.100000000000000000e+01 5.200000000000000000e+01 5.300000000000000000e+01 5.400000000000000000e+01 5.500000000000000000e+01 5.600000000000000000e+01 5.700000000000000000e+01 5.800000000000000000e+01 5.900000000000000000e+01 6.000000000000000000e+01 6.100000000000000000e+01 6.200000000000000000e+01 6.300000000000000000e+01 6.400000000000000000e+01 6.500000000000000000e+01 6.600000000000000000e+01 6.700000000000000000e+01 6.800000000000000000e+01 6.900000000000000000e+01 7.000000000000000000e+01 7.100000000000000000e+01 7.200000000000000000e+01 7.300000000000000000e+01 7.400000000000000000e+01 7.500000000000000000e+01 7.600000000000000000e+01 7.700000000000000000e+01 7.800000000000000000e+01 7.900000000000000000e+01 8.000000000000000000e+01 8.100000000000000000e+01 8.200000000000000000e+01 8.300000000000000000e+01 8.400000000000000000e+01 8.500000000000000000e+01 8.600000000000000000e+01 8.700000000000000000e+01 8.800000000000000000e+01 8.900000000000000000e+01 9.000000000000000000e+01 9.100000000000000000e+01 9.200000000000000000e+01 9.300000000000000000e+01 9.400000000000000000e+01 9.500000000000000000e+01 9.600000000000000000e+01 9.700000000000000000e+01 9.800000000000000000e+01 9.900000000000000000e+01 1.000000000000000000e+02
2.000000000000000111e-01 2.000000000000000111e-01 2.000000000000000111e-01 2.000000000000000111e-01 2.000000000000000111e-01 2.000000000000000111e-01 2.000000000000000111e-01 2.000000000000000111e-01 2.000000000000000111e-01 2.000000000000000111e-01 2.000000000000000111e-01 2.000000000000000111e-01 2.000000000000000111e-01 2.000000000000000111e-01 2.000000000000000111e-01 2.000000000000000111e-01 2.000000000000000111e-01 2.000000000000000111e-01 2.000000000000000111e-01 2.000000000000000111e-01 2.000000000000000111e-01 2.000000000000000111e-01 2.000000000000000111e-01 2.000000000000000111e-01 2.000000000000000111e-01 2.000000000000000111e-01 2.000000000000000111e-01 2.000000000000000111e-01 2.000000000000000111e-01 2.000000000000000111e-01 2.000000000000000111e-01 2.000000000000000111e-01 2.000000000000000111e-01 2.000000000000000111e-01 2.000000000000000111e-01 2.000000000000000111e-01 2.000000000000000111e-01 2.000000000000000111e-01 2.000000000000000111e-01 2.000000000000000111e-01 2.000000000000000111e-01 2.000000000000000111e-01 2.000000000000000111e-01 2.000000000000000111e-01 2.000000000000000111e-01 2.000000000000000111e-01 2.000000000000000111e-01 2.000000000000000111e-01 2.000000000000000111e-01 2.000000000000000111e-01 2.000000000000000111e-01 2.000000000000000111e-01 2.000000000000000111e-01 2.000000000000000111e-01 2.000000000000000111e-01 2.000000000000000111e-01 2.000000000000000111e-01 2.000000000000000111e-01 2.000000000000000111e-01 2.000000000000000111e-01 2.000000000000000111e-01 2.000000000000000111e-01 2.000000000000000111e-01 2.000000000000000111e-01 2.000000000000000111e-01 2.000000000000000111e-01 2.000000000000000111e-01 2.000000000000000111e-01 2.000000000000000111e-01 2.000000000000000111e-01 2.000000000000000111e-01 2.000000000000000111e-01 2.000000000000000111e-01 2.000000000000000111e-01 2.000000000000000111e-01 2.000000000000000111e-01 2.000000000000000111e-01 2.000000000000000111e-01 2.000000000000000111e-01 2.000000000000000111e-01 2.000000000000000111e-01 2.000000000000000111e-01 2.000000000000000111e-01 2.000000000000000111e-01 2.000000000000000111e-01 2.000000000000000111e-01 2.000000000000000111e-01 2.000000000000000111e-01 2.000000000000000111e-01 2.000000000000000111e-01 2.000000000000000111e-01 2.000000000000000111e-01 2.000000000000000111e-01 2.000000000000000111e-01 2.000000000000000111e-01 2.000000000000000111e-01 2.000000000000000111e-01 2.000000000000000111e-01 2.000000000000000111e-01 2.000000000000000111e-01
9.413028144602494152e+00 1.195749648628706652e+01 5.069670179871192062e+00 2.190966579635160727e+00 4.060894040118906645e+00 1.780485332609486715e+00 1.670542374470963543e+00 3.487704558033198232e+00 1.211149049349618423e+01 -9.988192131599654688e-01 8.267996530276938705e-01 -1.056958675307781093e+01 6.564848175011851694e+00 -1.613085462993615993e+00 -9.104718936483710223e+00 -2.337545008466543894e+00 -8.611785810507463168e+00 2.064525453548873735e+00 -1.503630269074746617e-01 1.614283078966475271e+00 -3.588266175163115967e+00 -9.211469835466923328e+00 -8.698757257651672958e+00 2.771696241280253159e-01 6.079876121440115355e+00 -3.654114675565677928e+00 -1.662464354369499686e+00 4.806830308666243390e+00 7.941372484949311250e+00 -9.600776780037617586e-01 -2.151324180991761370e+00 5.211225964686202694e+00 5.602358768819146878e-02 2.145027014243414243e+00 -6.779351966001159191e+00 1.037121801922530651e+01 1.026089743928868536e+01 4.834684771144724280e+00 -1.429965126260403618e+00 -8.271641610099549347e-01 2.008607703587947935e+00 7.077613762386012475e+00 -2.321988205461605670e+00 2.174217166287777392e+00 -3.598312293136997297e+00 3.609444169535149793e+00 2.113119043196711289e+00 2.344618999731474585e+00 1.271654737510892375e+01 5.960424157089365238e+00 -3.641321834009201841e-01 -4.409842464456859901e+00 6.011743267712374106e+00 -2.336215414002713153e+00 5.066120707081799068e+00 4.505524292463845448e+00 6.339305724530194475e+00 1.700762337082011966e+00 -5.518760810830670493e+00 -3.679358024118638770e+00 -1.888914669505213473e+00 -1.186415562509824184e+01 -5.892978524109842908e+00 8.233556021299932581e+00 -2.096034354050232973e-01 -9.154304115296004740e-01 1.154310464224047905e+01 -1.277326456973979951e+00 3.415762158063902820e+00 -3.938133189794754241e+00 4.856879475264991086e+00 -2.488823563028455421e+00 -9.081922161911014368e-02 -2.254913881802907971e-01 -2.473761226967726046e+00 3.375717793954560730e-01 -3.187271691325057166e+00 -2.632345650332615694e+00 -6.169420599247250614e+00 -1.104549658343226604e+01 -3.401365918103214980e+00 -1.589027389306311822e+00 6.148854215412598911e+00 -7.824874459522010106e+00 7.574810994727810831e-01 3.707190515259948249e+00 -8.446597048204809610e+00 -2.704420519654393562e+00 -1.033206071154762817e+01 4.718245494019147057e-01 2.129330086547442935e+00 2.081225194089633579e+00 2.634618910452250162e+00 1.101619705473206601e+01 -3.692766724418196311e+00 3.248804593101144000e+00 3.680883986376354056e+00 -2.566774360681761458e+00 -7.254472760056059899e-01 3.110629695053323207e+00
2.135244276244014028e+00 9.965360231747133923e+00 -8.076486851090243224e-01 7.686225540154034697e-01 6.492680953578775505e-01 7.972430591233310437e+00 -4.557483925689512994e+00 4.612660381638307605e+00 -7.760547872438567474e+00 8.178955290588097782e+00 2.017881929764468119e+00 -1.856455656910984020e+00 6.415925700760893413e+00 -5.595090834746058839e+00 1.040940759979209673e+01 -6.684927824859467904e+00 -1.135163118709232588e+00 -2.725677849870405289e+00 2.285588962346496444e+00 -3.384816539408298297e+00 -1.918546740118008964e+00 9.467614728933233526e-01 2.469428006134772868e+00 3.890419204607962644e+00 -6.589057677629809540e+00 -4.646572076712381261e+00 2.996884849235534332e-01 2.484777288710701360e+00 1.011653515732831465e+01 -5.713561868014498835e+00 6.522987216716919612e+00 1.901476572909540419e+00 9.529432561010134251e+00 1.004855236134440766e+01 5.172702246140016946e+00 -2.207086145972558811e+00 7.900088991134582628e+00 -4.595529022014165577e+00 4.281867635340118383e+00 3.276865081080747366e+00 -5.866397907680904744e+00 -3.706234324062247065e+00 9.867710840803097128e+00 -4.108277318049773363e+00 1.697881255319650118e-01 3.076701314834295431e+00 -5.832583163462118137e+00 8.893672560921016546e-01 5.039785354916579863e+00 -7.021706692721635612e+00 9.142439923789243750e+00 -5.253051852428020085e-01 -5.762535976350591227e+00 -2.657514995455266593e+00 4.671789266608872282e-01 -5.337158571879057511e+00 1.691214063089648834e+00 4.572062757843982084e+00 3.636983687467317594e+00 -2.430719150549943475e+00 -7.336737422761283156e+00 3.336259045805838763e+00 2.783491214522362256e-01 -6.898717390477211886e+00 -6.232949719650178189e+00 4.118259937921868286e+00 7.131762292859025187e+00 5.867778463620425988e+00 -8.628099392374391385e+00 1.493667307494693119e+00 1.692751859906899359e+00 -5.039549030428529086e+00 2.023167027418289354e+00 -5.100911716917421401e+00 2.569181194970038273e+00 8.351325791706397661e-01 -1.269548281953955415e+00 -2.896713392182766800e+00 4.168501727580998129e+00 2.274509305692574923e+00 -2.119913488515213995e+00 -1.648895413985080660e+00 5.760876310004166889e+00 2.780396618935414121e+00 -1.703939263156392325e+00 -3.871823357977970392e+00 3.256992000261298870e+00 -3.181875569686581251e+00 1.007348972448007807e+00 -1.658892415542611465e+00 -1.479467566356300878e+01 -3.481198899881174924e+00 -6.195404146418466151e-01 -5.898410209373768920e-01 8.198135733056673757e+00 -5.577493583426036849e+00 6.946661085136882186e+00 1.229377851949782574e+01 6.066470984035707836e+00 -2.131461700888502175e+00
5.222572611039864476e+00 -5.214791829090493103e+00 -5.507682777946888431e-01 7.760021183629246977e+00 2.368482910001263431e+00 -1.094733777276507780e+00 -1.362284223263957195e+01 -3.960192227702640011e+00 2.441686569076790547e-01 7.840533470398391991e+00 -4.737234413463320415e+00 8.342757366956050635e-01 -2.066805738802112380e+00 -7.577246803363723693e+00 -2.719526265811601728e+00 4.148700203160429645e+00 -4.778228487986882378e+00 -6.299884724278425274e+00 3.549538668602221225e-01 -1.935682035162777037e+00 -4.338941487246815498e+00 -2.143938176179283062e+00 -4.841373605277811798e+00 6.882518110555002622e-01 2.146890760507703888e+00 -3.088729373530479272e+00 -6.217258680542459892e+00 -8.197426565783443309e+00 6.290013006557061637e+00 5.626550080835009737e+00 1.111359456201912677e+00 3.770460874743700064e+00 6.772007853242228981e-01 -7.191680120245194985e+00 -6.259809014137772465e+00 -3.988442039272154460e+00 9.965367848268137152e+00 1.019216499978033497e+01 5.054436515681849151e+00 4.920853870156019383e+00 1.591406814055255081e+00 -7.984531175915935419e-01 3.587370776425777397e+00 2.877417842093207057e+00 -3.392902426006702221e+00 -1.111490195143721271e+00 -7.957386136091731288e+00 3.388512917246220724e+00 -4.870850891508520242e+00 -2.463024562185537558e+00 -3.974027335780323966e+00 -3.540337192064486604e+00 -6.122932982925574308e+00 1.029604155349773897e+01 -6.538958042065408982e+00 -8.242921988416341605e+00 4.913681785901254706e+00 -3.473882397955234236e+00 -4.287018316325952760e+00 9.315140411137368126e-02 -3.434357379123950338e+00 -8.548634655903642354e+00 -3.946318286059141034e+00 1.424987668805002494e+00 2.792209079712721476e+00 4.394335584449414966e+00 -1.969976601568776520e+00 3.496493731835380814e+00 -1.298051728542097549e-01 -5.237553827004298723e-01 4.195683990275082209e+00 -2.188048434091336869e+00 1.205574584886192113e+01 -1.846166421095536858e+00 -8.221716713830371503e+00 1.238907290458331145e+00 -7.598809145511360441e+00 2.220004904858677630e+00 7.974611595476881476e+00 3.611982170653900148e+00 -7.089727709807448486e-01 -8.943174044863145156e+00 -4.340116733995750486e+00 -3.072453429638183575e+00 3.690028528216449111e+00 -7.381667727439683802e+00 -6.343753761524911106e+00 -2.805161467537811149e-01 2.795499872460864399e+00 5.197281149050092530e-01 1.043683321212795789e+01 -2.086028062202158306e+00 -1.083578433488739634e+01 5.443673440279042985e+00 1.527936774271931197e+00 6.462690282445363366e+00 -3.351488845019847229e+00 -5.656281144621469359e+00 5.214795340685222103e-01 1.974619403184930899e+00
5.486152620634049626e+00 6.969152783593167477e+00 2.954718158333403899e+00 1.276952599911074238e+00 2.366779535958015934e+00 1.037706843233423548e+00 9.736376198726466313e-01 2.032711091147932247e+00 7.058897935370145760e+00 -5.821381069645328310e-01 4.818777513801185686e-01 -6.160228153742655088e+00 3.826152643453729851e+00 -9.401417400309577399e-01 -5.306472398794317868e+00 -1.362363224298066333e+00 -5.019160073899163521e+00 1.203260267561401697e+00 -8.762503727914500162e-02 9.410092973397473637e-01 -2.091333025718185468e+00 -5.368668973633820229e+00 -5.069844409231996529e+00 1.615344426642463249e-01 3.543509638220871061e+00 -2.129682792162168603e+00 -9.689335404280667863e-01 2.801541609511089437e+00 4.628446238407875057e+00 -5.595543920231298429e-01 -1.253824586383416984e+00 3.037152111931389342e+00 3.264922528886168157e-02 1.250177286239003926e+00 -3.951185777095897134e+00 6.044613525492531281e+00 5.980329619925385032e+00 2.817781735371096996e+00 -8.333582914453642188e-01 -4.821074838330188794e-01 1.170662867164611987e+00 4.125004959821733763e+00 -1.353312618949223500e+00 1.267183678846066419e+00 -2.097220273603802809e+00 2.103663921565321004e+00 1.231589464679002432e+00 1.366511560420662130e+00 7.411542885923158686e+00 3.473885251343194813e+00 -2.122216356816129801e-01 -2.570137207791859613e+00 3.503788735608016403e+00 -1.361603871960173517e+00 2.952656847061779999e+00 2.625924011367440247e+00 3.694679360488474007e+00 9.912610986990341155e-01 -3.216482855264897189e+00 -2.144367850623508431e+00 -1.100904244172367541e+00 -6.914743588648859962e+00 -3.434555613938099494e+00 4.798721011925399793e+00 -1.221560922017402712e-01 -5.335676494327776798e-01 6.727628469502364261e+00 -7.444544317183482418e-01 1.990795544883677604e+00 -2.295233740508683784e+00 2.830794493076693730e+00 -1.450549444106593588e+00 -5.293052841740914644e-02 -1.314256575753691425e-01 -1.441771828582715020e+00 1.967478269400326218e-01 -1.857610499800467441e+00 -1.534185608135170797e+00 -3.595696517019911109e+00 -6.437599049131968343e+00 -1.982394541270960042e+00 -9.261300602419068051e-01 3.583699539547853252e+00 -4.560534459979255217e+00 4.414881293254923622e-01 2.160640162996769753e+00 -4.922890541444719048e+00 -1.576225603153534216e+00 -6.021801108848760187e+00 2.749925425093984188e-01 1.241032786051934567e+00 1.212805643601007510e+00 1.535523161583640883e+00 6.420526438460291807e+00 -2.152221970861429412e+00 1.893485181161290498e+00 2.145311090138485977e+00 -1.495982314246163236e+00 -4.228184646744156394e-01 1.812939340786807296e+00
1.244472034621575407e+00 5.808079228126312721e+00 -4.707198233070759574e-01 4.479741831445442912e-01 3.784140717464737902e-01 4.646528025566704301e+00 -2.656221966536080448e+00 2.688379924742876348e+00 -4.523054014131054679e+00 4.766907224221723638e+00 1.176071343428773730e+00 -1.081982530183357660e+00 3.739362819890333700e+00 -3.260953203221100161e+00 6.066879728830044449e+00 -3.896134741668716206e+00 -6.615879695575316299e-01 -1.588599461682679292e+00 1.332099028701547727e+00 -1.972790493272692069e+00 -1.118156070772794886e+00 5.518030604091999081e-01 1.439251371273338576e+00 2.267420183686628565e+00 -3.840268230333431454e+00 -2.708127021470939866e+00 1.746596512863154427e-01 1.448186158431003179e+00 5.896187251117772199e+00 -3.330008659761326317e+00 3.801756971906447902e+00 1.108169501779253663e+00 5.553985878309718238e+00 5.856559435929191260e+00 3.014769327162596824e+00 -1.286348764870473449e+00 4.604387164705498137e+00 -2.678395345135450523e+00 2.495547052992316051e+00 1.909910467527556222e+00 -3.419067422402651157e+00 -2.160089266486359350e+00 5.751149029370452581e+00 -2.394400412821570345e+00 9.892209149893334275e-02 1.793178802018840834e+00 -3.399366114644937209e+00 5.183420210163651731e-01 2.937326101441021908e+00 -4.092424567737244168e+00 5.328446695487628837e+00 -3.061382895150739913e-01 -3.358549340070326128e+00 -1.548868124474134467e+00 2.722856622984651254e-01 -3.110622843649872404e+00 9.856827768130573819e-01 2.664710549391759109e+00 2.119714137133380305e+00 -1.416677087935452883e+00 -4.276015899616014693e+00 1.944461439631600674e+00 1.622260508394018919e-01 -4.020748294029812264e+00 -3.632706475326788809e+00 2.400207262186427659e+00 4.156581480999505196e+00 3.419871794873792670e+00 -5.028665156078114151e+00 8.705373368763604791e-01 9.866176371003730905e-01 -2.937154501644648974e+00 1.179155430084986245e+00 -2.972921162275776297e+00 1.497374967511568400e+00 4.867421209338677057e-01 -7.399204265593155583e-01 -1.688273062975321093e+00 2.429514062616453973e+00 1.325631574532350809e+00 -1.235574606479192150e+00 -9.610150188098016688e-01 3.357587819900633264e+00 1.620475194691482157e+00 -9.930961809614767821e-01 -2.256607230895097960e+00 1.898253395568681112e+00 -1.854437224547079266e+00 5.871210338015933061e-01 -9.668424125805568092e-01 -8.622742750095531150e+00 -2.028891261559971237e+00 -3.610878667310646883e-01 -3.437705090440301148e-01 4.778075903078375930e+00 -3.250702524755876954e+00 4.048677587607431683e+00 7.165139084208368203e+00 3.535687983291708747e+00 -1.242265322168949027e+00
3.043849440278322049e+00 -3.039320554659100893e+00 -3.209959656138975936e-01 4.522727027968358904e+00 1.380422181818945937e+00 -6.380410712276164409e-01 -7.939753128286486827e+00 -2.308089916535343455e+00 1.423077402937058533e-01 4.569661362461202359e+00 -2.760973506767348429e+00 4.862335183610385081e-01 -1.204598519248758270e+00 -4.416209618378589497e+00 -1.585014515845075245e+00 2.417963531567180357e+00 -2.784871096456859707e+00 -3.671734118238566325e+00 2.068855001795973925e-01 -1.128214210213236868e+00 -2.528829723480062519e+00 -1.249556076495469403e+00 -2.821679600124233911e+00 4.011282345840438412e-01 1.251254332520755908e+00 -1.800174589379512691e+00 -3.623570744400244958e+00 -4.777664010119729632e+00 3.665988590968816574e+00 3.279278870012278801e+00 6.477279626697206583e-01 2.197617449835574721e+00 3.946867909894681836e-01 -4.191496419583114807e+00 -3.648371994397510587e+00 -2.324568029285042137e+00 5.808085067109535871e+00 5.940259096617257484e+00 2.945783153747046246e+00 2.867962058560344030e+00 9.275126302335848782e-01 -4.653584795448841294e-01 2.090804696486417313e+00 1.677015469685896321e+00 -1.977476631555591613e+00 -6.478063773826018279e-01 -4.637766067753011257e+00 1.974893885039226138e+00 -2.838860759384590260e+00 -1.435511963071825603e+00 -2.316162473269642863e+00 -2.063398825591541641e+00 -3.568607705943274588e+00 6.000800774584662101e+00 -3.811073048528274221e+00 -4.804175851074852233e+00 2.863793506019221002e+00 -2.024663315016895559e+00 -2.498585753355211825e+00 5.422336412696770330e-02 -2.001627090913464357e+00 -4.982370277651625656e+00 -2.300009870247115007e+00 8.305176512324159432e-01 1.627365723886585291e+00 2.561186142137605870e+00 -1.148159975587949244e+00 2.037839782181114057e+00 -7.565396547835299967e-02 -3.052708423852984465e-01 2.445246984917243349e+00 -1.275257749810744246e+00 7.026404939801572880e+00 -1.075992179384654746e+00 -4.791817181442644014e+00 7.220571943940971016e-01 -4.428770354339950366e+00 1.293847459094741970e+00 4.647809156100644046e+00 2.105145873598094131e+00 -4.131606743513545621e-01 -5.212295415510302732e+00 -2.529521640749328171e+00 -1.790723760496465644e+00 2.150619783861392076e+00 -4.302225456186556940e+00 -3.697284411059521325e+00 -1.635009779988552958e-01 1.629290876312897707e+00 3.029098413103621934e-01 6.082872633880390900e+00 -1.215727623475082897e+00 -6.315371413242170995e+00 3.172714972365181740e+00 8.905202352329490978e-01 3.766613798869202334e+00 -1.953331746280008829e+00 -3.296630369609770295e+00 3.039410995943788718e-01 1.150853779729954507e+00
1.764020637562310867e+00 2.240877358800609009e+00 9.500525098377143873e-01 4.105929779922911638e-01 7.610075243864429240e-01 3.336614892531318266e-01 3.130658486136997931e-01 6.535915845085461529e-01 2.269730012515831952e+00 -1.871815329160047836e-01 1.549419008552639643e-01 -1.980765589582458297e+00 1.230258214916383874e+00 -3.022902288787661096e-01 -1.706252562983764820e+00 -4.380440598378602668e-01 -1.613858519862319651e+00 3.868983900038032719e-01 -2.816851874402436298e-02 3.026754285996901550e-01 -6.724484622138833245e-01 -1.726238416294565647e+00 -1.630152561522214549e+00 5.193544943422136878e-02 1.139383944080075040e+00 -6.847616872987836167e-01 -3.115557967483835733e-01 9.008083089502583185e-01 1.488240765440453472e+00 -1.799173490901711525e-01 -4.031417337918282717e-01 9.765155471697308798e-01 1.049633063842754337e-02 4.019832751688009465e-01 -1.270470736666683864e+00 1.943590623332416056e+00 1.922929335392264072e+00 9.060338191379124773e-01 -2.679198107238808246e-01 -1.550265889317559431e-01 3.764125540150220495e-01 1.326351026283043577e+00 -4.351441186669709471e-01 4.074475339250057115e-01 -6.743615485698519763e-01 6.764057255012820846e-01 3.960121405339819267e-01 4.393938314305984028e-01 2.383121162730677423e+00 1.116993914089325912e+00 -6.823543939981947803e-02 -8.263837743553592574e-01 1.126604967542633284e+00 -4.378096382872761483e-01 9.493943518324061692e-01 8.443346357330009377e-01 1.187970832051413517e+00 3.187390912012921240e-01 -1.034235016934351048e+00 -6.894663756224201911e-01 -3.539832819906869599e-01 -2.223377738456815855e+00 -1.104334948307395425e+00 1.542980229629401956e+00 -3.927430421188003035e-02 -1.715833535958915801e-01 2.163213620755569444e+00 -2.393698179659025649e-01 6.401229939778518840e-01 -7.380041225721426512e-01 9.102662505491146971e-01 -4.664102845659242602e-01 -1.701854411565227251e-02 -4.226089044172584575e-02 -4.635886107896030617e-01 6.326390563481293361e-02 -5.972892264321274514e-01 -4.932950925098065764e-01 -1.156162938709312638e+00 -2.069950659653745362e+00 -6.374151590826618863e-01 -2.977911486295615195e-01 1.152298938858503430e+00 -1.466395764248647371e+00 1.419618790575015166e-01 6.947303913056913638e-01 -1.582908143119312383e+00 -5.068332598244859044e-01 -1.936261424868468417e+00 8.842199345488044315e-02 3.990454932112363906e-01 3.898500450004613871e-01 4.937330779323840790e-01 2.064463563846046235e+00 -6.920163186873962147e-01 6.088317363371731350e-01 6.898033759270968401e-01 -4.810195197638748033e-01 -1.359591155667366213e-01 5.829242284041932232e-01
4.001465387760423931e-01 1.867541482804167208e+00 -1.513565166761243475e-01 1.440427349981999450e-01 1.216780316757231362e-01 1.494042488248629397e+00 -8.540857654193871884e-01 8.644256748631243825e-01 -1.454350991948782701e+00 1.532756380432084731e+00 3.781536139001153707e-01 -3.478968217653413686e-01 1.202355512360507417e+00 -1.048523567829500402e+00 1.950755330605245197e+00 -1.252758183278837922e+00 -2.127186028696961551e-01 -5.108022838951633560e-01 4.283235995726219492e-01 -6.343529700872072574e-01 -3.595188694444579336e-01 1.774310451688762280e-01 4.627813441081717327e-01 7.290580377376780774e-01 -1.234800497523042662e+00 -8.707642170712710517e-01 5.615613891569506966e-02 4.656472542984257945e-01 1.895871426870300747e+00 -1.070732403640270780e+00 1.222415243831278087e+00 3.562842025661347445e-01 1.785825399105483324e+00 1.883125904426753205e+00 9.693623073524583189e-01 -4.136150214213878962e-01 1.480506047375811374e+00 -8.612152355233795298e-01 8.023980307769239539e-01 6.141575155043609291e-01 -1.099357162538090460e+00 -6.945572573586359377e-01 1.849225074292811133e+00 -7.698916946206230127e-01 3.178571738815916259e-02 5.765790386065264839e-01 -1.093026638900209901e+00 1.666655644964222804e-01 9.444762621411396664e-01 -1.315877406112004877e+00 1.713311649360963473e+00 -9.842151353260809865e-02 -1.079907714727061263e+00 -4.980243635094769306e-01 8.755206409580294780e-02 -1.000185716538373182e+00 3.169370849223349107e-01 8.568099764267628204e-01 6.815661973987514610e-01 -4.555141738299480214e-01 -1.374899079382678302e+00 6.252261596665773524e-01 5.216043655908876586e-02 -1.292833720086109972e+00 -1.168052861458564573e+00 7.717517731684417903e-01 1.336515031264948083e+00 1.099615643646164598e+00 -1.616912981972318253e+00 2.799067992140553129e-01 3.172618563120506718e-01 -9.443998988124933103e-01 3.791476484152194737e-01 -9.559021606741737731e-01 4.814609883350642328e-01 1.565108284775303671e-01 -2.379115218090393225e-01 -5.428449647081093898e-01 7.811904970150406191e-01 4.262378256563003065e-01 -3.973092775264350784e-01 -3.090032906128722390e-01 1.079602160578515546e+00 5.210417649455160172e-01 -3.193188138185711344e-01 -7.255969899581310445e-01 6.103626486445111743e-01 -5.962511937196838252e-01 1.887909828886114028e-01 -3.108775888500584506e-01 -2.772579660929073597e+00 -6.523456992973927226e-01 -1.161068563599986780e-01 -1.105337467844958038e-01 1.536341199848495709e+00 -1.045230967289954682e+00 1.301805666446416154e+00 2.303890253339623495e+00 1.136863459500779605e+00 -3.994356579927618722e-01
9.787217491049113871e-01 -9.772692526287609649e-01 -1.032095850570272089e-01 1.454233328292345195e+00 4.438679911941232903e-01 -2.051575502467077594e-01 -2.552961252329267960e+00 -7.421376584041259328e-01 4.575772831172069538e-02 1.469330703719034403e+00 -8.877603631465116329e-01 1.563415275599054077e-01 -3.873344752545645475e-01 -1.419988762347640154e+00 -5.096497996820399390e-01 7.774704652896375912e-01 -8.954476601609165920e-01 -1.180611978129871842e+00 6.652792774922798580e-02 -3.627976016025738493e-01 -8.131113888753734864e-01 -4.017919102897973271e-01 -9.072867919281492055e-01 1.289774644749698829e-01 4.023238379521948405e-01 -5.788194128847324871e-01 -1.165121238516109825e+00 -1.536209652902452039e+00 1.178769538760780389e+00 1.054410017180055670e+00 2.082704155390725509e-01 7.066837860287794593e-01 1.269058885899511102e-01 -1.347737410124888902e+00 -1.173096992226528412e+00 -7.474444257758642296e-01 1.867544236105159516e+00 1.910037837658384419e+00 9.471442183294087602e-01 9.221430332795124141e-01 2.982330611362186135e-01 -1.496314179115277032e-01 6.722745358151799300e-01 5.392178996159230353e-01 -6.358431274969312819e-01 -2.082970162409847337e-01 -1.491229126055628740e+00 6.349973845346151835e-01 -9.128118855975569934e-01 -4.615743937688940868e-01 -7.447390085180788377e-01 -6.634665029432920136e-01 -1.147456138076777821e+00 1.929504303126036824e+00 -1.225415666242160917e+00 -1.544731750841142004e+00 9.208098856908977226e-01 -6.510089857716476747e-01 -8.033980981406239064e-01 1.739267414146176624e-02 -6.436018822714214549e-01 -1.602039309248548538e+00 -7.395433748239090832e-01 2.670442008205433648e-01 5.232610575413277898e-01 8.235599360971310734e-01 -3.691846562511833518e-01 6.552445069347290207e-01 -2.432594653844212182e-02 -9.816500723322812982e-02 7.861806417131252944e-01 -4.100517192347957751e-01 2.259279946166476094e+00 -3.459747339151453271e-01 -1.540758128196593857e+00 2.321647134789128208e-01 -1.424023578102775023e+00 4.160069560223627061e-01 1.494460671134278051e+00 6.768839471470162739e-01 -1.328186747292864900e-01 -1.675955510751257371e+00 -8.133382189891095182e-01 -5.758026157431783698e-01 6.914972113220104744e-01 -1.383340924193684263e+00 -1.188816359044785553e+00 -5.257784131180243126e-02 5.238845738163044885e-01 9.739721155942573927e-02 1.955903053495247734e+00 -3.908664859716305395e-01 -2.030648268625128594e+00 1.020158707015857535e+00 2.863382306314548043e-01 1.211114923110825359e+00 -6.280745640948035557e-01 -1.060003917369595428e+00 9.773536423617128210e-02 3.700432290700635396e-01
