# 
#                 ----------------------------------------------------
#                 Data from a 3D direct N-body simulation. 
# 
#                 rows are i-particle; 
#                 coumns are :mass, tag, x ,y, z, vx, vy, vz, ax, ay, az
# 
#                 NTHU, Computational Physics Lab
# 
#                 ----------------------------------------------------
#                 Time = 4.199999999999955
1.000000000000000000e+00 2.000000000000000000e+00 3.000000000000000000e+00 4.000000000000000000e+00 5.000000000000000000e+00 6.000000000000000000e+00 7.000000000000000000e+00 8.000000000000000000e+00 9.000000000000000000e+00 1.000000000000000000e+01 1.100000000000000000e+01 1.200000000000000000e+01 1.300000000000000000e+01 1.400000000000000000e+01 1.500000000000000000e+01 1.600000000000000000e+01 1.700000000000000000e+01 1.800000000000000000e+01 1.900000000000000000e+01 2.000000000000000000e+01 2.100000000000000000e+01 2.200000000000000000e+01 2.300000000000000000e+01 2.400000000000000000e+01 2.500000000000000000e+01 2.600000000000000000e+01 2.700000000000000000e+01 2.800000000000000000e+01 2.900000000000000000e+01 3.000000000000000000e+01 3.100000000000000000e+01 3.200000000000000000e+01 3.300000000000000000e+01 3.400000000000000000e+01 3.500000000000000000e+01 3.600000000000000000e+01 3.700000000000000000e+01 3.800000000000000000e+01 3.900000000000000000e+01 4.000000000000000000e+01 4.100000000000000000e+01 4.200000000000000000e+01 4.300000000000000000e+01 4.400000000000000000e+01 4.500000000000000000e+01 4.600000000000000000e+01 4.700000000000000000e+01 4.800000000000000000e+01 4.900000000000000000e+01 5.000000000000000000e+01 5.100000000000000000e+01 5.200000000000000000e+01 5.300000000000000000e+01 5.400000000000000000e+01 5.500000000000000000e+01 5.600000000000000000e+01 5.700000000000000000e+01 5.800000000000000000e+01 5.900000000000000000e+01 6.000000000000000000e+01 6.100000000000000000e+01 6.200000000000000000e+01 6.300000000000000000e+01 6.400000000000000000e+01 6.500000000000000000e+01 6.600000000000000000e+01 6.700000000000000000e+01 6.800000000000000000e+01 6.900000000000000000e+01 7.000000000000000000e+01 7.100000000000000000e+01 7.200000000000000000e+01 7.300000000000000000e+01 7.400000000000000000e+01 7.500000000000000000e+01 7.600000000000000000e+01 7.700000000000000000e+01 7.800000000000000000e+01 7.900000000000000000e+01 8.000000000000000000e+01 8.100000000000000000e+01 8.200000000000000000e+01 8.300000000000000000e+01 8.400000000000000000e+01 8.500000000000000000e+01 8.600000000000000000e+01 8.700000000000000000e+01 8.800000000000000000e+01 8.900000000000000000e+01 9.000000000000000000e+01 9.100000000000000000e+01 9.200000000000000000e+01 9.300000000000000000e+01 9.400000000000000000e+01 9.500000000000000000e+01 9.600000000000000000e+01 9.700000000000000000e+01 9.800000000000000000e+01 9.900000000000000000e+01 1.000000000000000000e+02
2.000000000000000111e-01 2.000000000000000111e-01 2.000000000000000111e-01 2.000000000000000111e-01 2.000000000000000111e-01 2.000000000000000111e-01 2.000000000000000111e-01 2.000000000000000111e-01 2.000000000000000111e-01 2.000000000000000111e-01 2.000000000000000111e-01 2.000000000000000111e-01 2.000000000000000111e-01 2.000000000000000111e-01 2.000000000000000111e-01 2.000000000000000111e-01 2.000000000000000111e-01 2.000000000000000111e-01 2.000000000000000111e-01 2.000000000000000111e-01 2.000000000000000111e-01 2.000000000000000111e-01 2.000000000000000111e-01 2.000000000000000111e-01 2.000000000000000111e-01 2.000000000000000111e-01 2.000000000000000111e-01 2.000000000000000111e-01 2.000000000000000111e-01 2.000000000000000111e-01 2.000000000000000111e-01 2.000000000000000111e-01 2.000000000000000111e-01 2.000000000000000111e-01 2.000000000000000111e-01 2.000000000000000111e-01 2.000000000000000111e-01 2.000000000000000111e-01 2.000000000000000111e-01 2.000000000000000111e-01 2.000000000000000111e-01 2.000000000000000111e-01 2.000000000000000111e-01 2.000000000000000111e-01 2.000000000000000111e-01 2.000000000000000111e-01 2.000000000000000111e-01 2.000000000000000111e-01 2.000000000000000111e-01 2.000000000000000111e-01 2.000000000000000111e-01 2.000000000000000111e-01 2.000000000000000111e-01 2.000000000000000111e-01 2.000000000000000111e-01 2.000000000000000111e-01 2.000000000000000111e-01 2.000000000000000111e-01 2.000000000000000111e-01 2.000000000000000111e-01 2.000000000000000111e-01 2.000000000000000111e-01 2.000000000000000111e-01 2.000000000000000111e-01 2.000000000000000111e-01 2.000000000000000111e-01 2.000000000000000111e-01 2.000000000000000111e-01 2.000000000000000111e-01 2.000000000000000111e-01 2.000000000000000111e-01 2.000000000000000111e-01 2.000000000000000111e-01 2.000000000000000111e-01 2.000000000000000111e-01 2.000000000000000111e-01 2.000000000000000111e-01 2.000000000000000111e-01 2.000000000000000111e-01 2.000000000000000111e-01 2.000000000000000111e-01 2.000000000000000111e-01 2.000000000000000111e-01 2.000000000000000111e-01 2.000000000000000111e-01 2.000000000000000111e-01 2.000000000000000111e-01 2.000000000000000111e-01 2.000000000000000111e-01 2.000000000000000111e-01 2.000000000000000111e-01 2.000000000000000111e-01 2.000000000000000111e-01 2.000000000000000111e-01 2.000000000000000111e-01 2.000000000000000111e-01 2.000000000000000111e-01 2.000000000000000111e-01 2.000000000000000111e-01 2.000000000000000111e-01
2.482361214649748504e+01 3.153385090525359402e+01 1.336944182342432619e+01 5.777924206242866845e+00 1.070915074498014796e+01 4.695392474470408750e+00 4.405491455096434805e+00 9.197565583024235991e+00 3.193992927738961995e+01 -2.634044371186262445e+00 2.180389472577110688e+00 -2.787365204625436732e+01 1.731248603486813664e+01 -4.253932279048125764e+00 -2.401059675945633387e+01 -6.164393016799557756e+00 -2.271057751236720179e+01 5.444482705459104288e+00 -3.964863208657552485e-01 4.257814920941391357e+00 -9.462813629842614205e+00 -2.429202759079072393e+01 -2.293991401654374229e+01 7.309089898916536487e-01 1.603358689881380883e+01 -9.636344994625918758e+00 -4.384205527873261232e+00 1.267634885914786835e+01 2.094267974996283144e+01 -2.531859182150659748e+00 -5.673281105607546060e+00 1.374245432889620488e+01 1.477311362474440504e-01 5.656772051679262781e+00 -1.787822916949899366e+01 2.735052181251852232e+01 2.705964802229432919e+01 1.274983030047139643e+01 -3.770775421638334457e+00 -2.181424552537250428e+00 5.296988584656367571e+00 1.866472598352612167e+01 -6.123436889775759617e+00 5.733723798743194600e+00 -9.489443914619609899e+00 9.518611284255817040e+00 5.572664032703663395e+00 6.183156810107202972e+00 3.353556810465366311e+01 1.571855334911971092e+01 -9.602563718635356294e-01 -1.162930335330737996e+01 1.585386160628876340e+01 -6.160953138781559701e+00 1.336011295698161483e+01 1.188172079378802692e+01 1.671760433235658638e+01 4.485231065004424700e+00 -1.455386252404779057e+01 -9.702798584198063736e+00 -4.981346046202369315e+00 -3.128766346578514757e+01 -1.554060081042171149e+01 2.171313937704048769e+01 -5.527305308213972257e-01 -2.414266120679908312e+00 3.044100904851412537e+01 -3.368490619670981623e+00 9.007903463938250255e+00 -1.038542143942998308e+01 1.280869055841045956e+01 -6.563411515911417027e+00 -2.394991027110246751e-01 -5.946707692569680459e-01 -6.523694487623910909e+00 8.902392488142822913e-01 -8.405274785725330489e+00 -6.941849537055394315e+00 -1.626972133087153338e+01 -2.912869361541223157e+01 -8.969893498097951223e+00 -4.190530015765515870e+00 1.621544034321997430e+01 -2.063539767759573351e+01 1.997632666214068875e+00 9.776414183310997430e+00 -2.227497772559447498e+01 -7.132062697234406556e+00 -2.724729831870889285e+01 1.244279378342386000e+00 5.615394195826957535e+00 5.487720881034086062e+00 6.947898435917646331e+00 2.905144287913694257e+01 -9.738326723249631556e+00 8.567596686297244801e+00 9.707052783429855225e+00 -6.768984780651924105e+00 -1.913156498303425046e+00 8.203148369808948459e+00
5.630957991489571768e+00 2.628025453542746348e+01 -2.129901389558912506e+00 2.026982516362719533e+00 1.712237896950612459e+00 2.102450081554755812e+01 -1.201880853678788519e+01 1.216431617058960413e+01 -2.046580430990832511e+01 2.156918683484380139e+01 5.321459905882414354e+00 -4.895730491974259024e+00 1.691977998666429173e+01 -1.475508516760428890e+01 2.745126926417641400e+01 -1.762914022295242233e+01 -2.993541001770779086e+00 -7.188055574868346120e+00 6.027449936264497765e+00 -8.926426852229223385e+00 -5.059411424455799278e+00 2.496783664816026427e+00 6.512288692168252346e+00 1.025957250412319155e+01 -1.737635445536914247e+01 -1.225367183589932019e+01 7.902974562538379599e-01 6.552719455775579682e+00 2.667892375735709010e+01 -1.506754372376652817e+01 1.720210058206427561e+01 5.014233969000022384e+00 2.513054505575017572e+01 2.649961822660744204e+01 1.364115954303384903e+01 -5.820439423802123535e+00 2.083381731796483294e+01 -1.211913817964525286e+01 1.129180040413909225e+01 8.641899340486832060e+00 -1.547051927611565780e+01 -9.773919865010590513e+00 2.602266264429757214e+01 -1.083412782829318566e+01 4.476091828095303815e-01 8.113732833640382225e+00 -1.538137353546776964e+01 2.345382567829997988e+00 1.329074012184283760e+01 -1.851730606605726592e+01 2.411002820417312975e+01 -1.385213064724780008e+00 -1.519668459521614068e+01 -7.008281266446404700e+00 1.232031170964899225e+00 -1.407487417248295003e+01 4.459993816842952263e+00 1.205721960330524567e+01 9.591235047828186921e+00 -6.410148626260373739e+00 -1.934801997650071925e+01 8.798251416138091585e+00 7.340372967004749061e-01 -1.819298569271986210e+01 -1.643718730487007917e+01 1.086040539064499022e+01 1.880759822913907442e+01 1.547415894432469052e+01 -2.275358661935272409e+01 3.938989080323104908e+00 4.464214074341042782e+00 -1.328997232586140065e+01 5.335413736622484748e+00 -1.345180770995663266e+01 6.775288809157603787e+00 2.202397681895915671e+00 -3.347975437088295259e+00 -7.639058926358819335e+00 1.099300582359595069e+01 5.998188693883037992e+00 -5.590689495684219246e+00 -4.348378596545632746e+00 1.519233245574737090e+01 7.332290156317889718e+00 -4.493538619735724993e+00 -1.021063988146894275e+01 8.589172711898987345e+00 -8.390923642070790223e+00 2.656588045293126754e+00 -4.374746022029370351e+00 -3.901597276214165078e+01 -9.180288812120656061e+00 -1.633840737737794369e+00 -1.555485564101192431e+00 2.161972520538237319e+01 -1.470870175035981653e+01 1.831936294564017942e+01 3.242064693094317107e+01 1.599819791093275967e+01 -5.620973656901051108e+00
1.377273686467056457e+01 -1.375224314978659912e+01 -1.452436353959138504e+00 2.046432988777805662e+01 6.246098714106905980e+00 -2.886992379979827383e+00 -3.592560155527267085e+01 -1.044359285691153616e+01 6.439106525091325972e-01 2.067669475657770306e+01 -1.249278877146617539e+01 2.200098722459706391e+00 -5.450535632097065708e+00 -1.998236037605537874e+01 -7.171834406595386291e+00 1.094074473633806477e+01 -1.260091868466072462e+01 -1.661377450534062206e+01 9.361081759990527162e-01 -5.104904197213157246e+00 -1.144239230982841882e+01 -5.653957793839404999e+00 -1.276746740937508484e+01 1.815016068010554262e+00 5.661647794408210643e+00 -8.145390900910101095e+00 -1.639584776413091660e+01 -2.161786111719465708e+01 1.658777524548962390e+01 1.483800715516091095e+01 2.930824155079466475e+00 9.943702312953295319e+00 1.785870137985129169e+00 -1.896558222010889239e+01 -1.650806739813254964e+01 -1.051814920216164317e+01 2.628028059772227110e+01 2.687834081822154886e+01 1.332902730855626494e+01 1.297689554986666494e+01 4.196786913824899656e+00 -2.105643003458187668e+00 9.460424710393301240e+00 7.588123816023904844e+00 -8.947637262374971812e+00 -2.931178398384989503e+00 -2.098485329925739151e+01 8.935957152882885168e+00 -1.284520803940364253e+01 -6.495370576483379566e+00 -1.048011704236536978e+01 -9.336417618512275141e+00 -1.614714915775614656e+01 2.715227841182294100e+01 -1.724425173136823730e+01 -2.173782229525557597e+01 1.295803084748515310e+01 -9.161149121896935199e+00 -1.130554047263237294e+01 2.453658310996313374e-01 -9.056915374577657829e+00 -2.254410775447970749e+01 -1.040703091279074499e+01 3.757906777100170626e+00 7.363466744068678516e+00 1.158877968639407996e+01 -5.195164895770655988e+00 9.220770195447961726e+00 -3.423172012081028837e-01 -1.381278918074250850e+00 1.106422160547735167e+01 -5.770253878385129376e+00 3.179290666767522922e+01 -4.868623840351612664e+00 -2.168190200585673821e+01 3.267149558404641940e+00 -2.003919651620647358e+01 5.854377178891442490e+00 2.103029509188584001e+01 9.525316083477491702e+00 -1.869471436881453785e+00 -2.358447326115706133e+01 -1.144552130382983179e+01 -8.102619021874517102e+00 9.731078795524901182e+00 -1.946660646545566919e+01 -1.672938838020222363e+01 -7.398030081626488785e-01 7.372175790013136165e+00 1.370599446166773427e+00 2.752363139038971340e+01 -5.500911136053337813e+00 -2.857564144347631796e+01 1.435582394467526335e+01 4.029404721293216696e+00 1.704308574320636183e+01 -8.838389103383811118e+00 -1.491651280495771914e+01 1.375262979869027458e+00 5.207356859419842721e+00
9.190593460419067995e+00 1.167499398864238280e+01 4.949825598869095344e+00 2.139197418335465617e+00 3.964892956771568944e+00 1.738394958790312916e+00 1.631075755919286330e+00 3.405251289288211858e+00 1.182532902192367352e+01 -9.752191434684551741e-01 8.072553077468552774e-01 -1.031983345819446818e+01 6.409692335886377101e+00 -1.574950233757155038e+00 -8.889601391765374672e+00 -2.282253366180376108e+00 -8.408259865956626555e+00 2.015746562952991372e+00 -1.467778457579571316e-01 1.576643882481357783e+00 -3.503473852002274569e+00 -8.993766165212734975e+00 -8.493161179523362136e+00 2.705981023154201970e-01 5.936214601575037442e+00 -3.567678519499815071e+00 -1.623200971041523610e+00 4.693237625619066655e+00 7.753750945130967409e+00 -9.373802351625142304e-01 -2.100419451173994201e+00 5.087824983771107590e+00 5.469122878450097952e-02 2.094341684243161250e+00 -6.619173200143038116e+00 1.012615142574872706e+01 1.001848022402186800e+01 4.720451901282800122e+00 -1.395983295981813699e+00 -8.076646240540810151e-01 1.961128207704301962e+00 6.910339366691592211e+00 -2.267114524693802480e+00 2.122822372806971725e+00 -3.513381806948283614e+00 3.524113772173456560e+00 2.063215387848212234e+00 2.289238774742605287e+00 1.241609546669595865e+01 5.819570707526005471e+00 -3.555155724301591880e-01 -4.305538813677378229e+00 5.869656727649461558e+00 -2.281003292187795850e+00 4.946382900835848417e+00 4.399024512401009446e+00 6.189413458988153316e+00 1.660614092319212753e+00 -5.388375774316555678e+00 -3.592240660019625498e+00 -1.844268298630286740e+00 -1.158383483644135126e+01 -5.753655190638428785e+00 8.038976785418149973e+00 -2.046314599829531788e-01 -8.938956187615193505e-01 1.127037531330820208e+01 -1.247130311734325536e+00 3.335053159794362898e+00 -3.845040286710301736e+00 4.742360548926254360e+00 -2.430010347964478790e+00 -8.866932369926114332e-02 -2.201738222555335023e-01 -2.415307330860420265e+00 3.296021793211068029e-01 -3.111915759426095107e+00 -2.570103348526030729e+00 -6.023637151980664406e+00 -1.078449272555182503e+01 -3.320964654179979547e+00 -1.551491493808857314e+00 6.003524739636334928e+00 -7.639963313828293856e+00 7.396087623986219439e-01 3.619572506802660072e+00 -8.246995257488073605e+00 -2.640576784814289368e+00 -1.008794865279010544e+01 4.606787214227761607e-01 2.079028254613442872e+00 2.031471420095710911e+00 2.572361939603314607e+00 1.075589761345554329e+01 -3.605453597303531765e+00 3.172030873944498008e+00 3.593897014044269422e+00 -2.506122706859458038e+00 -7.083333502275224181e-01 3.037077899043995277e+00
2.084778925083406786e+00 9.729915041000833043e+00 -7.885684538371859897e-01 7.504638607448458343e-01 6.339381761690163763e-01 7.784014367448339300e+00 -4.449801287834701746e+00 4.503673012665268871e+00 -7.577189940029325221e+00 7.985693823487794774e+00 1.970193230756359881e+00 -1.812564647822136887e+00 6.264307477730086227e+00 -5.462850378702534648e+00 1.016346434173737201e+01 -6.526923996327844257e+00 -1.108295326985019758e+00 -2.661284033105487001e+00 2.231577936141877938e+00 -3.304934193580057578e+00 -1.873142993129885969e+00 9.244086418036869812e-01 2.411092122440124719e+00 3.798439498870051612e+00 -6.433347279353112569e+00 -4.536729282006577435e+00 2.925868175548360095e-01 2.426044195526486202e+00 9.877515848672723919e+00 -5.578545114052626985e+00 6.368826632955741474e+00 1.856359822279262328e+00 9.304215662201455572e+00 9.811121881217257368e+00 5.050427461104128213e+00 -2.154939997810808361e+00 7.713449175053378681e+00 -4.486946516170497112e+00 4.180578310454124313e+00 3.199647420530272957e+00 -5.727714024952928362e+00 -3.618658671340571509e+00 9.634518638802285651e+00 -4.011171050047461328e+00 1.656685599521052488e-01 3.003993854848427514e+00 -5.694719307904543726e+00 8.683390813158216037e-01 4.920725997801097762e+00 -6.855764755779306441e+00 8.926398710198849784e+00 -5.128210203655647614e-01 -5.626353665666504078e+00 -2.594718650460792642e+00 4.561450618234201837e-01 -5.211010512669832728e+00 1.651250219628868532e+00 4.464009873530452310e+00 3.551000919479309292e+00 -2.373255405910700055e+00 -7.163299850885903375e+00 3.257435957898220824e+00 2.717626014153241010e-01 -6.735697278496822094e+00 -6.085614281575953299e+00 4.020882925871140934e+00 6.963262028524291658e+00 5.729061181898331689e+00 -8.424179024229960788e+00 1.458340212228415034e+00 1.652871001190368672e+00 -4.920390635109970212e+00 1.975365169631127626e+00 -4.980312323142261022e+00 2.508441428380327576e+00 8.154151993525284858e-01 -1.239533817784258085e+00 -2.828246187491115560e+00 4.070013506994360597e+00 2.220729360112363437e+00 -2.069927048340162390e+00 -1.609921166215640076e+00 5.624751062132705925e+00 2.714661079383482445e+00 -1.663664933116185241e+00 -3.780360879623914538e+00 3.180013638838861123e+00 -3.106559774444118904e+00 9.835830747132238150e-01 -1.619684672683779691e+00 -1.444515900595548175e+01 -3.398812244430319929e+00 -6.049124950274608059e-01 -5.758908326061111804e-01 8.004389596788954009e+00 -5.445685790704774654e+00 6.782466289926965430e+00 1.200330653203752362e+01 5.923099049259746174e+00 -2.081079150142016942e+00
5.099163833845780758e+00 -5.091585305227029679e+00 -5.377353638054906959e-01 7.576613850691363616e+00 2.312545338962218366e+00 -1.068871870509178645e+00 -1.330096950697529579e+01 -3.866576842424148452e+00 2.383989075682548531e-01 7.655253628242904895e+00 -4.625268268680873263e+00 8.145501397495121809e-01 -2.018001521044222812e+00 -7.398183719890888632e+00 -2.655278907439907243e+00 4.050649941089671024e+00 -4.665309693068021346e+00 -6.151017679901993773e+00 3.465949926774983259e-01 -1.890093667884675144e+00 -4.236360889602077684e+00 -2.093319953189503924e+00 -4.726980951360303607e+00 6.719804806479171555e-01 2.096132988976588507e+00 -3.015692971292134761e+00 -6.070323091061307075e+00 -8.003701598813730556e+00 6.141403831687433978e+00 5.493536618489043732e+00 1.085095475495101214e+00 3.681662173151667883e+00 6.611886680339802425e-01 -7.021743274427395320e+00 -6.111873596261373720e+00 -3.894200504877196156e+00 9.729926802455416635e+00 9.951336418619931123e+00 4.934777506726819141e+00 4.804457408876422697e+00 1.553801655821353878e+00 -7.795842110508255374e-01 3.502579627904470083e+00 2.809370592398282351e+00 -3.312746967702919321e+00 -1.085229974444185785e+00 -7.769344988843299049e+00 3.308385708471595077e+00 -4.755764904200078469e+00 -2.404817385183321665e+00 -3.880113144805172443e+00 -3.456677552617327454e+00 -5.978264609706825716e+00 1.005275762401460860e+01 -6.384444383047227056e+00 -8.048109426445044789e+00 4.797490407601549656e+00 -3.391780876339546502e+00 -4.185720847916467591e+00 9.074115170988490686e-02 -3.353189741541497071e+00 -8.346651381116638291e+00 -3.853049410709957989e+00 1.391309947426819127e+00 2.726212715028354605e+00 4.290666421033795253e+00 -1.923447975869992055e+00 3.413851731848364324e+00 -1.267384391803221821e-01 -5.114185097437837779e-01 4.096214667996080472e+00 -2.136366520542965386e+00 1.177089054079680785e+01 -1.802538565655259495e+00 -8.027406185798268368e+00 1.209601805958943288e+00 -7.419216926185854710e+00 2.167458670181290792e+00 7.786174683929926843e+00 3.526600263696300974e+00 -6.920750006120198750e-01 -8.731798181431530637e+00 -4.237529848058120940e+00 -2.999910408299493181e+00 3.602760653503166655e+00 -7.207239581964923758e+00 -6.193795383249669939e+00 -2.739152758338439519e-01 2.729447973397964855e+00 5.074437527924762215e-01 1.019026831682844580e+01 -2.036540349361228408e+00 -1.057972992432575055e+01 5.315047153330625385e+00 1.491830089389231118e+00 6.309952744054667662e+00 -3.272287306653024253e+00 -5.522637657777993425e+00 5.091861843602724091e-01 1.927943563139172589e+00
1.764018824197056912e+00 2.240876452927654139e+00 9.500504562723094404e-01 4.105926620918150527e-01 7.610057971473270788e-01 3.336607550276827761e-01 3.130657426442454150e-01 6.535900394425002702e-01 2.269728605031357205e+00 -1.871814004052031188e-01 1.549415849040583493e-01 -1.980763823688902470e+00 1.230256358159083296e+00 -3.022895127609694366e-01 -1.706251554899384626e+00 -4.380423301442240569e-01 -1.613856270724924435e+00 3.868981551848710843e-01 -2.816773444250898067e-02 3.026871766548380749e-01 -6.724477769760383028e-01 -1.726235889257561329e+00 -1.630149942864103307e+00 5.193488044030698803e-02 1.139382986847991885e+00 -6.847589183667808221e-01 -3.115559835527857979e-01 9.008072693788751195e-01 1.488240111883370131e+00 -1.799169210184329015e-01 -4.031397193647289212e-01 9.765084515813395871e-01 1.049611959837771884e-02 4.019829269850677123e-01 -1.270469921117118206e+00 1.943588875527909154e+00 1.922928609618785867e+00 9.060331992664442113e-01 -2.679150228822008706e-01 -1.550275348295974132e-01 3.764118117937086394e-01 1.326349032073473211e+00 -4.351435792082855025e-01 4.074467159579789333e-01 -6.743632040207184764e-01 6.764041487915407602e-01 3.960124511331098995e-01 4.393939535703694776e-01 2.383119812400853910e+00 1.116992634546562169e+00 -6.823508676011218188e-02 -8.263806394569747082e-01 1.126603197201171858e+00 -4.378090431606821986e-01 9.493928388836111454e-01 8.443330147130593266e-01 1.187967458788882213e+00 3.187397457788156419e-01 -1.034234569591198305e+00 -6.894616014182772812e-01 -3.539826741315042491e-01 -2.223376285086857695e+00 -1.104332180280930498e+00 1.542978264148818779e+00 -3.927381728125348831e-02 -1.715854774839475905e-01 2.163212343843651464e+00 -2.393692826743841484e-01 6.401225060472504058e-01 -7.380025906661944468e-01 9.102712799828177603e-01 -4.664097812026088974e-01 -1.701843718927036758e-02 -4.226110431549336133e-02 -4.635881896603602503e-01 6.326401487267585555e-02 -5.972876911263227395e-01 -4.932936747555728974e-01 -1.156161823935760946e+00 -2.069948694080548268e+00 -6.374139102266448420e-01 -2.977911641924757546e-01 1.152297072943071932e+00 -1.466394130851007338e+00 1.419623775904744201e-01 6.947293189031611416e-01 -1.582906412896793125e+00 -5.068342293421338463e-01 -1.936260373987156447e+00 8.842198812811216668e-02 3.990454444633504960e-01 3.898360236609741958e-01 4.937325804270659702e-01 2.064461888355910713e+00 -6.920144010451293459e-01 6.088310444507468722e-01 6.898025301999648473e-01 -4.810190852035090003e-01 -1.359596546063808198e-01 5.829225439785300500e-01
4.001459285620894701e-01 1.867540538776985226e+00 -1.513564771377442775e-01 1.440426871835203682e-01 1.216782043053489665e-01 1.494040395997642712e+00 -8.540851950313131935e-01 8.644250731232834273e-01 -1.454350152278621078e+00 1.532755074596378941e+00 3.781531046218652992e-01 -3.478959451801657554e-01 1.202354120556239581e+00 -1.048521886621210486e+00 1.950754183153988519e+00 -1.252756057077720753e+00 -2.127173630936572968e-01 -5.108021208108305400e-01 4.283231267227075589e-01 -6.343547581682416059e-01 -3.595169077639166488e-01 1.774313256469917943e-01 4.627812922600177958e-01 7.290561772182795330e-01 -1.234799049368231483e+00 -8.707623338904937338e-01 5.615561251742805238e-02 4.656463857932455763e-01 1.895870411836254599e+00 -1.070731247489630888e+00 1.222413537920227444e+00 3.562794818764631888e-01 1.785822820122864085e+00 1.883124486581062573e+00 9.693603398615630029e-01 -4.136147949990376937e-01 1.480505547329084681e+00 -8.612146379379724825e-01 8.023946875851409866e-01 6.141619931094851603e-01 -1.099354667323950707e+00 -6.945566510407015226e-01 1.849222863663790406e+00 -7.698903003787513910e-01 3.178315006582502211e-02 5.765783650642509750e-01 -1.093024644611190643e+00 1.666651108860815744e-01 9.444760777377623207e-01 -1.315875690196833814e+00 1.713309872382610344e+00 -9.841973749497322232e-02 -1.079906353969355637e+00 -4.980239010185322224e-01 8.755211120580742856e-02 -1.000184021721187921e+00 3.169367689034879310e-01 8.568087963281305619e-01 6.815645776986642979e-01 -4.555131237755530860e-01 -1.374896093183550327e+00 6.252258570635907953e-01 5.216017084053788111e-02 -1.292832393879801200e+00 -1.168050537466447381e+00 7.717495527461897264e-01 1.336514292499701773e+00 1.099613129670496958e+00 -1.616910519261824053e+00 2.799057811841575982e-01 3.172643718306689120e-01 -9.443972474002434447e-01 3.791474146779279519e-01 -9.558997106191323700e-01 4.814598167401066275e-01 1.565110741858092014e-01 -2.379109380019503728e-01 -5.428440204194622254e-01 7.811900621185998705e-01 4.262366296278795041e-01 -3.973114247855361048e-01 -3.090027370580480381e-01 1.079601220927826732e+00 5.210404431078443643e-01 -3.193182646314732809e-01 -7.255969680626469520e-01 6.103616916466048092e-01 -5.962475968482484623e-01 1.887916917048380050e-01 -3.108770979888079156e-01 -2.772578912035193355e+00 -6.523420808427804474e-01 -1.161070232068421582e-01 -1.105333515559574209e-01 1.536339149297354156e+00 -1.045229686328734697e+00 1.301803346512605986e+00 2.303888741037522170e+00 1.136861863902966840e+00 -3.994348933377752098e-01
9.787208206496962326e-01 -9.772687592493821684e-01 -1.032090550507112070e-01 1.454231030512408873e+00 4.438682637686588994e-01 -2.051575094405878874e-01 -2.552959618836907918e+00 -7.421360934365631712e-01 4.575768319324557964e-02 1.469329098651573240e+00 -8.877589114239669010e-01 1.563411019995954443e-01 -3.873349133511631015e-01 -1.419987093868662509e+00 -5.096496634581125784e-01 7.774693278359431359e-01 -8.954465792011027103e-01 -1.180610822663803017e+00 6.652854032956038999e-02 -3.628008640072641344e-01 -8.131093930698033434e-01 -4.017925380061823093e-01 -9.072861303112581544e-01 1.289771529472285849e-01 4.023228197451883537e-01 -5.788176821877993872e-01 -1.165119602831886203e+00 -1.536207706527164207e+00 1.178768965037299443e+00 1.054407631662815037e+00 2.082701544560541795e-01 7.066901529365622325e-01 1.269055337713723142e-01 -1.347736171932933047e+00 -1.173095481643468441e+00 -7.474438318380816071e-01 1.867543394054631323e+00 1.910036286974450714e+00 9.471380463516136938e-01 9.221393909537536349e-01 2.982327688633697460e-01 -1.496312393326237333e-01 6.722733793432236205e-01 5.392161099117367407e-01 -6.358429594701885401e-01 -2.082969168005101290e-01 -1.491227498058532275e+00 6.349954369295810475e-01 -9.128112942703147104e-01 -4.615738097958981268e-01 -7.447381041531396795e-01 -6.634658287255211784e-01 -1.147455422484150667e+00 1.929502716121839878e+00 -1.225414530962360304e+00 -1.544729500435708891e+00 9.208070859948181974e-01 -6.510080360973061753e-01 -8.033974367236166314e-01 1.738771934607669448e-02 -6.436009374244930914e-01 -1.602038260049729823e+00 -7.395422525462819197e-01 2.670438194925811581e-01 5.232601652632532518e-01 8.235631386462459735e-01 -3.691848174486014877e-01 6.552434077171463978e-01 -2.432593635921478231e-02 -9.816584325801275268e-02 7.861721764619873376e-01 -4.100518355869767761e-01 2.259278287458145407e+00 -3.459743312387559833e-01 -1.540755904307399282e+00 2.321637798060761093e-01 -1.424021443237473150e+00 4.160044914403835392e-01 1.494459305862953391e+00 6.768825692745038536e-01 -1.328151257589238188e-01 -1.675952748603034559e+00 -8.133367296241386102e-01 -5.758034536397034220e-01 6.914948355766805665e-01 -1.383339607195370524e+00 -1.188813905167404483e+00 -5.257844435209445277e-02 5.238842052646783820e-01 9.739704264409158874e-02 1.955902524242353335e+00 -3.908614818487941012e-01 -2.030646198441176331e+00 1.020157906112008295e+00 2.863379184966383662e-01 1.211113186475861969e+00 -6.280738209072403988e-01 -1.060003236525221215e+00 9.773595914751670444e-02 3.700425051747829874e-01
