# 
#                 ----------------------------------------------------
#                 Data from a 3D direct N-body simulation. 
# 
#                 rows are i-particle; 
#                 coumns are :mass, tag, x ,y, z, vx, vy, vz, ax, ay, az
# 
#                 NTHU, Computational Physics Lab
# 
#                 ----------------------------------------------------
#                 Time = 7.899999999999876
1.000000000000000000e+00 2.000000000000000000e+00 3.000000000000000000e+00 4.000000000000000000e+00 5.000000000000000000e+00 6.000000000000000000e+00 7.000000000000000000e+00 8.000000000000000000e+00 9.000000000000000000e+00 1.000000000000000000e+01 1.100000000000000000e+01 1.200000000000000000e+01 1.300000000000000000e+01 1.400000000000000000e+01 1.500000000000000000e+01 1.600000000000000000e+01 1.700000000000000000e+01 1.800000000000000000e+01 1.900000000000000000e+01 2.000000000000000000e+01 2.100000000000000000e+01 2.200000000000000000e+01 2.300000000000000000e+01 2.400000000000000000e+01 2.500000000000000000e+01 2.600000000000000000e+01 2.700000000000000000e+01 2.800000000000000000e+01 2.900000000000000000e+01 3.000000000000000000e+01 3.100000000000000000e+01 3.200000000000000000e+01 3.300000000000000000e+01 3.400000000000000000e+01 3.500000000000000000e+01 3.600000000000000000e+01 3.700000000000000000e+01 3.800000000000000000e+01 3.900000000000000000e+01 4.000000000000000000e+01 4.100000000000000000e+01 4.200000000000000000e+01 4.300000000000000000e+01 4.400000000000000000e+01 4.500000000000000000e+01 4.600000000000000000e+01 4.700000000000000000e+01 4.800000000000000000e+01 4.900000000000000000e+01 5.000000000000000000e+01 5.100000000000000000e+01 5.200000000000000000e+01 5.300000000000000000e+01 5.400000000000000000e+01 5.500000000000000000e+01 5.600000000000000000e+01 5.700000000000000000e+01 5.800000000000000000e+01 5.900000000000000000e+01 6.000000000000000000e+01 6.100000000000000000e+01 6.200000000000000000e+01 6.300000000000000000e+01 6.400000000000000000e+01 6.500000000000000000e+01 6.600000000000000000e+01 6.700000000000000000e+01 6.800000000000000000e+01 6.900000000000000000e+01 7.000000000000000000e+01 7.100000000000000000e+01 7.200000000000000000e+01 7.300000000000000000e+01 7.400000000000000000e+01 7.500000000000000000e+01 7.600000000000000000e+01 7.700000000000000000e+01 7.800000000000000000e+01 7.900000000000000000e+01 8.000000000000000000e+01 8.100000000000000000e+01 8.200000000000000000e+01 8.300000000000000000e+01 8.400000000000000000e+01 8.500000000000000000e+01 8.600000000000000000e+01 8.700000000000000000e+01 8.800000000000000000e+01 8.900000000000000000e+01 9.000000000000000000e+01 9.100000000000000000e+01 9.200000000000000000e+01 9.300000000000000000e+01 9.400000000000000000e+01 9.500000000000000000e+01 9.600000000000000000e+01 9.700000000000000000e+01 9.800000000000000000e+01 9.900000000000000000e+01 1.000000000000000000e+02
2.000000000000000111e-01 2.000000000000000111e-01 2.000000000000000111e-01 2.000000000000000111e-01 2.000000000000000111e-01 2.000000000000000111e-01 2.000000000000000111e-01 2.000000000000000111e-01 2.000000000000000111e-01 2.000000000000000111e-01 2.000000000000000111e-01 2.000000000000000111e-01 2.000000000000000111e-01 2.000000000000000111e-01 2.000000000000000111e-01 2.000000000000000111e-01 2.000000000000000111e-01 2.000000000000000111e-01 2.000000000000000111e-01 2.000000000000000111e-01 2.000000000000000111e-01 2.000000000000000111e-01 2.000000000000000111e-01 2.000000000000000111e-01 2.000000000000000111e-01 2.000000000000000111e-01 2.000000000000000111e-01 2.000000000000000111e-01 2.000000000000000111e-01 2.000000000000000111e-01 2.000000000000000111e-01 2.000000000000000111e-01 2.000000000000000111e-01 2.000000000000000111e-01 2.000000000000000111e-01 2.000000000000000111e-01 2.000000000000000111e-01 2.000000000000000111e-01 2.000000000000000111e-01 2.000000000000000111e-01 2.000000000000000111e-01 2.000000000000000111e-01 2.000000000000000111e-01 2.000000000000000111e-01 2.000000000000000111e-01 2.000000000000000111e-01 2.000000000000000111e-01 2.000000000000000111e-01 2.000000000000000111e-01 2.000000000000000111e-01 2.000000000000000111e-01 2.000000000000000111e-01 2.000000000000000111e-01 2.000000000000000111e-01 2.000000000000000111e-01 2.000000000000000111e-01 2.000000000000000111e-01 2.000000000000000111e-01 2.000000000000000111e-01 2.000000000000000111e-01 2.000000000000000111e-01 2.000000000000000111e-01 2.000000000000000111e-01 2.000000000000000111e-01 2.000000000000000111e-01 2.000000000000000111e-01 2.000000000000000111e-01 2.000000000000000111e-01 2.000000000000000111e-01 2.000000000000000111e-01 2.000000000000000111e-01 2.000000000000000111e-01 2.000000000000000111e-01 2.000000000000000111e-01 2.000000000000000111e-01 2.000000000000000111e-01 2.000000000000000111e-01 2.000000000000000111e-01 2.000000000000000111e-01 2.000000000000000111e-01 2.000000000000000111e-01 2.000000000000000111e-01 2.000000000000000111e-01 2.000000000000000111e-01 2.000000000000000111e-01 2.000000000000000111e-01 2.000000000000000111e-01 2.000000000000000111e-01 2.000000000000000111e-01 2.000000000000000111e-01 2.000000000000000111e-01 2.000000000000000111e-01 2.000000000000000111e-01 2.000000000000000111e-01 2.000000000000000111e-01 2.000000000000000111e-01 2.000000000000000111e-01 2.000000000000000111e-01 2.000000000000000111e-01 2.000000000000000111e-01
7.090351528915834933e+01 9.007012722793572834e+01 3.818689019953374952e+01 1.650346116261163587e+01 3.058833792581620514e+01 1.341136107774248742e+01 1.258340667200875274e+01 2.627081788460072076e+01 9.122993778597025027e+01 -7.523611777264082257e+00 6.227808996375483908e+00 -7.961536274179611894e+01 4.944945090051382408e+01 -1.215041926148363416e+01 -6.858141296143517707e+01 -1.760712877875069537e+01 -6.486798331351022284e+01 1.555106266476179044e+01 -1.132371838232513861e+00 1.216330083257244610e+01 -2.702857134410451323e+01 -6.938504495623435275e+01 -6.552298455544485023e+01 2.087615750479397736e+00 4.579665667119634520e+01 -2.752392800335018919e+01 -1.252264998397142293e+01 3.620735296572906492e+01 5.981856126765952553e+01 -7.231697019575449303e+00 -1.620432277371061147e+01 3.925160119488322152e+01 4.219344453712724485e-01 1.615740912817205555e+01 -5.106553593982963690e+01 7.812114648293672303e+01 7.729047057865135173e+01 3.641729906716403775e+01 -1.076978795324298233e+01 -6.230947926951501792e+00 1.512970118579445966e+01 5.331183910145679050e+01 -1.749031798085976774e+01 1.637713866658813089e+01 -2.710497411312767113e+01 2.718781732463467193e+01 1.591726645483881342e+01 1.766099199075843629e+01 9.578757532100756578e+01 4.489677848316977560e+01 -2.742732864590713859e+00 -3.321636982574462138e+01 4.528318890678299624e+01 -1.759746772391828884e+01 3.816032241028172933e+01 3.393756962326324356e+01 4.775006857212886047e+01 1.281127731246293955e+01 -4.157018814475463131e+01 -2.771344970512313566e+01 -1.422814964854855191e+01 -8.936686181978835464e+01 -4.438827648092828326e+01 6.201903806176853351e+01 -1.578695805896032089e+00 -6.896184276092105492e+00 8.694858513629874608e+01 -9.621355066503886277e+00 2.572923830208798535e+01 -2.966369695560541331e+01 3.658623570276272119e+01 -1.874702433593305884e+01 -6.840667137722548086e-01 -1.698591349024529240e+00 -1.863359241876947081e+01 2.542809585215483281e+00 -2.400779606075046857e+01 -1.982782594774690210e+01 -4.647110554821167483e+01 -8.320011387142632486e+01 -2.562055989259469158e+01 -1.196942907474838691e+01 4.631595378780418315e+01 -5.894072840202625230e+01 5.705917977529876950e+00 2.792425375189023029e+01 -6.362385313138626231e+01 -2.037147791003743791e+01 -7.782640971746407388e+01 3.554039151903589211e+00 1.603926476458804373e+01 1.567258099891926548e+01 1.984523671050464344e+01 8.297950427719511879e+01 -2.781534200891515951e+01 2.447155884205430354e+01 2.772616934919204468e+01 -1.933421407178493467e+01 -5.464634179599968000e+00 2.343044000481087252e+01
1.608363838632683596e+01 7.506425438764982516e+01 -6.083639721784385834e+00 5.789670955007557573e+00 4.890696601262130905e+00 6.005205874056256476e+01 -3.432928598600650361e+01 3.474489544107105843e+01 -5.845643317999790156e+01 6.160796137816618057e+01 1.519963243602628999e+01 -1.398356670251702383e+01 4.832783044856451227e+01 -4.214476248042691964e+01 7.840899875520882745e+01 -5.035387244658701178e+01 -8.550283027888719189e+00 -2.053124687828698569e+01 1.721615970801267537e+01 -2.549684318428636942e+01 -1.445093209636822706e+01 7.131613297496537385e+00 1.860106744749107932e+01 2.930418663108896027e+01 -4.963193767399755529e+01 -3.499993678405750330e+01 2.257253409809118594e+00 1.871643176555334165e+01 7.620296451982976293e+01 -4.303731507048761529e+01 4.913417836812585193e+01 1.432149442343219548e+01 7.178009805850190617e+01 7.569075511513618437e+01 3.896301103437305358e+01 -1.662491049861177572e+01 5.950763932004370815e+01 -3.461585398771646283e+01 3.225232899970617240e+01 2.468453737562192529e+01 -4.418814178499276579e+01 -2.791719671961586613e+01 7.432831026575674116e+01 -3.094535865662219720e+01 1.278136375029085725e+00 2.317518844364308706e+01 -4.393358700362832536e+01 6.699059474353012078e+00 3.796236491201224794e+01 -5.289080333059511929e+01 6.886530802618875668e+01 -3.956332461507786835e+00 -4.340615101609103732e+01 -2.001771348986035903e+01 3.519062140213222278e+00 -4.020187128437408575e+01 1.273905154901690473e+01 3.443891136192106472e+01 2.739524663324825227e+01 -1.830918008424929511e+01 -5.526339069181605623e+01 2.513043519956126559e+01 2.096595069697123837e+00 -5.196450225307404480e+01 -4.694926413721082525e+01 3.102029605240504040e+01 5.372010745063738568e+01 4.419853509300092753e+01 -6.499079945920246359e+01 1.125080208862318187e+01 1.275151350600981637e+01 -3.795981462264290940e+01 1.523952872276870174e+01 -3.842209478118155630e+01 1.935211356251734216e+01 6.290752427276011360e+00 -9.562750446555300599e+00 -2.181933635220526924e+01 3.139930141192998647e+01 1.713247605845177191e+01 -1.596901806902876331e+01 -1.242021018497888640e+01 4.339378095913014022e+01 2.094305688056619275e+01 -1.283483193559425395e+01 -2.916468636423357097e+01 2.453314815666955440e+01 -2.396650660728277060e+01 7.588125142718102012e+00 -1.249553263726693153e+01 -1.114413631124101158e+02 -2.622117263699928102e+01 -4.666769682356963322e+00 -4.442882106485549265e+00 6.175220648007491775e+01 -4.201233531043854441e+01 5.232533019017455445e+01 9.260299827047747101e+01 4.569548252074891792e+01 -1.605509771952701570e+01
3.933898629282269610e+01 -3.928051302466295880e+01 -4.148522739778194079e+00 5.845201062261491387e+01 1.784079496117214347e+01 -8.246121418945877579e+00 -1.026141959595288995e+02 -2.982984742809938439e+01 1.839197914335742423e+00 5.905868952256220439e+01 -3.568298990339716426e+01 6.284088727761639070e+00 -1.556844910727678943e+01 -5.707545040550154880e+01 -2.048491819686986304e+01 3.124992611866084147e+01 -3.599189548201302102e+01 -4.745382003834008344e+01 2.673898018429323731e+00 -1.458162541117781608e+01 -3.268265973218640141e+01 -1.614951206688445140e+01 -3.646766993954929603e+01 5.184192198491294867e+00 1.617123870548886444e+01 -2.326546048561749913e+01 -4.683128551811956441e+01 -6.174689716051007338e+01 4.737964250987293724e+01 4.238151089252264825e+01 8.371286403871373238e+00 2.840315176907136774e+01 5.100936292423276619e+00 -5.417128539959844602e+01 -4.715183701616456347e+01 -3.004294360373695127e+01 7.506434359676097756e+01 7.677248265803461891e+01 3.807085886097041794e+01 3.706542905527993526e+01 1.198725609945440773e+01 -6.014330268622482656e+00 2.702167965062812272e+01 2.167372778743539286e+01 -2.555714596042024667e+01 -8.372321616385729470e+00 -5.993888062426871954e+01 2.552352641548817047e+01 -3.668973100099967866e+01 -1.855266714262009131e+01 -2.993426724674065653e+01 -2.666754759837390409e+01 -4.612105998370700632e+01 7.755492638881509038e+01 -4.925465746614675311e+01 -6.208949872650082114e+01 3.701166752385746150e+01 -2.616688757932243448e+01 -3.229196251261063111e+01 7.001228971262746237e-01 -2.586916504685072482e+01 -6.439266887951947638e+01 -2.972547951499732122e+01 1.073366820894292140e+01 2.103216887664990509e+01 3.310153780158805148e+01 -1.483899261637992062e+01 2.633716181227892505e+01 -9.777604520648150999e-01 -3.945473298558560771e+00 3.160155735621784956e+01 -1.648161491608163587e+01 9.080996016275128113e+01 -1.390621049474027515e+01 -6.192977720334407365e+01 9.331836534440371977e+00 -5.723772414136323761e+01 1.672152294672712713e+01 6.006871423228842133e+01 2.720699709652431864e+01 -5.339265513330772706e+00 -6.736402079271478271e+01 -3.269167041362911874e+01 -2.314366287166119562e+01 2.779457338138065126e+01 -5.560235143148528891e+01 -4.778386043226762325e+01 -2.113189483339850128e+00 2.105712036924787256e+01 3.914823947511641755e+00 7.861577649964726788e+01 -1.571155309049608029e+01 -8.162041366507135365e+01 4.100447861130240312e+01 1.150915884379277010e+01 4.867997920910688237e+01 -2.524501682221852761e+01 -4.260599372486169045e+01 3.928254998615188232e+00 1.487368838715372910e+01
1.571746205083542591e+01 1.996623633539079989e+01 8.465011087656483468e+00 3.658390083570595586e+00 6.780613397398584929e+00 2.972939323559427915e+00 2.789418941810301700e+00 5.823533532784253453e+00 2.022332403848453097e+01 -1.667790247571681261e+00 1.380538987357628811e+00 -1.764865857445269981e+01 1.096163977660301825e+01 -2.693421012714059870e+00 -1.520273155611099192e+01 -3.903008977452047557e+00 -1.437952675399842661e+01 3.447269599986848121e+00 -2.509980051058838812e-01 2.696593314863739099e+00 -5.991530226598293929e+00 -1.538083747950929059e+01 -1.452471443864624945e+01 4.627568276197767672e-01 1.015193109383428549e+01 -6.101284900167447844e+00 -2.775958219301340346e+00 8.026223915144655052e+00 1.326023897738263280e+01 -1.603072592914897232e+00 -3.592035236227868911e+00 8.700902105464416891e+00 9.352674803689514649e-02 3.581678310726895464e+00 -1.131991143194733063e+01 1.731742924437623898e+01 1.713331565571624537e+01 8.072774376526281159e+00 -2.387266083049087939e+00 -1.381267055781136621e+00 3.353851477830330996e+00 1.181782962061853226e+01 -3.877145452685578420e+00 3.630374744102014883e+00 -6.008526629056325064e+00 6.026808201798671050e+00 3.528461638464833516e+00 3.914996474318026110e+00 2.123363798390509061e+01 9.952442708013981232e+00 -6.079851874782991050e-01 -7.363145348370098375e+00 1.003808752329605447e+01 -3.900896404292398145e+00 8.459135521047489448e+00 7.523055720041766925e+00 1.058489108612000251e+01 2.839951534043539283e+00 -9.215043420536735752e+00 -6.143245796320162100e+00 -3.154003837888200046e+00 -1.981032624240772222e+01 -9.839682640925909496e+00 1.374799521479646813e+01 -3.499442995226920705e-01 -1.528763126735537492e+00 1.927426023973753288e+01 -2.132796344982866188e+00 5.703506147186993225e+00 -6.575648977445469612e+00 8.110367227390005596e+00 -4.155726244474602815e+00 -1.516374788483275671e-01 -3.765400331314699423e-01 -4.130583386638263299e+00 5.636790981476675899e-01 -5.321879319868875413e+00 -4.395289117057836314e+00 -1.030143524944782385e+01 -1.844330174561309832e+01 -5.679395392755287375e+00 -2.653318810419203366e+00 1.026702281970930031e+01 -1.306562064397528289e+01 1.264869850663787876e+00 6.190070360399719362e+00 -1.410374797463664187e+01 -4.515863999985740840e+00 -1.725211142278350707e+01 7.878400743878756218e-01 3.555496370656237470e+00 3.473856501115069495e+00 4.399172196609431928e+00 1.839440562178258176e+01 -6.165905761142060904e+00 5.424705334306609394e+00 6.146165881826608057e+00 -4.285893068303094466e+00 -1.211384387149184949e+00 5.193890327943019081e+00
3.565318504360157625e+00 1.663981448310707734e+01 -1.348587396153166473e+00 1.283421775397029840e+00 1.084147632944325590e+00 1.331196261063207942e+01 -7.609916176309115876e+00 7.702045431768972605e+00 -1.295828501304191782e+01 1.365688683680610005e+01 3.369359420404861361e+00 -3.099779133009432197e+00 1.071301691088322805e+01 -9.342380377266977121e+00 1.738125414922627243e+01 -1.116212016567166287e+01 -1.895348846320068947e+00 -4.551251784859008609e+00 3.816373228849309740e+00 -5.652047846638449613e+00 -3.203354406056297954e+00 1.580904710519169143e+00 4.123382873535028637e+00 6.495946267877704905e+00 -1.100210291620346759e+01 -7.758548817515607432e+00 5.003622764116837374e-01 4.148935315696137494e+00 1.689223577962615508e+01 -9.540250054503024657e+00 1.089175572687258331e+01 3.174591145145350346e+00 1.591175859036355256e+01 1.677868165345769214e+01 8.637059569442580909e+00 -3.685314607062393666e+00 1.319131940811421977e+01 -7.673440327514094328e+00 7.149436701087857671e+00 5.472049411398009156e+00 -9.795324836672010704e+00 -6.188517926064230679e+00 1.647664194320972797e+01 -6.859764347122133898e+00 2.832647154223092434e-01 5.137333412195189020e+00 -9.738909328165428647e+00 1.484999726654049335e+00 8.415287377728484230e+00 -1.172450380730626840e+01 1.526564420014592471e+01 -8.769730115359740674e-01 -9.622006380582204699e+00 -4.437406814106116038e+00 7.800879008026477823e-01 -8.911690403142031869e+00 2.823916079992376371e+00 7.634201730697937727e+00 6.072788910950764674e+00 -4.058653350380065028e+00 -1.225041365152510942e+01 5.570771452294736470e+00 4.647550783233714844e-01 -1.151917636126195887e+01 -1.040739991283913923e+01 6.876354973828159522e+00 1.190836447928919384e+01 9.797628293332971694e+00 -1.440674650711935101e+01 2.493991008007317767e+00 2.826750649060471243e+00 -8.414658901871479912e+00 3.378210467422802843e+00 -8.517139821447502257e+00 4.289842066028787038e+00 1.394506317370137305e+00 -2.119803947407884248e+00 -4.836768511511030155e+00 6.960416482826368600e+00 3.797804191148229869e+00 -3.539980574772293664e+00 -2.753230970014399759e+00 9.619275030752840294e+00 4.642509946846758773e+00 -2.845142191495043438e+00 -6.465069648689646620e+00 5.438351338967733817e+00 -5.312673781608157064e+00 1.682112748045960338e+00 -2.769929648549592560e+00 -2.470370054308792973e+01 -5.812475826645228771e+00 -1.034508578341689855e+00 -9.848640025257623387e-01 1.368884325153627479e+01 -9.313034881959419309e+00 1.159913731702310358e+01 2.052769399060010613e+01 1.012948701379113992e+01 -3.558987808886591608e+00
8.720430327973293316e+00 -8.707479426286598212e+00 -9.196085579322288428e-01 1.295726732153853966e+01 3.954858074146852864e+00 -1.827954631604261637e+00 -2.274691914261301662e+01 -6.612479474088378772e+00 4.077023090309425113e-01 1.309177035579489790e+01 -7.909975393049368364e+00 1.393011968594940253e+00 -3.451140956327632292e+00 -1.265213499270585906e+01 -4.540982582671861501e+00 6.927285789740866839e+00 -7.978461404761637787e+00 -1.051927704889476978e+01 5.927509496928734523e-01 -3.232458775701014808e+00 -7.244864478261120233e+00 -3.579952710448169650e+00 -8.083939247097038816e+00 1.149195764604540093e+00 3.584726827335140698e+00 -5.157317384495756052e+00 -1.038126466619779897e+01 -1.368766897615661193e+01 1.050284866723640320e+01 9.394843462334286244e+00 1.855694894477081025e+00 6.296419463582683562e+00 1.130738935752780394e+00 -1.200836638739938955e+01 -1.045232599606096180e+01 -6.659742335782057765e+00 1.663983686864990830e+01 1.701846977473155320e+01 8.439184672143934307e+00 8.216371027729564958e+00 2.657262729914013910e+00 -1.333219692278032387e+00 5.989990456019723908e+00 4.804469153759957756e+00 -5.665365819694590854e+00 -1.855928508527328935e+00 -1.328688578080154237e+01 5.657867687568182369e+00 -8.133166347628929316e+00 -4.112640140349131279e+00 -6.635643601964620331e+00 -5.911500725054139593e+00 -1.022384925495233965e+01 1.719191674675805714e+01 -1.091847748453523970e+01 -1.376360726366329423e+01 8.204474990463943129e+00 -5.800510055234584961e+00 -7.158290977486117868e+00 1.550728183222612189e-01 -5.734512658158737786e+00 -1.427419233050569325e+01 -6.589355089644576502e+00 2.379371856831550502e+00 4.662274805354512885e+00 7.337851906058323159e+00 -3.289431894579148530e+00 5.838251698408220669e+00 -2.167443977649962661e-01 -8.746326180917997073e-01 7.005046770853792459e+00 -3.653558380205081946e+00 2.013021923560569348e+01 -3.082643356055629447e+00 -1.372820173284075551e+01 2.068607245911456172e+00 -1.268809501926817518e+01 3.706673849012285249e+00 1.331567331822027711e+01 6.031064965225431784e+00 -1.183488892035155393e+00 -1.493282173797999413e+01 -7.246874877774272861e+00 -5.130383676169376628e+00 6.161290157537563594e+00 -1.232559535938903927e+01 -1.059240539911301759e+01 -4.684558721546454030e-01 4.667819317645212074e+00 8.678127119229428477e-01 1.742710734741043055e+01 -3.482724903924175663e+00 -1.809311964944023288e+01 9.089630938167413632e+00 2.551280205521500033e+00 1.079107051970958686e+01 -5.596160009942261482e+00 -9.444649235267126741e+00 8.708095806959808005e-01 3.297100409484280181e+00
1.764018395509718617e+00 2.240876238775145524e+00 9.500499707932685833e-01 4.105925874115787244e-01 7.610053888169472369e-01 3.336605814526661939e-01 3.130657175924925206e-01 6.535896741684372735e-01 2.269728272295554738e+00 -1.871813690782379025e-01 1.549415102118164300e-01 -1.980763406222133538e+00 1.230255919206638460e+00 -3.022893434660819945e-01 -1.706251316583372368e+00 -4.380419212290306286e-01 -1.613855739014238511e+00 3.868980996716945842e-01 -2.816754902555512058e-02 3.026899616255809278e-01 -6.724476149846122519e-01 -1.726235291847461495e+00 -1.630149323791913352e+00 5.193474592842633325e-02 1.139382760554989549e+00 -6.847582637486766544e-01 -3.115560277184376003e-01 9.008070236174620105e-01 1.488239957379300593e+00 -1.799168198219191495e-01 -4.031392431229713358e-01 9.765067719613509389e-01 1.049606970683398914e-02 4.019828446724387216e-01 -1.270469728317757063e+00 1.943588462337390022e+00 1.922928438042612154e+00 9.060330527258388944e-01 -2.679138904749108208e-01 -1.550277586212319980e-01 3.764116363251689967e-01 1.326348560629979634e+00 -4.351434516765452232e-01 4.074465225833359683e-01 -6.743635955319249309e-01 6.764037760453609494e-01 3.960125245670865213e-01 4.393939824572352104e-01 2.383119493176440784e+00 1.116992332054652648e+00 -6.823500339376717405e-02 -8.263798982060052145e-01 1.126602778678819083e+00 -4.378089024698533227e-01 9.493924812133121005e-01 8.443326314854464609e-01 1.187966661245059230e+00 3.187399005372938410e-01 -1.034234463840731921e+00 -6.894604725404295253e-01 -3.539825304296580488e-01 -2.223375941503556330e+00 -1.104331525880656528e+00 1.542977799494001268e+00 -3.927370216671120101e-02 -1.715859799394939544e-01 2.163212041976164901e+00 -2.393691561270508139e-01 6.401223906975271882e-01 -7.380022285143627014e-01 9.102724712111905925e-01 -4.664096622294933159e-01 -1.701841191145971391e-02 -4.226115487327985337e-02 -4.635880901031062540e-01 6.326404069535052077e-02 -5.972873281667667733e-01 -4.932933395872437510e-01 -1.156161560397847898e+00 -2.069948229399247719e+00 -6.374136150548597168e-01 -2.977911678753501490e-01 1.152296631827618878e+00 -1.466393744708363922e+00 1.419624954491919000e-01 6.947290653834463647e-01 -1.582906003857020849e+00 -5.068344586961132103e-01 -1.936260125562109691e+00 8.842198686982902234e-02 3.990454329391582844e-01 3.898327012608107101e-01 4.937324628139981852e-01 2.064461492260889486e+00 -6.920139477010172069e-01 6.088308808844875575e-01 6.898023302651703492e-01 -4.810189824714056206e-01 -1.359597820584363403e-01 5.829221457653980254e-01
4.001457843040493456e-01 1.867540315604497181e+00 -1.513564677902815570e-01 1.440426758798165063e-01 1.216782451244349250e-01 1.494039901376426727e+00 -8.540850601886522675e-01 8.644249308689743172e-01 -1.454349953776434612e+00 1.532754765889905224e+00 3.781529842245859308e-01 -3.478957379509274861e-01 1.202353791523776749e+00 -1.048521489172367760e+00 1.950753911890917625e+00 -1.252755554427326112e+00 -2.127170700013279736e-01 -5.108020822588729137e-01 4.283230149414489207e-01 -6.343551824367583691e-01 -3.595164439864200201e-01 1.774313919557737873e-01 4.627812800095673640e-01 7.290557373628695492e-01 -1.234798707016422581e+00 -8.707618886998159669e-01 5.615548807021072258e-02 4.656461804718263764e-01 1.895870171877519716e+00 -1.070730974170210015e+00 1.222413134619888542e+00 3.562783645849650349e-01 1.785822210434039992e+00 1.883124151394576007e+00 9.693598747301876983e-01 -4.136147414714519965e-01 1.480505429115930305e+00 -8.612144966654605716e-01 8.023938968790664816e-01 6.141630521589114267e-01 -1.099354077432667998e+00 -6.945565077039076440e-01 1.849222341056909968e+00 -7.698899707708715123e-01 3.178254300424823015e-02 5.765782058348530859e-01 -1.093024173144821809e+00 1.666650036484388919e-01 9.444760341440588958e-01 -1.315875284544731239e+00 1.713309452293684920e+00 -9.841931752115046228e-02 -1.079906032276852779e+00 -4.980237916831649625e-01 8.755212234399535609e-02 -1.000183621049089089e+00 3.169366941926721748e-01 8.568085173481393424e-01 6.815641947888751995e-01 -4.555128754464351504e-01 -1.374895387223020737e+00 6.252257855266143416e-01 5.216010802070534386e-02 -1.292832080355751589e+00 -1.168049988058595945e+00 7.717490276748154576e-01 1.336514117851821171e+00 1.099612535340047881e+00 -1.616909937061724145e+00 2.799055405118201501e-01 3.172649677970909021e-01 -9.443966205782284851e-01 3.791473594213204956e-01 -9.558991314119167360e-01 4.814595397659485743e-01 1.565111322819590089e-01 -2.379107999848995014e-01 -5.428437971803631301e-01 7.811899593065226854e-01 4.262363468657795473e-01 -3.973119326736564982e-01 -3.090026061920868039e-01 1.079600998789799648e+00 5.210401306178877867e-01 -3.193181348013532372e-01 -7.255969628962565254e-01 6.103614653992674999e-01 -5.962467463591597516e-01 1.887918592871374035e-01 -3.108769819467672724e-01 -2.772578734993750516e+00 -6.523412238566017596e-01 -1.161070626503624276e-01 -1.105332581220139082e-01 1.536338664533967169e+00 -1.045229383501983023e+00 1.301802798060581079e+00 2.303888383521799810e+00 1.136861486702997359e+00 -3.994347125693927247e-01
9.787206011572748832e-01 -9.772686426122120240e-01 -1.032089297523506172e-01 1.454230487303215691e+00 4.438683282246019823e-01 -2.051574997929877242e-01 -2.552959232671157874e+00 -7.421357234638022993e-01 4.575767252683475561e-02 1.469328719204763045e+00 -8.877585682268034351e-01 1.563410013950052302e-01 -3.873350169233736318e-01 -1.419986699429166777e+00 -5.096496312541065610e-01 7.774690589362848181e-01 -8.954463236549051741e-01 -1.180610549505380025e+00 6.652868515172574715e-02 -3.628016377328618924e-01 -8.131089212391937604e-01 -4.017926864064766401e-01 -9.072859739058807271e-01 1.289770793019101025e-01 4.023225790342604968e-01 -5.788172730161967872e-01 -1.165119216146800030e+00 -1.536207246391570580e+00 1.178768829406331875e+00 1.054407067705673384e+00 2.082700927271305680e-01 7.066916607393818328e-01 1.269054498906426187e-01 -1.347735879217978550e+00 -1.173095124530077804e+00 -7.474436914280971900e-01 1.867543194990159305e+00 1.910035920384888453e+00 9.471365866977801140e-01 9.221385297401825110e-01 2.982326997700041615e-01 -1.496311971145269371e-01 6.722731059453465052e-01 5.392156868097290889e-01 -6.358429197878084915e-01 -2.082968932925100547e-01 -1.491227113187780784e+00 6.349949764957134590e-01 -9.128111544774816233e-01 -4.615736717402814104e-01 -7.447378903553660834e-01 -6.634656693086954382e-01 -1.147455253316117307e+00 1.929502340945856043e+00 -1.225414262576342006e+00 -1.544728968419607718e+00 9.208064240766342667e-01 -6.510078115906278162e-01 -8.033972803613098623e-01 1.738654753292707272e-02 -6.436007140555862760e-01 -1.602038012014316948e+00 -7.395419872305974973e-01 2.670437293451137784e-01 5.232599543227478556e-01 8.235638964351481572e-01 -3.691848555565654943e-01 6.552431478638400808e-01 -2.432593395319071136e-02 -9.816604090025429774e-02 7.861701726332878115e-01 -4.100518631080146137e-01 2.259277895331315733e+00 -3.459742360460285604e-01 -1.540755378565056954e+00 2.321635590775403823e-01 -1.424020938542238657e+00 4.160039087863092733e-01 1.494458983105450223e+00 6.768822435273837979e-01 -1.328142862880234698e-01 -1.675952095608315595e+00 -8.133363775248292349e-01 -5.758036517316598157e-01 6.914942739298377550e-01 -1.383339295854050910e+00 -1.188813325039708380e+00 -5.257858691649462679e-02 5.238841181480486942e-01 9.739700271348983307e-02 1.955902399124851865e+00 -3.908602963638850847e-01 -2.030645709037247837e+00 1.020157716773807843e+00 2.863378447065781374e-01 1.211112775924227947e+00 -6.280736452135770032e-01 -1.060003075570328246e+00 9.773609979880473753e-02 3.700423340410473050e-01
