# 
#                 ----------------------------------------------------
#                 Data from a 3D direct N-body simulation. 
# 
#                 rows are i-particle; 
#                 coumns are :mass, tag, x ,y, z, vx, vy, vz, ax, ay, az
# 
#                 NTHU, Computational Physics Lab
# 
#                 ----------------------------------------------------
#                 Time = 4.599999999999946
1.000000000000000000e+00 2.000000000000000000e+00 3.000000000000000000e+00 4.000000000000000000e+00 5.000000000000000000e+00 6.000000000000000000e+00 7.000000000000000000e+00 8.000000000000000000e+00 9.000000000000000000e+00 1.000000000000000000e+01 1.100000000000000000e+01 1.200000000000000000e+01 1.300000000000000000e+01 1.400000000000000000e+01 1.500000000000000000e+01 1.600000000000000000e+01 1.700000000000000000e+01 1.800000000000000000e+01 1.900000000000000000e+01 2.000000000000000000e+01 2.100000000000000000e+01 2.200000000000000000e+01 2.300000000000000000e+01 2.400000000000000000e+01 2.500000000000000000e+01 2.600000000000000000e+01 2.700000000000000000e+01 2.800000000000000000e+01 2.900000000000000000e+01 3.000000000000000000e+01 3.100000000000000000e+01 3.200000000000000000e+01 3.300000000000000000e+01 3.400000000000000000e+01 3.500000000000000000e+01 3.600000000000000000e+01 3.700000000000000000e+01 3.800000000000000000e+01 3.900000000000000000e+01 4.000000000000000000e+01 4.100000000000000000e+01 4.200000000000000000e+01 4.300000000000000000e+01 4.400000000000000000e+01 4.500000000000000000e+01 4.600000000000000000e+01 4.700000000000000000e+01 4.800000000000000000e+01 4.900000000000000000e+01 5.000000000000000000e+01 5.100000000000000000e+01 5.200000000000000000e+01 5.300000000000000000e+01 5.400000000000000000e+01 5.500000000000000000e+01 5.600000000000000000e+01 5.700000000000000000e+01 5.800000000000000000e+01 5.900000000000000000e+01 6.000000000000000000e+01 6.100000000000000000e+01 6.200000000000000000e+01 6.300000000000000000e+01 6.400000000000000000e+01 6.500000000000000000e+01 6.600000000000000000e+01 6.700000000000000000e+01 6.800000000000000000e+01 6.900000000000000000e+01 7.000000000000000000e+01 7.100000000000000000e+01 7.200000000000000000e+01 7.300000000000000000e+01 7.400000000000000000e+01 7.500000000000000000e+01 7.600000000000000000e+01 7.700000000000000000e+01 7.800000000000000000e+01 7.900000000000000000e+01 8.000000000000000000e+01 8.100000000000000000e+01 8.200000000000000000e+01 8.300000000000000000e+01 8.400000000000000000e+01 8.500000000000000000e+01 8.600000000000000000e+01 8.700000000000000000e+01 8.800000000000000000e+01 8.900000000000000000e+01 9.000000000000000000e+01 9.100000000000000000e+01 9.200000000000000000e+01 9.300000000000000000e+01 9.400000000000000000e+01 9.500000000000000000e+01 9.600000000000000000e+01 9.700000000000000000e+01 9.800000000000000000e+01 9.900000000000000000e+01 1.000000000000000000e+02
2.000000000000000111e-01 2.000000000000000111e-01 2.000000000000000111e-01 2.000000000000000111e-01 2.000000000000000111e-01 2.000000000000000111e-01 2.000000000000000111e-01 2.000000000000000111e-01 2.000000000000000111e-01 2.000000000000000111e-01 2.000000000000000111e-01 2.000000000000000111e-01 2.000000000000000111e-01 2.000000000000000111e-01 2.000000000000000111e-01 2.000000000000000111e-01 2.000000000000000111e-01 2.000000000000000111e-01 2.000000000000000111e-01 2.000000000000000111e-01 2.000000000000000111e-01 2.000000000000000111e-01 2.000000000000000111e-01 2.000000000000000111e-01 2.000000000000000111e-01 2.000000000000000111e-01 2.000000000000000111e-01 2.000000000000000111e-01 2.000000000000000111e-01 2.000000000000000111e-01 2.000000000000000111e-01 2.000000000000000111e-01 2.000000000000000111e-01 2.000000000000000111e-01 2.000000000000000111e-01 2.000000000000000111e-01 2.000000000000000111e-01 2.000000000000000111e-01 2.000000000000000111e-01 2.000000000000000111e-01 2.000000000000000111e-01 2.000000000000000111e-01 2.000000000000000111e-01 2.000000000000000111e-01 2.000000000000000111e-01 2.000000000000000111e-01 2.000000000000000111e-01 2.000000000000000111e-01 2.000000000000000111e-01 2.000000000000000111e-01 2.000000000000000111e-01 2.000000000000000111e-01 2.000000000000000111e-01 2.000000000000000111e-01 2.000000000000000111e-01 2.000000000000000111e-01 2.000000000000000111e-01 2.000000000000000111e-01 2.000000000000000111e-01 2.000000000000000111e-01 2.000000000000000111e-01 2.000000000000000111e-01 2.000000000000000111e-01 2.000000000000000111e-01 2.000000000000000111e-01 2.000000000000000111e-01 2.000000000000000111e-01 2.000000000000000111e-01 2.000000000000000111e-01 2.000000000000000111e-01 2.000000000000000111e-01 2.000000000000000111e-01 2.000000000000000111e-01 2.000000000000000111e-01 2.000000000000000111e-01 2.000000000000000111e-01 2.000000000000000111e-01 2.000000000000000111e-01 2.000000000000000111e-01 2.000000000000000111e-01 2.000000000000000111e-01 2.000000000000000111e-01 2.000000000000000111e-01 2.000000000000000111e-01 2.000000000000000111e-01 2.000000000000000111e-01 2.000000000000000111e-01 2.000000000000000111e-01 2.000000000000000111e-01 2.000000000000000111e-01 2.000000000000000111e-01 2.000000000000000111e-01 2.000000000000000111e-01 2.000000000000000111e-01 2.000000000000000111e-01 2.000000000000000111e-01 2.000000000000000111e-01 2.000000000000000111e-01 2.000000000000000111e-01 2.000000000000000111e-01
2.864097103356732177e+01 3.638311861542932490e+01 1.542537609603832927e+01 6.666450586015932878e+00 1.235598838857106507e+01 5.417443317160465455e+00 5.082967016698414220e+00 1.061195329931013021e+01 3.685163917220702245e+01 -3.039106540384381105e+00 2.515686921939626064e+00 -3.216004653247311751e+01 1.997478347476922877e+01 -4.908095532373871528e+00 -2.770293743886801252e+01 -7.112337746789618720e+00 -2.620298995664525421e+01 6.281733182662260440e+00 -4.574508766122648562e-01 4.912687467756892801e+00 -1.091799899165529197e+01 -2.802763292378894278e+01 -2.646759047940144072e+01 8.433030203011847581e-01 1.849922337679032225e+01 -1.111819711126291566e+01 -5.058410395286616179e+00 1.462570848920670663e+01 2.416323933587256434e+01 -2.921204629181033852e+00 -6.545700060256295139e+00 1.585570498665032702e+01 1.704473169760646334e-01 6.526667358952855658e+00 -2.062753604188126033e+01 3.155646948993635448e+01 3.122087439945844167e+01 1.471049371588885357e+01 -4.350601933849459257e+00 -2.516892606528496223e+00 6.111552811439911359e+00 2.153496964943252578e+01 -7.065094185087485990e+00 6.615448483774236443e+00 -1.094874569649073415e+01 1.098236912239083907e+01 6.429631184453228343e+00 7.134003836494261286e+00 3.869265587406515294e+01 1.813574104075329885e+01 -1.107921407186477580e+00 -1.341762932468982505e+01 1.829185255016303202e+01 -7.108379178113950481e+00 1.541461754189563571e+01 1.370887723721362583e+01 1.928840710701143379e+01 5.174975882689517803e+00 -1.679195159859337494e+01 -1.119485176833150497e+01 -5.747371978568120099e+00 -3.609906750073733406e+01 -1.793040945646881923e+01 2.505216834905159473e+01 -6.377250193824886004e-01 -2.785551209938029960e+00 3.512221615920875450e+01 -3.886492286083169656e+00 1.039313452752351985e+01 -1.198247775880467536e+01 1.477845648880424889e+01 -7.572728436751466674e+00 -2.763283069869952313e-01 -6.861211868621950316e-01 -7.526904474436403092e+00 1.027141241915273451e+00 -9.697824102217444064e+00 -8.009354368074486530e+00 -1.877166913571376483e+01 -3.360808659787116426e+01 -1.034927247049919075e+01 -4.834949906450508372e+00 1.870903400178845999e+01 -2.380869453086263476e+01 2.304833162214762865e+00 1.127982152975030772e+01 -2.570040833872694463e+01 -8.228840151130151881e+00 -3.143737860798594852e+01 1.435624625952839573e+00 6.478929133147850905e+00 6.331496307471652152e+00 8.016341817360865818e+00 3.351895887278472230e+01 -1.123586931104663122e+01 9.885115518273652313e+00 1.119979579004874992e+01 -7.809915389485014181e+00 -2.207366611664803191e+00 9.464613330126937285e+00
6.496881234787076131e+00 3.032162379335069957e+01 -2.457437289198661556e+00 2.338691475555350063e+00 1.975547424051479650e+00 2.425762979070659142e+01 -1.386705586657007139e+01 1.403493938049893153e+01 -2.361302829669767434e+01 2.488608476802211200e+01 6.139789445702735549e+00 -5.648588025251093825e+00 1.952169130507247630e+01 -1.702410706720251099e+01 3.167271533360411695e+01 -2.034013030249285237e+01 -3.453876519538253920e+00 -8.293433357502593140e+00 6.954346960068055417e+00 -1.029914891331356230e+01 -5.837429971047057187e+00 2.880741628058482107e+00 7.513748044438402829e+00 1.183727279473613692e+01 -2.004847728863722978e+01 -1.413802453226285039e+01 9.118246313965397976e-01 7.560388843396707692e+00 3.078159972807503308e+01 -1.738462026725263954e+01 1.984742431542631991e+01 5.785280248558307470e+00 2.899509714192621956e+01 3.057471693564892590e+01 1.573887935137299721e+01 -6.715504606147587374e+00 2.403763743093598748e+01 -1.398281395614878875e+01 1.302822329773300680e+01 9.970891275640797247e+00 -1.784955325530848569e+01 -1.127694786461577081e+01 3.002440792521343482e+01 -1.250018747001004726e+01 5.164192545001234924e-01 9.361456643658124577e+00 -1.774670322686222335e+01 2.706051408468363118e+00 1.533458860687381176e+01 -2.136488202071418741e+01 2.781765247507057737e+01 -1.598215048898938839e+00 -1.753361856752388093e+01 -8.086010637938505496e+00 1.421493364669547788e+00 -1.623929309645328800e+01 5.145848845678102634e+00 1.391136825444950453e+01 1.106616057912620121e+01 -7.395891836769624028e+00 -2.232333159931414102e+01 1.015124386735623752e+01 8.469151504893142057e-01 -2.099069119341037748e+01 -1.896487705660995715e+01 1.253049852149787036e+01 2.169982418271288793e+01 1.785375246325198262e+01 -2.625261106646579279e+01 4.544717626006125499e+00 5.150743628778110761e+00 -1.533368035526180861e+01 6.155891597258154491e+00 -1.552040461196438415e+01 7.817182163888974245e+00 2.541084647982883027e+00 -3.862821838265499519e+00 -8.813784921409109074e+00 1.268350643063564576e+01 6.920579366297308077e+00 -6.450445232596565326e+00 -5.017067281070484164e+00 1.752860097670275152e+01 8.459837821308616057e+00 -5.184550053233987654e+00 -1.178083199072693787e+01 9.910007101165264842e+00 -9.681247353578285697e+00 3.065124611700650981e+00 -5.047490058120830625e+00 -4.501584267623387348e+01 -1.059200107029930393e+01 -1.885094297884444048e+00 -1.794684564606938482e+00 2.494438817261138297e+01 -1.697059443940510093e+01 2.113649372545093996e+01 3.740628064051126955e+01 1.845838647707965663e+01 -6.485360107145695885e+00
1.589070006230764243e+01 -1.586705877179198865e+01 -1.675787222998737835e+00 2.361131390665164886e+01 7.206626311249366701e+00 -3.330953728870477804e+00 -4.145022612483709423e+01 -1.204959447873806866e+01 7.429308301164148087e-01 2.385634253308188235e+01 -1.441391678942385468e+01 2.538426065807563692e+00 -6.288723034315757410e+00 -2.305523282873003055e+01 -8.274717942420110717e+00 1.262320225709798116e+01 -1.453867828641568138e+01 -1.916863044118156978e+01 1.080068457321225361e+00 -5.889965738957315011e+00 -1.320198541377600598e+01 -6.523429179205826323e+00 -1.473084267923731439e+01 2.094126431984352887e+00 6.532286813875104237e+00 -9.397973501106580585e+00 -1.891718656604566817e+01 -2.494223836998623867e+01 1.913863829440779796e+01 1.711977440909879533e+01 3.381523957197189567e+00 1.147290240511290094e+01 2.060498047306858815e+00 -2.188209842156312845e+01 -1.904666447264150264e+01 -1.213562490966597629e+01 3.032165478882015464e+01 3.101167828603335153e+01 1.537870934462728023e+01 1.497244965859957944e+01 4.842166197173578546e+00 -2.429447186726379382e+00 1.091523842996788218e+01 8.755009338782137718e+00 -1.032360348593285870e+01 -3.381934141340353417e+00 -2.421188949191591888e+01 1.031011106796770882e+01 -1.482053890363607351e+01 -7.494223434363447289e+00 -1.209174134710678494e+01 -1.077216590472921531e+01 -1.863025143424050967e+01 3.132774167606365978e+01 -1.989606264516492118e+01 -2.508064442210372036e+01 1.495069157272149596e+01 -1.056994211373184278e+01 -1.304410060563037277e+01 2.830533010400991811e-01 -1.044967934460757775e+01 -2.601093136597514288e+01 -1.200741405540096629e+01 4.335794260992386739e+00 8.495812641808386800e+00 1.337093131126020751e+01 -5.994078871784207507e+00 1.063873035896584618e+01 -3.949586517719418377e-01 -1.593699590830993440e+00 1.276560123261859125e+01 -6.657604633643992464e+00 3.668200514421575775e+01 -5.617317212439193241e+00 -2.501612494880029658e+01 3.769563381610752550e+00 -2.312080499856840632e+01 6.754641002156140495e+00 2.426432170764289964e+01 1.099010679219288278e+01 -2.156926641247587373e+00 -2.721126874899710302e+01 -1.320560017893143545e+01 -9.348647462887248238e+00 1.122750263979789054e+01 -2.246016946461410413e+01 -1.930201164181032070e+01 -8.535753950531871359e-01 8.505865715177005626e+00 1.581368710412723644e+00 3.175621091817509623e+01 -6.346796185962277903e+00 -3.296998510561871143e+01 1.656345543715664448e+01 4.649043790006473387e+00 1.966395589284109491e+01 -1.019754993047432912e+01 -1.721036812585195719e+01 1.586756331340217097e+00 6.008137683878490343e+00
9.896200967956687577e+00 1.257134455875271328e+01 5.329845756303710935e+00 2.303434479315045191e+00 4.269295254540765860e+00 1.871859251836452742e+00 1.756302051683092724e+00 3.666687286199434848e+00 1.273322044675080633e+01 -1.050091702012549755e+00 8.692319378507127325e-01 -1.111213896610838603e+01 6.901794856478735696e+00 -1.695866030117683776e+00 -9.572102001416395112e+00 -2.457470277118192215e+00 -9.053802346784442179e+00 2.170505822159773057e+00 -1.580449299584466005e-01 1.697718896864333082e+00 -3.772452954426009697e+00 -9.684260490060344395e+00 -9.145221124694792536e+00 2.913720475441335389e-01 6.391967784626462645e+00 -3.841582053036712630e+00 -1.747823366743680440e+00 5.053560520677365275e+00 8.349046981904368891e+00 -1.009346998343188195e+00 -2.261675314322877384e+00 5.478428277687100945e+00 5.888967404702411673e-02 2.255134850785845746e+00 -7.127361158632025351e+00 1.090358695461911331e+01 1.078765165900767364e+01 5.082865173420731963e+00 -1.503149246655450799e+00 -8.696756495417435895e-01 2.111692923359104856e+00 7.440878955171536191e+00 -2.441171949790275075e+00 2.285801049202647928e+00 -3.783127108775357073e+00 3.794675412438251794e+00 2.221620372094135654e+00 2.464996357662542881e+00 1.336934337516873939e+01 6.266367745721319160e+00 -3.828096028284412866e-01 -4.636091031177630661e+00 6.320297984913826994e+00 -2.456126902185556737e+00 5.326140017916080716e+00 4.736757698493144986e+00 6.664600401312886113e+00 1.788109998623644836e+00 -5.802069596691096010e+00 -3.868025242285263676e+00 -1.985861360860879055e+00 -1.247318533273043073e+01 -6.195388028952187653e+00 8.656168067078901629e+00 -2.203409809499548844e-01 -9.625298357008956751e-01 1.213566023525455684e+01 -1.342878018268090834e+00 3.591102156255598032e+00 -4.140241304272103129e+00 5.106469122410222106e+00 -2.616574254300347402e+00 -9.547669726939925217e-02 -2.370782665930351307e-01 -2.600742601582557878e+00 3.549077866039087592e-01 -3.350830817130277417e+00 -2.767420801117292939e+00 -6.486101867943554922e+00 -1.161247217918396224e+01 -3.575930203024447085e+00 -1.670607959676016607e+00 6.464443546030541832e+00 -8.226520946224896491e+00 7.963937195220284204e-01 3.897464221269912876e+00 -8.880157801520496719e+00 -2.843310488394633850e+00 -1.086245278955399662e+01 4.960475166090181354e-01 2.238646431803571701e+00 2.187405658081694959e+00 2.769854965699577232e+00 1.158168234834009169e+01 -3.882259334306963794e+00 3.415563283276811912e+00 3.869818015797876765e+00 -2.698530335634870880e+00 -7.627172186525300601e-01 3.270246896068278897e+00
2.244837289057493468e+00 1.047693124498503892e+01 -8.491110442095062272e-01 8.080809350344330122e-01 6.826094599992851286e-01 8.381630500300857989e+00 -4.791435358882770501e+00 4.849443034567330280e+00 -8.158929990688378098e+00 8.598795837382041896e+00 2.121454466386757165e+00 -1.951723015191065391e+00 6.745249108958504713e+00 -5.882259112823311931e+00 1.094376600098855334e+01 -7.028026393197738031e+00 -1.193382257084664833e+00 -2.865604879438635511e+00 2.402907181057560848e+00 -3.558676118736115779e+00 -2.016949732282301344e+00 9.953811754872196049e-01 2.596204638711322676e+00 4.090061947039647983e+00 -6.927266881418363553e+00 -4.885034192569189138e+00 3.150490561343209928e-01 2.612302739239217519e+00 1.063586400101364049e+01 -6.006837598931869415e+00 6.857792027294086878e+00 1.998871557343103289e+00 1.001854475876098505e+01 1.056437165853772520e+01 5.438171573025381456e+00 -2.320385913045793114e+00 8.305651387879443348e+00 -4.831432364049141448e+00 4.501536144654722627e+00 3.445312272464692960e+00 -6.167455861415497509e+00 -3.896481324353685771e+00 1.037420775727585109e+01 -4.319127153175150724e+00 1.783817886264288943e-01 3.234625192650139702e+00 -6.131929141398451577e+00 9.350051201315875415e-01 5.298516426644640731e+00 -7.382115010906621144e+00 9.611722637454850116e+00 -5.521888936740306786e-01 -6.058316190639264853e+00 -2.793928205221171357e+00 4.911659068810029782e-01 -5.611084100664211149e+00 1.778024923331586571e+00 4.806733377652705030e+00 3.823626730782017979e+00 -2.555460642596393050e+00 -7.713258251697443946e+00 3.507526297028863205e+00 2.926266665069971462e-01 -7.252830219855641580e+00 -6.552834468186356176e+00 4.329582719852633765e+00 7.497867736503823544e+00 6.168906403070285371e+00 -9.070943201864809069e+00 1.570302512271720685e+00 1.779776780683738124e+00 -5.298149501695698760e+00 2.127024132648362098e+00 -5.362672177474587798e+00 2.701025340771042949e+00 8.780196320273182531e-01 -1.334698185856659114e+00 -3.045383784128944171e+00 4.382489526531688107e+00 2.391223997359404940e+00 -2.228851644482149563e+00 -1.733522254279833419e+00 6.056591539030684146e+00 2.923077240486896766e+00 -1.791392232263201212e+00 -4.070599666581999010e+00 3.424158303812222304e+00 -3.345058769259304565e+00 1.059099760050377759e+00 -1.744035505885870974e+00 -1.555419056162556579e+01 -3.659749032529473922e+00 -6.513553063474070148e-01 -6.201041684027412959e-01 8.618925231470496939e+00 -5.863777649595649955e+00 7.303187600205247598e+00 1.292486200998728485e+01 6.377843775338907228e+00 -2.240853098140664912e+00
5.490652150769158801e+00 -5.482492802902615203e+00 -5.790189793542998009e-01 8.158306234840276616e+00 2.490092647798492820e+00 -1.150934873787141433e+00 -1.432215333456506734e+01 -4.163431260690225955e+00 2.567019802946493012e-01 8.242985248105583196e+00 -4.980371815524787138e+00 8.770865753532461895e-01 -2.172935491734015123e+00 -7.966178537066079812e+00 -2.859138771159853043e+00 4.361637658335713041e+00 -5.023488311549842322e+00 -6.623261994859229951e+00 3.732064162891565728e-01 -2.035214053411040780e+00 -4.561604622460699865e+00 -2.254036976056598807e+00 -5.089895395406607292e+00 7.235713380230884839e-01 2.257062104442261852e+00 -3.247220023034423697e+00 -6.536370912222266405e+00 -8.618184657659201164e+00 6.612911410697178027e+00 5.915299642026607074e+00 1.168403534089412110e+00 3.964338312161849398e+00 7.119508772101874605e-01 -7.560837728082196563e+00 -6.581111770474349143e+00 -4.193178030360428465e+00 1.047694414979581978e+01 1.071535091447581145e+01 5.313632649886764092e+00 5.173313120779544860e+00 1.673094759798101849e+00 -8.394367046033798241e-01 3.771488965521123671e+00 3.025057014510373232e+00 -3.567084149440842289e+00 -1.168548739950228788e+00 -8.365835968188672922e+00 3.562383859462735725e+00 -5.120889414688075014e+00 -2.589446901971299564e+00 -4.178008375424056453e+00 -3.722063875874295658e+00 -6.437246769963143933e+00 1.082455869108597035e+01 -6.874610181570367295e+00 -8.666001199141472711e+00 5.165813207813060970e+00 -3.652184079182962062e+00 -4.507079814529994621e+00 9.769617893277912635e-02 -3.610630104974593912e+00 -8.987466672325792771e+00 -4.148866298025286170e+00 1.498127470567841790e+00 2.935516770238863593e+00 4.620091715620684880e+00 -2.071121904817663228e+00 3.675949081514010341e+00 -1.364688135997324248e-01 -5.506848572549456478e-01 4.410683435125689833e+00 -2.300387256198979991e+00 1.267460183552719499e+01 -1.940928293234143620e+00 -8.643708520367336945e+00 1.302467306481056131e+00 -7.988825477413993070e+00 2.333860436664286997e+00 8.383958389605085770e+00 3.797353274581816152e+00 -7.452010075651577248e-01 -9.402179247146495555e+00 -4.562864521722361566e+00 -3.230231799986459595e+00 3.879358558725595429e+00 -7.760575408762615979e+00 -6.669320915354006729e+00 -2.949466609379133297e-01 2.939001651004213400e+00 5.464025677877203391e-01 1.097262932006321812e+01 -2.192884880910550116e+00 -1.139198837842514322e+01 5.723110305996349290e+00 1.606365252976718061e+00 6.794397997440560388e+00 -3.523516825941564790e+00 -5.946638944074955191e+00 5.482805752835885338e-01 2.075960556370262555e+00
1.764018719358826814e+00 2.240876400555288139e+00 9.500503375458545507e-01 4.105926438282903601e-01 7.610056972877731196e-01 3.336607125788750294e-01 3.130657365176893192e-01 6.535899501132939049e-01 2.269728523658724573e+00 -1.871813927440578174e-01 1.549415666376020018e-01 -1.980763721594901661e+00 1.230256250810958685e+00 -3.022894713589415749e-01 -1.706251496617744889e+00 -4.380422301419442666e-01 -1.613856140692047747e+00 3.868981416088847491e-01 -2.816768909785954955e-02 3.026878572116302180e-01 -6.724477373599568875e-01 -1.726235743157666702e+00 -1.630149791466720455e+00 5.193484754445143459e-02 1.139382931506597307e+00 -6.847587582777355797e-01 -3.115559943535028409e-01 9.008072092765384564e-01 1.488240074098444943e+00 -1.799168962701097607e-01 -4.031396028982041080e-01 9.765080409685840124e-01 1.049610739713771786e-02 4.019829068550317963e-01 -1.270469873966834307e+00 1.943588774479706238e+00 1.922928567658757748e+00 9.060331634290346159e-01 -2.679147459811991316e-01 -1.550275895471479037e-01 3.764117688820438623e-01 1.326348916779248377e+00 -4.351435480196960692e-01 4.074466686672492122e-01 -6.743632997571138432e-01 6.764040576344708677e-01 3.960124690914105794e-01 4.393939606340379056e-01 2.383119734332543871e+00 1.116992560570438053e+00 -6.823506637239595829e-02 -8.263804581890643597e-01 1.126603094849276676e+00 -4.378090087538748509e-01 9.493927514132677326e-01 8.443329209930713342e-01 1.187967263750585811e+00 3.187397836251551486e-01 -1.034234543729051214e+00 -6.894613253596559854e-01 -3.539826389884145330e-01 -2.223376201061419088e+00 -1.104332020244944701e+00 1.542978150514960900e+00 -3.927378912940427541e-02 -1.715856003386950490e-01 2.163212270020057115e+00 -2.393692517265780806e-01 6.401224778378100666e-01 -7.380025020998587371e-01 9.102715711525728448e-01 -4.664097521054338391e-01 -1.701843100741904508e-02 -4.226111667995699483e-02 -4.635881653130424773e-01 6.326402118786501882e-02 -5.972876023626644271e-01 -4.932935927884126714e-01 -1.156161759485944351e+00 -2.069948580440519326e+00 -6.374138380365037548e-01 -2.977911650929363496e-01 1.152296965065827905e+00 -1.466394036417442814e+00 1.419624064133579722e-01 6.947292569032492704e-01 -1.582906312864109877e+00 -5.068342854216593141e-01 -1.936260313232788688e+00 8.842198782032886784e-02 3.990454416450356923e-01 3.898352116734520867e-01 4.937325516641011269e-01 2.064461791488478859e+00 -6.920142901772807775e-01 6.088310044496689777e-01 6.898024813047340942e-01 -4.810190600797331628e-01 -1.359596857742948472e-01 5.829224465934947919e-01
4.001458932829211057e-01 1.867540484198781270e+00 -1.513564748517987335e-01 1.440426844191373956e-01 1.216782142873492761e-01 1.494040275035181109e+00 -8.540851620547290635e-01 8.644250383341622879e-01 -1.454350103733696553e+00 1.532754999100339077e+00 3.781530751780858290e-01 -3.478958945009863468e-01 1.202354040089548493e+00 -1.048521789422860229e+00 1.950754116814921613e+00 -1.252755934151874362e+00 -2.127172914163302508e-01 -5.108021113826151094e-01 4.283230993857694013e-01 -6.343548618192859090e-01 -3.595167943460195192e-01 1.774313418630696360e-01 4.627812892637109266e-01 7.290560696501880988e-01 -1.234798965644052782e+00 -8.707622250162604383e-01 5.615558208336906415e-02 4.656463355807870519e-01 1.895870353152846244e+00 -1.070731180647705783e+00 1.222413439291661685e+00 3.562792087239653460e-01 1.785822671020041552e+00 1.883124404609214375e+00 9.693602261112698182e-01 -4.136147819085618793e-01 1.480505518419319877e+00 -8.612146033889429564e-01 8.023944942375443867e-01 6.141622520713680977e-01 -1.099354523063111655e+00 -6.945566159868277190e-01 1.849222735857311450e+00 -7.698902197712823581e-01 3.178300161392939166e-02 5.765783261237963364e-01 -1.093024529311628967e+00 1.666650846605796377e-01 9.444760670766561006e-01 -1.315875590992218847e+00 1.713309769647461289e+00 -9.841963479489503064e-02 -1.079906275297673579e+00 -4.980238742799172891e-01 8.755211392965851769e-02 -1.000183923734943248e+00 3.169367506327022688e-01 8.568087281017814361e-01 6.815644840560370898e-01 -4.555130630511632361e-01 -1.374895920537137162e+00 6.252258395688037318e-01 5.216015547767606508e-02 -1.292832317205728332e+00 -1.168050403105701962e+00 7.717494243469531501e-01 1.336514249788504305e+00 1.099612984324236375e+00 -1.616910376881420586e+00 2.799057223266024907e-01 3.172645174906456034e-01 -9.443970941080740422e-01 3.791474011645825648e-01 -9.558995689705664933e-01 4.814597490046031991e-01 1.565110883930115326e-01 -2.379109042491820980e-01 -5.428439658252928179e-01 7.811900369753062012e-01 4.262365604775918415e-01 -3.973115489749630136e-01 -3.090027050541662712e-01 1.079601166602629281e+00 5.210403666865246475e-01 -3.193182328806979942e-01 -7.255969667985717741e-01 6.103616363169550585e-01 -5.962473888674242328e-01 1.887917326872204926e-01 -3.108770696100088271e-01 -2.772578868738553304e+00 -6.523418713686141013e-01 -1.161070328529937856e-01 -1.105333287060993736e-01 1.536339030745679013e+00 -1.045229612270672126e+00 1.301803212385827635e+00 2.303888653604851289e+00 1.136861771655939046e+00 -3.994348491297837755e-01
9.787207669715615177e-01 -9.772687307250399469e-01 -1.032090244083735814e-01 1.454230897667446509e+00 4.438682795306049256e-01 -2.051575070812704793e-01 -2.552959524397706126e+00 -7.421360029578795148e-01 4.575768058472433342e-02 1.469329005855587900e+00 -8.877588274931913492e-01 1.563410773961325384e-01 -3.873349386801498428e-01 -1.419986997406274876e+00 -5.096496555824181485e-01 7.774692620749052985e-01 -8.954465167058364150e-01 -1.180610755861316807e+00 6.652857574646879601e-02 -3.628010530571213477e-01 -8.131092776815207479e-01 -4.017925742980634207e-01 -9.072860920611455215e-01 1.289771349366884423e-01 4.023227608779566533e-01 -5.788175821240700847e-01 -1.165119508265779258e+00 -1.536207593998379695e+00 1.178768931867912872e+00 1.054407493744233149e+00 2.082701393603675899e-01 7.066905215002929896e-01 1.269055132578099654e-01 -1.347736100347700861e+00 -1.173095394309477069e+00 -7.474437974999706968e-01 1.867543345372156605e+00 1.910036197322756646e+00 9.471376894223542120e-01 9.221391803486038707e-01 2.982327519661153170e-01 -1.496312290080102358e-01 6.722733124822369843e-01 5.392160064399977859e-01 -6.358429497629545235e-01 -2.082969110514794053e-01 -1.491227403936332019e+00 6.349953243283483761e-01 -9.128112600831277401e-01 -4.615737760336537931e-01 -7.447380518676876004e-01 -6.634657897411249117e-01 -1.147455381112975958e+00 1.929502624370300623e+00 -1.225414465326961189e+00 -1.544729370328472351e+00 9.208069241224203783e-01 -6.510079811927798055e-01 -8.033973984842670557e-01 1.738743280360141585e-02 -6.436008827984047720e-01 -1.602038199391095707e+00 -7.395421876619215906e-01 2.670437974464568431e-01 5.232601136765886451e-01 8.235633239220557789e-01 -3.691848267681399065e-01 6.552433441679597070e-01 -2.432593577077428806e-02 -9.816589159252428476e-02 7.861716865899075479e-01 -4.100518423165138704e-01 2.259278191561140403e+00 -3.459743079586583558e-01 -1.540755775734157673e+00 2.321637258257511494e-01 -1.424021319811372477e+00 4.160043489497217695e-01 1.494459226930682449e+00 6.768824896117450196e-01 -1.328149204929186533e-01 -1.675952588909771945e+00 -8.133366435164826047e-01 -5.758035020837586337e-01 6.914946982230995021e-01 -1.383339531054703420e+00 -1.188813763294806147e+00 -5.257847921688740128e-02 5.238841839590918648e-01 9.739703287870722648e-02 1.955902493644080975e+00 -3.908611921012573043e-01 -2.030646078754605011e+00 1.020157859808245249e+00 2.863379004508236902e-01 1.211113086073127398e+00 -6.280737779403138266e-01 -1.060003197162724842e+00 9.773599354395363925e-02 3.700424633230928739e-01
