# 
#                 ----------------------------------------------------
#                 Data from a 3D direct N-body simulation. 
# 
#                 rows are i-particle; 
#                 coumns are :mass, tag, x ,y, z, vx, vy, vz, ax, ay, az
# 
#                 NTHU, Computational Physics Lab
# 
#                 ----------------------------------------------------
#                 Time = 3.9999999999999587
1.000000000000000000e+00 2.000000000000000000e+00 3.000000000000000000e+00 4.000000000000000000e+00 5.000000000000000000e+00 6.000000000000000000e+00 7.000000000000000000e+00 8.000000000000000000e+00 9.000000000000000000e+00 1.000000000000000000e+01 1.100000000000000000e+01 1.200000000000000000e+01 1.300000000000000000e+01 1.400000000000000000e+01 1.500000000000000000e+01 1.600000000000000000e+01 1.700000000000000000e+01 1.800000000000000000e+01 1.900000000000000000e+01 2.000000000000000000e+01 2.100000000000000000e+01 2.200000000000000000e+01 2.300000000000000000e+01 2.400000000000000000e+01 2.500000000000000000e+01 2.600000000000000000e+01 2.700000000000000000e+01 2.800000000000000000e+01 2.900000000000000000e+01 3.000000000000000000e+01 3.100000000000000000e+01 3.200000000000000000e+01 3.300000000000000000e+01 3.400000000000000000e+01 3.500000000000000000e+01 3.600000000000000000e+01 3.700000000000000000e+01 3.800000000000000000e+01 3.900000000000000000e+01 4.000000000000000000e+01 4.100000000000000000e+01 4.200000000000000000e+01 4.300000000000000000e+01 4.400000000000000000e+01 4.500000000000000000e+01 4.600000000000000000e+01 4.700000000000000000e+01 4.800000000000000000e+01 4.900000000000000000e+01 5.000000000000000000e+01 5.100000000000000000e+01 5.200000000000000000e+01 5.300000000000000000e+01 5.400000000000000000e+01 5.500000000000000000e+01 5.600000000000000000e+01 5.700000000000000000e+01 5.800000000000000000e+01 5.900000000000000000e+01 6.000000000000000000e+01 6.100000000000000000e+01 6.200000000000000000e+01 6.300000000000000000e+01 6.400000000000000000e+01 6.500000000000000000e+01 6.600000000000000000e+01 6.700000000000000000e+01 6.800000000000000000e+01 6.900000000000000000e+01 7.000000000000000000e+01 7.100000000000000000e+01 7.200000000000000000e+01 7.300000000000000000e+01 7.400000000000000000e+01 7.500000000000000000e+01 7.600000000000000000e+01 7.700000000000000000e+01 7.800000000000000000e+01 7.900000000000000000e+01 8.000000000000000000e+01 8.100000000000000000e+01 8.200000000000000000e+01 8.300000000000000000e+01 8.400000000000000000e+01 8.500000000000000000e+01 8.600000000000000000e+01 8.700000000000000000e+01 8.800000000000000000e+01 8.900000000000000000e+01 9.000000000000000000e+01 9.100000000000000000e+01 9.200000000000000000e+01 9.300000000000000000e+01 9.400000000000000000e+01 9.500000000000000000e+01 9.600000000000000000e+01 9.700000000000000000e+01 9.800000000000000000e+01 9.900000000000000000e+01 1.000000000000000000e+02
2.000000000000000111e-01 2.000000000000000111e-01 2.000000000000000111e-01 2.000000000000000111e-01 2.000000000000000111e-01 2.000000000000000111e-01 2.000000000000000111e-01 2.000000000000000111e-01 2.000000000000000111e-01 2.000000000000000111e-01 2.000000000000000111e-01 2.000000000000000111e-01 2.000000000000000111e-01 2.000000000000000111e-01 2.000000000000000111e-01 2.000000000000000111e-01 2.000000000000000111e-01 2.000000000000000111e-01 2.000000000000000111e-01 2.000000000000000111e-01 2.000000000000000111e-01 2.000000000000000111e-01 2.000000000000000111e-01 2.000000000000000111e-01 2.000000000000000111e-01 2.000000000000000111e-01 2.000000000000000111e-01 2.000000000000000111e-01 2.000000000000000111e-01 2.000000000000000111e-01 2.000000000000000111e-01 2.000000000000000111e-01 2.000000000000000111e-01 2.000000000000000111e-01 2.000000000000000111e-01 2.000000000000000111e-01 2.000000000000000111e-01 2.000000000000000111e-01 2.000000000000000111e-01 2.000000000000000111e-01 2.000000000000000111e-01 2.000000000000000111e-01 2.000000000000000111e-01 2.000000000000000111e-01 2.000000000000000111e-01 2.000000000000000111e-01 2.000000000000000111e-01 2.000000000000000111e-01 2.000000000000000111e-01 2.000000000000000111e-01 2.000000000000000111e-01 2.000000000000000111e-01 2.000000000000000111e-01 2.000000000000000111e-01 2.000000000000000111e-01 2.000000000000000111e-01 2.000000000000000111e-01 2.000000000000000111e-01 2.000000000000000111e-01 2.000000000000000111e-01 2.000000000000000111e-01 2.000000000000000111e-01 2.000000000000000111e-01 2.000000000000000111e-01 2.000000000000000111e-01 2.000000000000000111e-01 2.000000000000000111e-01 2.000000000000000111e-01 2.000000000000000111e-01 2.000000000000000111e-01 2.000000000000000111e-01 2.000000000000000111e-01 2.000000000000000111e-01 2.000000000000000111e-01 2.000000000000000111e-01 2.000000000000000111e-01 2.000000000000000111e-01 2.000000000000000111e-01 2.000000000000000111e-01 2.000000000000000111e-01 2.000000000000000111e-01 2.000000000000000111e-01 2.000000000000000111e-01 2.000000000000000111e-01 2.000000000000000111e-01 2.000000000000000111e-01 2.000000000000000111e-01 2.000000000000000111e-01 2.000000000000000111e-01 2.000000000000000111e-01 2.000000000000000111e-01 2.000000000000000111e-01 2.000000000000000111e-01 2.000000000000000111e-01 2.000000000000000111e-01 2.000000000000000111e-01 2.000000000000000111e-01 2.000000000000000111e-01 2.000000000000000111e-01 2.000000000000000111e-01
2.302077383130441390e+01 2.924366963678688691e+01 1.239847771323664816e+01 5.358296575888476632e+00 9.931392269956264229e+00 4.354386697977613352e+00 4.085537618789237158e+00 8.529587126302061506e+00 2.962025804542125940e+01 -2.442744170530402492e+00 2.022037242796699719e+00 -2.584930063148541279e+01 1.605515269527058564e+01 -3.944988022712567766e+00 -2.226680151242738859e+01 -5.716703190554405012e+00 -2.106120266509494243e+01 5.049071356024882995e+00 -3.676941065789642304e-01 3.948539885338070654e+00 -8.775567815135403293e+00 -2.252779907610023713e+01 -2.127388478008382222e+01 6.778280671650216416e-01 1.486913163845050256e+01 -8.936504469714481758e+00 -4.065796453294102442e+00 1.175571747964484537e+01 1.942169436332092047e+01 -2.347981473634556338e+00 -5.261260010211964655e+00 1.274441950276673374e+01 1.370028129298557218e-01 5.245943373448441527e+00 -1.657980392807568037e+01 2.536416330527142549e+01 2.509441054984514352e+01 1.182386058433922216e+01 -3.496937063974030035e+00 -2.022992178210720748e+00 4.912291179517890960e+00 1.730918509127664606e+01 -5.678716856542186164e+00 5.317308258684461109e+00 -8.800254816938894109e+00 8.827316613150669511e+00 5.167941204086998752e+00 5.734096934202678852e+00 3.110001140786542351e+01 1.457697906059249071e+01 -8.905179591918163107e-01 -1.078472320406440410e+01 1.470246232510004525e+01 -5.713508661340722661e+00 1.238982423393152743e+01 1.101880255196574510e+01 1.550348099049153738e+01 4.159483041309302465e+00 -1.349687206067665635e+01 -8.998139685293672585e+00 -4.619572040095308196e+00 -2.901536402452465069e+01 -1.441195641652062953e+01 2.013620358568077151e+01 -5.125897152796689005e-01 -2.238918706000599279e+00 2.823019823301581965e+01 -3.123851943097690320e+00 8.353695282209782746e+00 -9.631173434244908904e+00 1.187842387309522252e+01 -6.086737642055479292e+00 -2.221056067389452771e-01 -5.514812268441934284e-01 -6.049904785339508706e+00 8.255840932230096296e-01 -7.794837388007067602e+00 -6.437694741163355161e+00 -1.508811713720420045e+01 -2.701319404462443785e+01 -8.318448845746614140e+00 -3.886187540284100628e+00 1.503778133717016452e+01 -1.913673289781352338e+01 1.852550161174312926e+00 9.066394268569103687e+00 -2.065723680274295404e+01 -6.614084024640797921e+00 -2.526843379586635763e+01 1.153912073821587780e+00 5.207569453804472559e+00 5.089223320638295966e+00 6.443300699717133817e+00 2.694155259458882412e+01 -9.031076292240022951e+00 7.945367132552576095e+00 9.002069431414732037e+00 -6.277380621081591450e+00 -1.774209021229109062e+00 7.607391241257601244e+00
5.222005125181025775e+00 2.437162233821461754e+01 -1.975214828343100137e+00 1.879770597968148049e+00 1.587883825764183632e+00 1.949757875044721445e+01 -1.114592998324953044e+01 1.128087006965400718e+01 -1.897945332513639727e+01 2.000270317193111680e+01 4.934984321937828433e+00 -4.540175481510085653e+00 1.569096557384163049e+01 -1.368348552997336398e+01 2.545759147974943559e+01 -1.634881054530539402e+01 -2.776136283913776204e+00 -6.666014810700049864e+00 5.589700811676651782e+00 -8.278127108274500046e+00 -4.691973164425192522e+00 2.315450562905306153e+00 6.039325893537053958e+00 9.514465728310938175e+00 -1.611438098081075410e+01 -1.136374122659827890e+01 7.329032051113119062e-01 6.076823544580985725e+00 2.474133799608698325e+01 -1.397324932616516335e+01 1.595278352661423149e+01 4.650087595241508609e+00 2.330541838029090229e+01 2.457505634041369902e+01 1.265046125805163868e+01 -5.397723720190738206e+00 1.932073759401291824e+01 -1.123897316930397672e+01 1.047173263655018616e+01 8.014253095238160540e+00 -1.434696356503132542e+01 -9.064079263899309069e+00 2.413274337430631888e+01 -1.004729142460405100e+01 4.151111343964521971e-01 7.524465630123082782e+00 -1.426429016722647880e+01 2.175048053886317501e+00 1.232548444387873943e+01 -1.717247062909028799e+01 2.235901465997965687e+01 -1.284617255800064584e+00 -1.409301198946749523e+01 -6.499298014478370078e+00 1.142553200813761993e+00 -1.305267575076362441e+01 4.136082508366143884e+00 1.118155380479045569e+01 8.894666155849659361e+00 -5.944607807789367371e+00 -1.794285792885712993e+01 8.159268741767601085e+00 6.807279798938329352e-01 -1.687170288519561367e+01 -1.524342545982556807e+01 1.007166379702390202e+01 1.744167610944993285e+01 1.435033897110241341e+01 -2.110108902544444831e+01 3.652919153729488055e+00 4.139985160974479328e+00 -1.232478214438222786e+01 4.947923651042252402e+00 -1.247486324009020109e+01 6.283229720079175351e+00 2.042444863453998671e+00 -3.104826892422452911e+00 -7.084266569480825559e+00 1.019462692353701527e+01 5.562567554721446150e+00 -5.184650314030028184e+00 -4.032574418167850894e+00 1.408897426795018148e+01 6.799778749599887817e+00 -4.167191998528320340e+00 -9.469079644910319615e+00 7.965377218178838703e+00 -7.781536639925941579e+00 2.463647264025556449e+00 -4.057026629562509257e+00 -3.618239253935924182e+01 -8.513573205664142662e+00 -1.515180379159009272e+00 -1.442518064699753744e+00 2.004957406947054821e+01 -1.364046918623280646e+01 1.698890575510548828e+01 3.006606339969568253e+01 1.483631533871681896e+01 -5.212746524910944146e+00
1.277247851452268534e+01 -1.275347146403686516e+01 -1.346953462417955771e+00 1.897809173876550659e+01 5.792467011528674270e+00 -2.677321156075958442e+00 -3.331646684662078428e+01 -9.685120210646520178e+00 5.971460246694685337e-01 1.917503061326222635e+01 -1.158549029628415283e+01 2.040315516645264449e+00 -5.054682026056961597e+00 -1.853112337432887458e+01 -6.650971618407125696e+00 1.014616413493202174e+01 -1.168576567787363985e+01 -1.540718318607270554e+01 8.681197481327167509e-01 -4.734141480182997519e+00 -1.061138232021714067e+01 -5.243329653820804737e+00 -1.184021694185767259e+01 1.683199515009801805e+00 5.250467653236218446e+00 -7.553828660683706175e+00 -1.520508553834223520e+01 -2.004784495199910310e+01 1.538306985858159237e+01 1.376038798463152091e+01 2.717970463128142722e+00 9.221503679951771559e+00 1.656170515133359666e+00 -1.758818828893985042e+01 -1.530915458885202796e+01 -9.754257977956209302e+00 2.437164610530118480e+01 2.492627426058493612e+01 1.236101456952287236e+01 1.203444685672766035e+01 3.891991238103460038e+00 -1.952718786074737700e+00 8.773354252658712937e+00 7.037034020143981827e+00 -8.297804728061461077e+00 -2.718298341854471278e+00 -1.946080885181511988e+01 8.286979920364082375e+00 -1.191231128458169231e+01 -6.023638575773639481e+00 -9.718989175690278870e+00 -8.658351424714588518e+00 -1.497444534442499275e+01 2.518031694169847512e+01 -1.599187114563272338e+01 -2.015909500048013570e+01 1.201694890831285001e+01 -8.495813107564018196e+00 -1.048446425193193399e+01 2.275653562564071419e-01 -8.399149445229816990e+00 -2.090681824369274366e+01 -9.651211875951448249e+00 3.484985664090204605e+00 6.828689404568445198e+00 1.074711766424137771e+01 -4.817858996909466285e+00 8.551104717479221407e+00 -3.174560321015060804e-01 -1.280958532803102345e+00 1.026070211730801773e+01 -5.351181610962164825e+00 2.948391412563714198e+01 -4.515035613935670433e+00 -2.010723588728212974e+01 3.029872473018434764e+00 -1.858383356031298561e+01 5.429205535236896196e+00 1.950294934152339366e+01 8.833533682432836542e+00 -1.733712740070683989e+00 -2.187163268046246145e+01 -1.061428206914481365e+01 -7.514153009099434399e+00 9.024356562068772902e+00 -1.805282534150204299e+01 -1.551440558220614285e+01 -6.860715217476365257e-01 6.836763879521511988e+00 1.271058636499052596e+00 2.552469577762759556e+01 -5.101420296942176691e+00 -2.650030838304440906e+01 1.331321767231104580e+01 3.736765461855325654e+00 1.580531745851454239e+01 -8.196493118638070285e+00 -1.383318533828536268e+01 1.275380462046455943e+00 4.829168997057900370e+00
8.837789689338983123e+00 1.122681869493930051e+01 4.759815500547246891e+00 2.057078884829935728e+00 3.812691791397796237e+00 1.671662805257939866e+00 1.568462607025743694e+00 3.274533276082255639e+00 1.137138329607356368e+01 -9.377828629313729181e-01 7.762669896787017798e-01 -9.923680687379370369e+00 6.163641057864487571e+00 -1.514492328740436600e+00 -8.548351077316182156e+00 -2.194644894198734431e+00 -8.085488604071219498e+00 1.938366931107885272e+00 -1.411442961702426557e-01 1.516106487651563750e+00 -3.368984294248850819e+00 -8.648518978664386125e+00 -8.167131181938362516e+00 2.602111242691748649e-01 5.708338000911147958e+00 -3.430726726296921658e+00 -1.560889774973891919e+00 4.513076168165596869e+00 7.456102920505083276e+00 -9.013968494856399172e-01 -2.019791500368208315e+00 4.892523269015293330e+00 5.259200413852675032e-02 2.013945097647873883e+00 -6.365079213112914580e+00 9.737433644628083584e+00 9.633894499600366146e+00 4.539245259296227353e+00 -1.342400274923073455e+00 -7.766591203450835534e-01 1.885845842791175508e+00 6.645069553413817331e+00 -2.180085806995592623e+00 2.041333026800319583e+00 -3.378509171842813519e+00 3.388832936988873890e+00 1.984012898690579618e+00 2.201359984448993057e+00 1.193947149956864351e+01 5.596172176213141114e+00 -3.418685538645240829e-01 -4.140262674995891068e+00 5.644336082116562459e+00 -2.193441481507536039e+00 4.756504327852308478e+00 4.230157903879570469e+00 5.951819955620509361e+00 1.596866145416300897e+00 -5.181528858858825970e+00 -3.454348323303412016e+00 -1.773471761712034800e+00 -1.113915957442222116e+01 -5.532788745055861490e+00 7.730381125824144384e+00 -1.967766948509181157e-01 -8.595785305774025220e-01 1.083773284014499616e+01 -1.199256453357230301e+00 3.207028656905699382e+00 -3.697439763305002902e+00 4.560306310259113260e+00 -2.336728389991867605e+00 -8.526563589342171789e-02 -2.117216021284550331e-01 -2.322589691479033380e+00 3.169493767224958458e-01 -2.992458215917030540e+00 -2.471444608695687162e+00 -5.792404783357028464e+00 -1.037050297997110881e+01 -3.193481867837329791e+00 -1.491933261023958623e+00 5.773065318626150244e+00 -7.346684482036774710e+00 7.112162885962540759e-01 3.480626639331374950e+00 -7.930413968954108661e+00 -2.539209942283889632e+00 -9.700696574376159731e+00 4.429943237788310784e-01 1.999219165553007826e+00 1.953504167038723205e+00 2.473615421805737569e+00 1.034300523001816607e+01 -3.467050710494912202e+00 3.050264662673219274e+00 3.455936505093705424e+00 -2.409918888323221431e+00 -6.811414211615440806e-01 2.920493384451287699e+00
2.004749737270937082e+00 9.356406929996573751e+00 -7.582971582735628102e-01 7.216553231435870464e-01 6.096025359021310930e-01 7.485206281048317756e+00 -4.278984246865451091e+00 4.330787995969732407e+00 -7.286319906683883296e+00 7.679142804074488460e+00 1.894562608079297883e+00 -1.742985455769340053e+00 6.023836648828926776e+00 -5.253145995592400475e+00 9.773313501157630867e+00 -6.276372777594938945e+00 -1.065751850099577513e+00 -2.559123608382088744e+00 2.145913309170055516e+00 -3.178063248114359141e+00 -1.801239604825744189e+00 8.889223776395758225e-01 2.318535863809752851e+00 3.652628257023245339e+00 -6.186387464495643584e+00 -4.362576808747551382e+00 2.813556932397166532e-01 2.332914915378859089e+00 9.498341762812243516e+00 -5.364398860575821715e+00 6.124343919500683242e+00 1.785103909645806786e+00 8.947051089301288229e+00 9.434496979021535168e+00 4.856555386360644100e+00 -2.072217038031768599e+00 7.417348063866657348e+00 -4.314703586526314361e+00 4.020099361428223439e+00 3.076815037322839341e+00 -5.507843082900780729e+00 -3.479747339045791588e+00 9.264674058461634942e+00 -3.857192985173416577e+00 1.593119211022606674e-01 2.888678179517581768e+00 -5.476114372118914275e+00 8.350060575774900240e-01 4.731830781618924675e+00 -6.592589611834620555e+00 8.583736729606847859e+00 -4.931370667533134244e-01 -5.410372390189570169e+00 -2.495113868665425283e+00 4.386346397443991463e-01 -5.010973702492806048e+00 1.587862864760574588e+00 4.292648110203534983e+00 3.414687998365346644e+00 -2.282152777540984001e+00 -6.888320621972135349e+00 3.132390785444095549e+00 2.613305663327187833e-01 -6.477130795156710974e+00 -5.852004166084617154e+00 3.866533007678918832e+00 6.695959167481894347e+00 5.509138547312264045e+00 -8.100796911902165220e+00 1.402359052487994528e+00 1.589418135493204653e+00 -4.731511176504963778e+00 1.899535685891137637e+00 -4.789132372586566433e+00 2.412149461000239636e+00 7.841129853610628864e-01 -1.191951628174679589e+00 -2.719677380157418334e+00 3.913775493073944123e+00 2.135482030070518622e+00 -1.990464770775297598e+00 -1.548120616898948976e+00 5.408830814713341262e+00 2.610452986212806525e+00 -1.599801278299871177e+00 -3.635241485936127059e+00 3.057941297215959864e+00 -2.987310242694281026e+00 9.458247388117841936e-01 -1.557509251396721917e+00 -1.389064322097113546e+01 -3.268343815794522822e+00 -5.816910909602959201e-01 -5.537841609347428085e-01 7.697121759872499247e+00 -5.236639849030598093e+00 6.522105612640327621e+00 1.154252877862544757e+01 5.695726670987979467e+00 -2.001192168842905517e+00
4.903419666520559161e+00 -4.896131551679194338e+00 -5.170935509713141531e-01 7.285767636681065973e+00 2.223771687146719245e+00 -1.027840368480619437e+00 -1.279037757758626270e+01 -3.718149618350948149e+00 2.292473707743293010e-01 7.361387802988755169e+00 -4.447716481399961452e+00 7.832819178850306541e-01 -1.940534539881736409e+00 -7.114186295375074742e+00 -2.553348974279471495e+00 3.895156071607944970e+00 -4.486220373507667780e+00 -5.914895511392704641e+00 3.332892867198323783e-01 -1.817533506333466997e+00 -4.073739004119450335e+00 -2.012961447748596644e+00 -4.545523723021143603e+00 6.461850489863609770e-01 2.015668421523382658e+00 -2.899929428898146977e+00 -5.837299164865720869e+00 -7.696460050809831976e+00 5.905650036705510253e+00 5.282655083946655061e+00 1.043441443705304339e+00 3.540324164500279647e+00 6.358075600586009513e-01 -6.752196035779577166e+00 -5.877254494733980650e+00 -3.744711736465545560e+00 9.356418120746583966e+00 9.569329155888372185e+00 4.745349876210417150e+00 4.620029518149236125e+00 1.494155101042841549e+00 -7.496579625697120663e-01 3.368124948055813750e+00 2.701527364256613772e+00 -3.185578375230989856e+00 -1.043570590741862869e+00 -7.471099483628813154e+00 3.181386614382911926e+00 -4.573202643310964710e+00 -2.312502621214389098e+00 -3.731165520862165241e+00 -3.323984384551649018e+00 -5.748773522747304909e+00 9.666857075328572080e+00 -6.139361472947697962e+00 -7.739163518613061399e+00 4.613328980766929988e+00 -3.261579265851799470e+00 -4.025041358295485594e+00 8.726359078435851069e-02 -3.224469550804891949e+00 -8.026243725495884718e+00 -3.705140956338352609e+00 1.337901182215969653e+00 2.621560678904923058e+00 4.125953804332506358e+00 -1.849611012935033605e+00 3.282803046522051904e+00 -1.218732518734507164e-01 -4.917853439693730677e-01 3.938980203546633252e+00 -2.054356153826138787e+00 1.131903487759674753e+01 -1.733343698021718726e+00 -7.719254997283253594e+00 1.163169046784461980e+00 -7.134412630191214078e+00 2.084257763411235587e+00 7.487282818058758949e+00 3.391223745099352982e+00 -6.655119632420464226e-01 -8.396607622204923516e+00 -4.074862497007595508e+00 -2.884749720455256572e+00 3.464461678211636197e+00 -6.930571655993444047e+00 -5.956032593771005246e+00 -2.633995890388071137e-01 2.624671131076764752e+00 4.879643436823546399e-01 9.799087810158559009e+00 -1.958368035747035218e+00 -1.017360067751297237e+01 5.111015569351914145e+00 1.434562504615695566e+00 6.067730100782855018e+00 -3.146672539913898614e+00 -5.310637008129828196e+00 4.896389945782615438e-01 1.853935059612924929e+00
1.764018889326675943e+00 2.240876485463395351e+00 9.500505300297401590e-01 4.105926734378322895e-01 7.610058591839637954e-01 3.336607813985393856e-01 3.130657464502985543e-01 6.535900949371076241e-01 2.269728655583191479e+00 -1.871814051645951937e-01 1.549415962518986556e-01 -1.980763887113669908e+00 1.230256424847854246e+00 -3.022895384815145747e-01 -1.706251591106214827e+00 -4.380423922694534622e-01 -1.613856351506378850e+00 3.868981636187857620e-01 -2.816776261232848549e-02 3.026867539869617652e-01 -6.724478015871276915e-01 -1.726235980020451866e+00 -1.630150036917956236e+00 5.193490087653003517e-02 1.139383021228240089e+00 -6.847590178199474131e-01 -3.115559768430198329e-01 9.008073067167842174e-01 1.488240135356836413e+00 -1.799169363930850085e-01 -4.031397917179846413e-01 9.765087066358113521e-01 1.049612717825629433e-02 4.019829394906321296e-01 -1.270469950408736892e+00 1.943588938302996949e+00 1.922928635685999144e+00 9.060332215300496150e-01 -2.679151948955882379e-01 -1.550275008396871379e-01 3.764118384520557803e-01 1.326349103698733822e+00 -4.351435985838441600e-01 4.074467453367854874e-01 -6.743631445478824871e-01 6.764042054218246669e-01 3.960124399768129022e-01 4.393939491823297683e-01 2.383119860899927556e+00 1.116992680503412494e+00 -6.823509942575170517e-02 -8.263807520654764538e-01 1.126603260786112726e+00 -4.378090645355420252e-01 9.493928932235943252e-01 8.443330729354243669e-01 1.187967579952932118e+00 3.187397222673780117e-01 -1.034234585657818339e+00 -6.894617729131391481e-01 -3.539826959637544235e-01 -2.223376337286773641e+00 -1.104332279701175423e+00 1.542978334742543423e+00 -3.927383477025881559e-02 -1.715854011673004498e-01 2.163212389705772232e+00 -2.393693019003479694e-01 6.401225235720588991e-01 -7.380026456870448781e-01 9.102710991319098444e-01 -4.664097992792874403e-01 -1.701844102968060046e-02 -4.226109663415061196e-02 -4.635882047858664867e-01 6.326401094940949099e-02 -5.972877462697041562e-01 -4.932937256767176981e-01 -1.156161863974509707e+00 -2.069948764678046782e+00 -6.374139550749513550e-01 -2.977911636331297962e-01 1.152297139960592354e+00 -1.466394189516833757e+00 1.419623596846162905e-01 6.947293574199606692e-01 -1.582906475040915639e+00 -5.068341945057466269e-01 -1.936260411730278852e+00 8.842198831933448244e-02 3.990454462142000724e-01 3.898365279785571680e-01 4.937325982957434523e-01 2.064461948533717450e+00 -6.920144699205326155e-01 6.088310693009670871e-01 6.898025605755836454e-01 -4.810191008113817168e-01 -1.359596352439534084e-01 5.829226044778303972e-01
4.001459504788866250e-01 1.867540572683113576e+00 -1.513564785578552785e-01 1.440426889008631639e-01 1.216781981042702465e-01 1.494040471144218118e+00 -8.540852155176642535e-01 8.644250947356370007e-01 -1.454350182436620287e+00 1.532755121497479056e+00 3.781531229134727501e-01 -3.478959766640559170e-01 1.202354170545252954e+00 -1.048521947004600552e+00 1.950754224366422651e+00 -1.252756133443981179e+00 -2.127174076223741217e-01 -5.108021266680302652e-01 4.283231437055202706e-01 -6.343546938006260349e-01 -3.595169782231545930e-01 1.774313155729608515e-01 4.627812941215346254e-01 7.290562440435079949e-01 -1.234799101380952946e+00 -8.707624015274687546e-01 5.615563142419546794e-02 4.656464169871554204e-01 1.895870448292681365e+00 -1.070731289014460241e+00 1.222413599191930045e+00 3.562796515492018257e-01 1.785822912751321212e+00 1.883124537505180385e+00 9.693604105276023564e-01 -4.136148031313519602e-01 1.480505565288976033e+00 -8.612146594011761414e-01 8.023948076946255670e-01 6.141618322403435970e-01 -1.099354756944269207e+00 -6.945566728175301963e-01 1.849222943062140745e+00 -7.698903504552337962e-01 3.178324228791607614e-02 5.765783892555828016e-01 -1.093024716239687333e+00 1.666651271783647359e-01 9.444760843608688283e-01 -1.315875751826603546e+00 1.713309936205660300e+00 -9.841980129461920523e-02 -1.079906402843258117e+00 -4.980239176296055725e-01 8.755210951366010352e-02 -1.000184082593966073e+00 3.169367802539738710e-01 8.568088387130302630e-01 6.815646358730547139e-01 -4.555131614985237776e-01 -1.374896200438143756e+00 6.252258679320379375e-01 5.216018038451773753e-02 -1.292832441512698161e+00 -1.168050620936546879e+00 7.717496325104610255e-01 1.336514319033566434e+00 1.099613219965094535e+00 -1.616910607714064918e+00 2.799058177486990484e-01 3.172642813611077361e-01 -9.443973426311254027e-01 3.791474230729490746e-01 -9.558997986167456773e-01 4.814598588200062479e-01 1.565110653598769386e-01 -2.379109589704592742e-01 -5.428440543354245973e-01 7.811900777385932804e-01 4.262366725865234240e-01 -3.973113476383095533e-01 -3.090027569400711216e-01 1.079601254676769706e+00 5.210404905837483502e-01 -3.193182843563072137e-01 -7.255969688480817803e-01 6.103617260194268423e-01 -5.962477260514290611e-01 1.887916662451905592e-01 -3.108771156188309126e-01 -2.772578938932771297e+00 -6.523422109517308387e-01 -1.161070172142760482e-01 -1.105333657511870515e-01 1.536339222946256244e+00 -1.045229732336485640e+00 1.301803429837287363e+00 2.303888795354085861e+00 1.136861921210565063e+00 -3.994349208015101627e-01
9.787208539966454346e-01 -9.772687769698300553e-01 -1.032090740868995826e-01 1.454231113040853174e+00 4.438682539769951974e-01 -2.051575109062774571e-01 -2.552959677506247527e+00 -7.421361496453618978e-01 4.575768481375843549e-02 1.469329156300039685e+00 -8.877589635650073863e-01 1.563411172842297803e-01 -3.873348976158606516e-01 -1.419987153794832091e+00 -5.096496683507990566e-01 7.774693686892683031e-01 -8.954466180255742369e-01 -1.180610864164120644e+00 6.652851832725299730e-02 -3.628007466010488291e-01 -8.131094647533438913e-01 -4.017925154603224080e-01 -9.072861540737934272e-01 1.289771641361104615e-01 4.023228563157922877e-01 -5.788177443509137099e-01 -1.165119661580040322e+00 -1.536207776434429739e+00 1.178768985643421807e+00 1.054407717343110784e+00 2.082701638339684580e-01 7.066899240115501746e-01 1.269055465152041096e-01 -1.347736216404474607e+00 -1.173095535898712960e+00 -7.474438531702604083e-01 1.867543424298092614e+00 1.910036342669591436e+00 9.471382680812423516e-01 9.221395217876251493e-01 2.982327793606234789e-01 -1.496312457466601742e-01 6.722734208798599731e-01 5.392161741923268137e-01 -6.358429655013270176e-01 -2.082969203720350104e-01 -1.491227556530863030e+00 6.349955068817250137e-01 -9.128113155087306252e-01 -4.615738307703003973e-01 -7.447381366348959641e-01 -6.634658529437066354e-01 -1.147455448185562776e+00 1.929502773121501980e+00 -1.225414571737630798e+00 -1.544729581263286411e+00 9.208071865554154911e-01 -6.510080702061576963e-01 -8.033974604793926444e-01 1.738789735014636267e-02 -6.436009713603170201e-01 -1.602038297733255678e+00 -7.395422928549463260e-01 2.670438331885031102e-01 5.232601973108859106e-01 8.235630235563538015e-01 -3.691848116589377948e-01 6.552434471965006280e-01 -2.432593672478412794e-02 -9.816581323074578813e-02 7.861724807490074740e-01 -4.100518314065420555e-01 2.259278347033117029e+00 -3.459743457012944279e-01 -1.540755984182063054e+00 2.321638133407210314e-01 -1.424021519914570710e+00 4.160045799609428663e-01 1.494459354898769909e+00 6.768826187639661596e-01 -1.328152532708356814e-01 -1.675952847810607604e+00 -8.133367831175065676e-01 -5.758034235444924320e-01 6.914949209059708668e-01 -1.383339654496978932e+00 -1.188813993303943439e+00 -5.257842269276353370e-02 5.238842185006972185e-01 9.739704871075764714e-02 1.955902543251206271e+00 -3.908616618122242592e-01 -2.030646272795123775e+00 1.020157934877717221e+00 2.863379297074072349e-01 1.211113248849932100e+00 -6.280738475999692039e-01 -1.060003260978761741e+00 9.773593777926783965e-02 3.700425311746713408e-01
