# 
#                 ----------------------------------------------------
#                 Data from a 3D direct N-body simulation. 
# 
#                 rows are i-particle; 
#                 coumns are :mass, tag, x ,y, z, vx, vy, vz, ax, ay, az
# 
#                 NTHU, Computational Physics Lab
# 
#                 ----------------------------------------------------
#                 Time = 4.999999999999938
1.000000000000000000e+00 2.000000000000000000e+00 3.000000000000000000e+00 4.000000000000000000e+00 5.000000000000000000e+00 6.000000000000000000e+00 7.000000000000000000e+00 8.000000000000000000e+00 9.000000000000000000e+00 1.000000000000000000e+01 1.100000000000000000e+01 1.200000000000000000e+01 1.300000000000000000e+01 1.400000000000000000e+01 1.500000000000000000e+01 1.600000000000000000e+01 1.700000000000000000e+01 1.800000000000000000e+01 1.900000000000000000e+01 2.000000000000000000e+01 2.100000000000000000e+01 2.200000000000000000e+01 2.300000000000000000e+01 2.400000000000000000e+01 2.500000000000000000e+01 2.600000000000000000e+01 2.700000000000000000e+01 2.800000000000000000e+01 2.900000000000000000e+01 3.000000000000000000e+01 3.100000000000000000e+01 3.200000000000000000e+01 3.300000000000000000e+01 3.400000000000000000e+01 3.500000000000000000e+01 3.600000000000000000e+01 3.700000000000000000e+01 3.800000000000000000e+01 3.900000000000000000e+01 4.000000000000000000e+01 4.100000000000000000e+01 4.200000000000000000e+01 4.300000000000000000e+01 4.400000000000000000e+01 4.500000000000000000e+01 4.600000000000000000e+01 4.700000000000000000e+01 4.800000000000000000e+01 4.900000000000000000e+01 5.000000000000000000e+01 5.100000000000000000e+01 5.200000000000000000e+01 5.300000000000000000e+01 5.400000000000000000e+01 5.500000000000000000e+01 5.600000000000000000e+01 5.700000000000000000e+01 5.800000000000000000e+01 5.900000000000000000e+01 6.000000000000000000e+01 6.100000000000000000e+01 6.200000000000000000e+01 6.300000000000000000e+01 6.400000000000000000e+01 6.500000000000000000e+01 6.600000000000000000e+01 6.700000000000000000e+01 6.800000000000000000e+01 6.900000000000000000e+01 7.000000000000000000e+01 7.100000000000000000e+01 7.200000000000000000e+01 7.300000000000000000e+01 7.400000000000000000e+01 7.500000000000000000e+01 7.600000000000000000e+01 7.700000000000000000e+01 7.800000000000000000e+01 7.900000000000000000e+01 8.000000000000000000e+01 8.100000000000000000e+01 8.200000000000000000e+01 8.300000000000000000e+01 8.400000000000000000e+01 8.500000000000000000e+01 8.600000000000000000e+01 8.700000000000000000e+01 8.800000000000000000e+01 8.900000000000000000e+01 9.000000000000000000e+01 9.100000000000000000e+01 9.200000000000000000e+01 9.300000000000000000e+01 9.400000000000000000e+01 9.500000000000000000e+01 9.600000000000000000e+01 9.700000000000000000e+01 9.800000000000000000e+01 9.900000000000000000e+01 1.000000000000000000e+02
2.000000000000000111e-01 2.000000000000000111e-01 2.000000000000000111e-01 2.000000000000000111e-01 2.000000000000000111e-01 2.000000000000000111e-01 2.000000000000000111e-01 2.000000000000000111e-01 2.000000000000000111e-01 2.000000000000000111e-01 2.000000000000000111e-01 2.000000000000000111e-01 2.000000000000000111e-01 2.000000000000000111e-01 2.000000000000000111e-01 2.000000000000000111e-01 2.000000000000000111e-01 2.000000000000000111e-01 2.000000000000000111e-01 2.000000000000000111e-01 2.000000000000000111e-01 2.000000000000000111e-01 2.000000000000000111e-01 2.000000000000000111e-01 2.000000000000000111e-01 2.000000000000000111e-01 2.000000000000000111e-01 2.000000000000000111e-01 2.000000000000000111e-01 2.000000000000000111e-01 2.000000000000000111e-01 2.000000000000000111e-01 2.000000000000000111e-01 2.000000000000000111e-01 2.000000000000000111e-01 2.000000000000000111e-01 2.000000000000000111e-01 2.000000000000000111e-01 2.000000000000000111e-01 2.000000000000000111e-01 2.000000000000000111e-01 2.000000000000000111e-01 2.000000000000000111e-01 2.000000000000000111e-01 2.000000000000000111e-01 2.000000000000000111e-01 2.000000000000000111e-01 2.000000000000000111e-01 2.000000000000000111e-01 2.000000000000000111e-01 2.000000000000000111e-01 2.000000000000000111e-01 2.000000000000000111e-01 2.000000000000000111e-01 2.000000000000000111e-01 2.000000000000000111e-01 2.000000000000000111e-01 2.000000000000000111e-01 2.000000000000000111e-01 2.000000000000000111e-01 2.000000000000000111e-01 2.000000000000000111e-01 2.000000000000000111e-01 2.000000000000000111e-01 2.000000000000000111e-01 2.000000000000000111e-01 2.000000000000000111e-01 2.000000000000000111e-01 2.000000000000000111e-01 2.000000000000000111e-01 2.000000000000000111e-01 2.000000000000000111e-01 2.000000000000000111e-01 2.000000000000000111e-01 2.000000000000000111e-01 2.000000000000000111e-01 2.000000000000000111e-01 2.000000000000000111e-01 2.000000000000000111e-01 2.000000000000000111e-01 2.000000000000000111e-01 2.000000000000000111e-01 2.000000000000000111e-01 2.000000000000000111e-01 2.000000000000000111e-01 2.000000000000000111e-01 2.000000000000000111e-01 2.000000000000000111e-01 2.000000000000000111e-01 2.000000000000000111e-01 2.000000000000000111e-01 2.000000000000000111e-01 2.000000000000000111e-01 2.000000000000000111e-01 2.000000000000000111e-01 2.000000000000000111e-01 2.000000000000000111e-01 2.000000000000000111e-01 2.000000000000000111e-01 2.000000000000000111e-01
3.274057291600914255e+01 4.159092654983106030e+01 1.763331842297061414e+01 7.620671788849354478e+00 1.412458694398955394e+01 6.192879873974313831e+00 5.810533096159269384e+00 1.213091540784809119e+01 4.212650563102295820e+01 -3.474117732441612816e+00 2.875775022011996640e+00 -3.676336321441443999e+01 2.283392191508122337e+01 -5.610625101225475753e+00 -3.166827835789117174e+01 -8.130369233864293221e+00 -2.995361938377459055e+01 7.180887362558391551e+00 -5.229222627331847617e-01 5.615990069946396268e+00 -1.248077599154931505e+01 -3.203943597607500493e+01 -3.025609090929031453e+01 9.640066264039803823e-01 2.114716112395283432e+01 -1.270961062964360799e+01 -5.782464221768247370e+00 1.671919727290719138e+01 2.762191733373700231e+01 -3.339336779679437317e+00 -7.482621351673769183e+00 1.812519693203407556e+01 1.948428749201810695e-01 7.460879931375973939e+00 -2.358011809422168881e+01 3.607339137153558539e+01 3.568976934755783503e+01 1.681612243754880609e+01 -4.973294806142588342e+00 -2.877165074704040926e+00 6.986342921356961000e+00 2.461742914232555890e+01 -8.076374448164038711e+00 7.562364635915886701e+00 -1.251594560607231621e+01 1.255435160998611011e+01 7.349960331210393605e+00 8.155153896564270255e+00 4.423104280117431841e+01 2.073164754227189377e+01 -1.266504053182396339e+00 -1.533817616985720456e+01 2.091009998948122828e+01 -8.125854658937065267e+00 1.762102496726485512e+01 1.567112694824356822e+01 2.204928464437713131e+01 5.915719065655522968e+00 -1.919551820020334176e+01 -1.279721876524539503e+01 -6.570035133264052973e+00 -4.126621172807937654e+01 -2.049691122617424099e+01 2.863807382544268165e+01 -7.290033142780116826e-01 -3.184289994928706236e+00 4.014953723329995938e+01 -4.442793032852658364e+00 1.188078518763671099e+01 -1.369761447874729221e+01 1.689386586982061544e+01 -8.656670918004593318e+00 -3.158804602403425532e-01 -7.843333831038323822e-01 -8.604288567762743867e+00 1.174165478389783246e+00 -1.108593943532004999e+01 -9.155786174154387780e+00 -2.145860282224254334e+01 -3.841867135349820472e+01 -1.183063765717535709e+01 -5.527016383548017053e+00 2.138699517505000713e+01 -2.721661443020365212e+01 2.634747643166108766e+00 1.289438555745650739e+01 -2.937910396217964504e+01 -9.406711090546544085e+00 -3.593726054753935273e+01 1.641117391615352084e+00 7.406311341139333315e+00 7.237645369901033021e+00 9.163782407145662390e+00 3.831678875332432455e+01 -1.284413418556234632e+01 1.130004731106675919e+01 1.280290719380445097e+01 -8.927809047996658975e+00 -2.523330274668446727e+00 1.081934588215492887e+01
7.426827821102243377e+00 3.466179952888867888e+01 -2.809190224820684367e+00 2.673447264262282630e+00 2.258325465412183597e+00 2.772980521018802946e+01 -1.585195682236738257e+01 1.604387059663282855e+01 -2.699294830021154468e+01 2.844822350125419064e+01 7.018623477628656460e+00 -6.457108901780813426e+00 2.231597927010572491e+01 -1.946089245336294482e+01 3.620628206189594067e+01 -2.325156133181950224e+01 -3.948246804120057796e+00 -9.480539477982752317e+00 7.949775679844928611e+00 -1.177336775201802332e+01 -6.672971205030702180e+00 3.293088605956560944e+00 8.589252402998592828e+00 1.353162205677481111e+01 -2.291816795662763795e+01 -1.616169918491411650e+01 1.042336699752283602e+00 8.642561644842258417e+00 3.518761495545113149e+01 -1.987301379981743210e+01 2.268833419933331896e+01 6.613331202227376693e+00 3.314538085585594729e+01 3.495111554964256584e+01 1.799169679618785622e+01 -7.676748153632705574e+00 2.747833842692995532e+01 -1.598428406928503698e+01 1.489302931091117266e+01 1.139814917044814813e+01 -2.040448395856920527e+01 -1.289110492287064424e+01 3.432202884420119915e+01 -1.428942954710141322e+01 5.903146068376869948e-01 1.070143298595765380e+01 -2.028691684324849831e+01 3.093386662721101743e+00 1.752955326266496883e+01 -2.442299807018968849e+01 3.179940630938067159e+01 -1.826964174909210925e+00 -2.004333754408527213e+01 -9.243423829385415402e+00 1.624963896595807533e+00 -1.856374144847782404e+01 5.882413754662334959e+00 1.590260630226872962e+01 1.265013642811842232e+01 -8.454517137526060822e+00 -2.551862656986565625e+01 1.160427245295121779e+01 9.681386291948153033e-01 -2.399524986505460333e+01 -2.167945487319862963e+01 1.432407156058247644e+01 2.480589241636472408e+01 2.040928406005181017e+01 -3.001034117425276548e+01 5.195231087415545623e+00 5.888035505632617017e+00 -1.752849192012096680e+01 7.037033042115547588e+00 -1.774194544537838425e+01 8.936109078638478920e+00 2.904813388175527589e+00 -4.415733984210965524e+00 -1.007536595113442424e+01 1.449899744365724175e+01 7.911167888569091922e+00 -7.373770817019746460e+00 -5.735196398487812708e+00 2.003760568445682466e+01 9.670751945169326902e+00 -5.926652404076317993e+00 -1.346711961467602414e+01 1.132849935238715844e+01 -1.106697064784920137e+01 3.503867855230805795e+00 -5.769974425424210906e+00 -5.145932520943761546e+01 -1.210808802844502097e+01 -2.154924983262308746e+00 -2.051568897765503774e+00 2.851486538507016988e+01 -1.939972386660766190e+01 2.416191301959469584e+01 4.276053653488512651e+01 2.110047292693309728e+01 -7.413656133366882450e+00
1.816525858280074956e+01 -1.813823739078809538e+01 -1.915651536023926127e+00 2.699097486949992941e+01 8.238172833075445567e+00 -3.807740278900311193e+00 -4.738332421855247389e+01 -1.377433786127481419e+01 8.492722366240847975e-01 2.727108295076598310e+01 -1.647708622000024548e+01 2.901767981603235125e+00 -7.188884026656937820e+00 -2.635530320124231807e+01 -9.459145423158647148e+00 1.443005485996209813e+01 -1.661970933100725034e+01 -2.191238409813525578e+01 1.234673310670079349e+00 -6.733075448696301812e+00 -1.509167600245482355e+01 -7.457187376364895037e+00 -1.683938372392949745e+01 2.393873137595190048e+00 7.467297475236640558e+00 -1.074316691470496110e+01 -2.162494448953059845e+01 -2.851240883811225757e+01 2.187810437251171436e+01 1.957024686239695654e+01 3.865546981652105085e+00 1.311517297974815399e+01 2.355430838803559634e+00 -2.501425239926047084e+01 -2.177295681046871678e+01 -1.387269162486023433e+01 3.466183591530509034e+01 3.545062154565157897e+01 1.757993341194046621e+01 1.711554603673978647e+01 5.535262720881086729e+00 -2.777192366662891487e+00 1.247761587971472785e+01 1.000816942284175326e+01 -1.180130458147824690e+01 -3.866017390079009353e+00 -2.767752206945074889e+01 1.178586423523996096e+01 -1.694191956957133627e+01 -8.566928096497319345e+00 -1.382252374028395892e+01 -1.231406871740681908e+01 -2.129694657181131134e+01 3.581192536044390096e+01 -2.274393987358579849e+01 -2.867062324854515865e+01 1.709068140624134102e+01 -1.208289638270138333e+01 -1.491120432248600025e+01 3.235227609794246728e-01 -1.194541945602830246e+01 -2.973408108953203310e+01 -1.372612394820701809e+01 4.956408752533775441e+00 9.711880157871453534e+00 1.528485306746886252e+01 -6.852062420056254766e+00 1.216152945771703209e+01 -4.514922520606459155e-01 -1.821826806115956598e+00 1.459276833089631609e+01 -7.610563683655880318e+00 4.193258813165723353e+01 -6.421366473861125357e+00 -2.859686881619803955e+01 4.309123401090352523e+00 -2.643025689242339737e+01 7.721465521625960449e+00 2.773746179991558236e+01 1.256319869945478018e+01 -2.465632233430010700e+00 -3.110621665148092063e+01 -1.509581291722118657e+01 -1.068680446410651186e+01 1.283456563614629964e+01 -2.567506678894067562e+01 -2.206484510591712578e+01 -9.757603385271201857e-01 9.723377109830128262e+00 1.807721499944841659e+00 3.630173484502368808e+01 -7.255219027365447992e+00 -3.768923214067527283e+01 1.893431218732861865e+01 5.314496922839125226e+00 2.247860413651045874e+01 -1.165720256214782147e+01 -1.967382395839531739e+01 1.813887441688360802e+00 6.868125302578437896e+00
1.060180843896445602e+01 1.346769511061441982e+01 5.709865872369227269e+00 2.467671533930880567e+00 4.573697517514868416e+00 2.005323530091719597e+00 1.881528345312162065e+00 3.928123251984706688e+00 1.364111184322445425e+01 -1.124964257887188568e+00 9.312085615898033630e-01 -1.190444443844865496e+01 7.393897339666669843e+00 -1.816781812052077338e+00 -1.025460259075975600e+01 -2.632687153211162201e+00 -9.699344782303555235e+00 2.325265076636130690e+00 -1.693119983590208322e-01 1.818794148421981172e+00 -4.041432043045918299e+00 -1.037475476400085128e+01 -9.797281017113249391e+00 3.121459813106197134e-01 6.847720948394727003e+00 -4.115485530792005520e+00 -1.872445766209261508e+00 5.413883394793582937e+00 8.944343005511981914e+00 -1.081313752900559200e+00 -2.422931136890036363e+00 5.869031428517383020e+00 6.308811505814160281e-02 2.415928010314416063e+00 -7.635549100691962465e+00 1.168102244828024361e+01 1.155682307937292563e+01 5.445278433071471191e+00 -1.610315100842793168e+00 -9.316866940961501253e-01 2.262257624061739580e+00 7.971418503478325590e+00 -2.615229364019382885e+00 2.448779709120316728e+00 -4.052872443961639704e+00 4.065237020940238644e+00 2.380025362597488314e+00 2.640753943043811169e+00 1.432259125643938447e+01 6.713164758140366395e+00 -4.101036261228214186e-01 -4.966643185516101511e+00 6.770939206514663411e+00 -2.631250500194603159e+00 5.705897104518122376e+00 5.074490851929417623e+00 7.139787275677970335e+00 1.915605918115326878e+00 -6.215763410054245597e+00 -4.143809728359762801e+00 -2.127454410846203459e+00 -1.336253579974166250e+01 -6.637120811502844830e+00 9.273359309145019935e+00 -2.360504921077119511e-01 -1.031164095449692564e+00 1.300094513147781683e+01 -1.438625714018387569e+00 3.847151142887527353e+00 -4.435442290973826474e+00 5.470577797361459105e+00 -2.803138150497715753e+00 -1.022840686855327058e-01 -2.539827152387938436e-01 -2.786177863821110545e+00 3.802133960871683649e-01 -3.589745843905608247e+00 -2.964738225147878659e+00 -6.948566561449538881e+00 -1.244045159321929539e+01 -3.830895726715296767e+00 -1.789724425856948020e+00 6.925362314835963318e+00 -8.813078545717051071e+00 8.531786866885007203e-01 4.175355914133914048e+00 -9.513320310697469750e+00 -3.046044211516160782e+00 -1.163695690514867209e+01 5.314163116880208371e-01 2.398264608011687393e+00 2.343339613097184415e+00 2.967347981773663879e+00 1.240746704947212997e+01 -4.159065032679562179e+00 3.659095678671137275e+00 4.145739000514415906e+00 -2.890937955656152081e+00 -8.171010979377931749e-01 3.503415859159670021e+00
2.404895640738899498e+00 1.122394742995200367e+01 -9.096536337853092791e-01 8.656980083607972443e-01 7.312807473077287401e-01 8.979246591005180633e+00 -5.133069418440467047e+00 5.195213044347460674e+00 -8.740670024432427354e+00 9.211897824970426640e+00 2.272715691757751788e+00 -2.090881364901330475e+00 7.226190712149076489e+00 -6.301667813076266889e+00 1.172406763712455202e+01 -7.529128747235294128e+00 -1.278469162209032728e+00 -3.069925722486622988e+00 2.574236416447968967e+00 -3.812418080016743982e+00 -2.160756431915227704e+00 1.066353714821095977e+00 2.781317153938518860e+00 4.381684357728097723e+00 -7.421186454310745972e+00 -5.233339065195652395e+00 3.375112841093357297e-01 2.798561265455898006e+00 1.139421213290690282e+01 -6.435130060520696915e+00 7.346757387266200645e+00 2.141383197222693546e+00 1.073287380336707919e+01 1.131762140729590094e+01 5.825915645311431135e+00 -2.485831823719527822e+00 8.897853590632182730e+00 -5.175918199889510518e+00 4.822493911483326734e+00 3.690977214634612924e+00 -6.607197647611740443e+00 -4.174303965152621920e+00 1.111389683121647742e+01 -4.627083228215950861e+00 1.910949655734516250e-01 3.465256516883424176e+00 -6.569138934717328127e+00 1.001671149809325145e+00 5.676306851773425421e+00 -7.908465231467057599e+00 1.029704652891378203e+01 -5.915567311970961750e-01 -6.490278688199634161e+00 -2.993137750664738750e+00 5.261867528876899014e-01 -6.011157654516195770e+00 1.904799620668014004e+00 5.149456858002166015e+00 4.096252509455850621e+00 -2.737665858122790397e+00 -8.263216592351996681e+00 3.757616630063618679e+00 3.134907262456218535e-01 -7.769963134498120816e+00 -7.020054607980052985e+00 4.638282469093865323e+00 8.032473429601054704e+00 6.608751573597694495e+00 -9.717707329888584766e+00 1.682264791806663773e+00 1.906682610937782574e+00 -5.675908314868194360e+00 2.278683090957004165e+00 -5.745031982450852226e+00 2.893609229559969354e+00 9.406240696525142164e-01 -1.429862542168228057e+00 -3.262521361743946802e+00 4.694965537308083192e+00 2.561718610511632743e+00 -2.387776283898127794e+00 -1.857123331192575222e+00 6.488431996999573848e+00 3.131493374962051490e+00 -1.919119520346971974e+00 -4.360838453099673551e+00 3.668302949506469179e+00 -3.583557691604705830e+00 1.134616459667511901e+00 -1.868386329199649865e+00 -1.666322210220936739e+01 -3.920685747630976881e+00 -6.977981210284598390e-01 -6.643174962375635317e-01 9.233460824843849224e+00 -6.281869482681714523e+00 7.823908863748324727e+00 1.384641745747197561e+01 6.832588469275531651e+00 -2.400627030735470679e+00
5.882140448988913306e+00 -5.873400290639171573e+00 -6.203025842260757594e-01 8.739998572700649504e+00 2.667639962126953979e+00 -1.232997876243016933e+00 -1.534333712924842175e+01 -4.460285647429859779e+00 2.750050521121289449e-01 8.830716835634405015e+00 -5.335475333123834929e+00 9.396230023841453116e-01 -2.327869471249461863e+00 -8.534173320629889758e+00 -3.062998632135588206e+00 4.672625352667967746e+00 -5.381666908255790638e+00 -7.095506286539793983e+00 3.998178522415096192e-01 -2.180334504823321584e+00 -4.886848315113347496e+00 -2.414754011569268943e+00 -5.452809826125053050e+00 7.751621891226733174e-01 2.417991199396215762e+00 -3.478747039910353056e+00 -7.002418700432590626e+00 -9.232667677295099296e+00 7.084418978149374269e+00 6.337062617507744910e+00 1.251711587423739891e+00 4.247014579608548779e+00 7.627130792386467295e-01 -8.099932156793823168e+00 -7.050349914256639927e+00 -4.492155543878879165e+00 1.122396148017330297e+01 1.147936537909344423e+01 5.692487668675204837e+00 5.542168759298580660e+00 1.792387857887172142e+00 -8.992891945584172708e-01 4.040398279840712981e+00 3.240743400568721011e+00 -3.821421327796586276e+00 -1.251867503453079289e+00 -8.962326914738071082e+00 3.816381971219023672e+00 -5.486013913263884767e+00 -2.774076406995148236e+00 -4.475903587824578089e+00 -3.987450185547380510e+00 -6.896228915804083037e+00 1.159635972618740141e+01 -7.364775957223497649e+00 -9.283892926503265031e+00 5.534135951621426130e+00 -3.912587262895438567e+00 -4.828438767819394073e+00 1.046511063102550099e-01 -3.868070449373756770e+00 -9.628281942399050664e+00 -4.444683162732278703e+00 1.604944986027110332e+00 3.144820807474495439e+00 4.949517074768761127e+00 -2.218795837012635719e+00 3.938046409036603190e+00 -1.461991878141088996e-01 -5.899512216078024451e-01 4.725152031550248211e+00 -2.464407994199909080e+00 1.357831309684320331e+01 -2.079318012701315777e+00 -9.260010810136302339e+00 1.395332788194238782e+00 -8.558433985635510055e+00 2.500262153497734730e+00 8.981742067777062744e+00 4.068106257709572127e+00 -7.983269429928546712e-01 -1.007256025721786230e+01 -4.888199165383202427e+00 -3.460553208553324378e+00 4.155956416088470107e+00 -8.313911209029861027e+00 -7.144846398024136569e+00 -3.159780581902933427e-01 3.148555321186797595e+00 5.853613793803214005e-01 1.175499031263631267e+01 -2.349229311486792593e+00 -1.220424679082091401e+01 6.131173442527979134e+00 1.720900410276318127e+00 7.278843215842091929e+00 -3.774746330258699878e+00 -6.370640216656441090e+00 5.873749781920617474e-01 2.223977535018531793e+00
1.764018639883471185e+00 2.240876360853092386e+00 9.500502475419854154e-01 4.105926299831511583e-01 7.610056215865506068e-01 3.336606803994214832e-01 3.130657318732947281e-01 6.535898823946444391e-01 2.269728461972083000e+00 -1.871813869363036786e-01 1.549415527902353873e-01 -1.980763644199815765e+00 1.230256169432745184e+00 -3.022894399730155501e-01 -1.706251452435801008e+00 -4.380421543324167222e-01 -1.613856042117105316e+00 3.868981313172162873e-01 -2.816765472307285884e-02 3.026883733090978690e-01 -6.724477073279735428e-01 -1.726235632402645104e+00 -1.630149676695761940e+00 5.193482260692612595e-02 1.139382889553607781e+00 -6.847586369173491727e-01 -3.115560025413637302e-01 9.008071637143281185e-01 1.488240045454582994e+00 -1.799168775090235206e-01 -4.031395146072083713e-01 9.765077296407168594e-01 1.049609814765037862e-02 4.019828915949164583e-01 -1.270469838223317049e+00 1.943588697877433491e+00 1.922928535849848464e+00 9.060331362615352546e-01 -2.679145360563959799e-01 -1.550276310314529227e-01 3.764117363516430448e-01 1.326348829377343108e+00 -4.351435243763310812e-01 4.074466328171811313e-01 -6.743633723361696086e-01 6.764039885303465560e-01 3.960124827053304597e-01 4.393939659891171745e-01 2.383119675150803474e+00 1.116992504490814664e+00 -6.823505091693719826e-02 -8.263803207707683951e-01 1.126603017258619222e+00 -4.378089826708838617e-01 9.493926851040106474e-01 8.443328499459220593e-01 1.187967115894564829e+00 3.187398123158570740e-01 -1.034234524123648802e+00 -6.894611160807070371e-01 -3.539826123472420982e-01 -2.223376137363718641e+00 -1.104331898924845179e+00 1.542978064371693714e+00 -3.927376778810985625e-02 -1.715856934803619838e-01 2.163212214056172478e+00 -2.393692282657339521e-01 6.401224564528792405e-01 -7.380024349597636979e-01 9.102717919348587428e-01 -4.664097300481063191e-01 -1.701842632110601647e-02 -4.226112605308154219e-02 -4.635881468559027718e-01 6.326402597522637339e-02 -5.972875350729121013e-01 -4.932935306509346751e-01 -1.156161710628054617e+00 -2.069948494292480401e+00 -6.374137833123103558e-01 -2.977911657756265318e-01 1.152296883286534568e+00 -1.466393964829594276e+00 1.419624282633740742e-01 6.947292099026217693e-01 -1.582906237031496799e+00 -5.068343279378783039e-01 -1.936260267176513894e+00 8.842198758702765615e-02 3.990454395085392680e-01 3.898345959411225192e-01 4.937325298595622858e-01 2.064461718055561334e+00 -6.920142061308938164e-01 6.088309741257710295e-01 6.898024442383956512e-01 -4.810190410339986733e-01 -1.359597094024102282e-01 5.829223727680441502e-01
4.001458665386081748e-01 1.867540442824325631e+00 -1.513564731188669632e-01 1.440426823235192166e-01 1.216782218546651334e-01 1.494040183336326599e+00 -8.540851370559410238e-01 8.644250119613446914e-01 -1.454350066932920127e+00 1.532754941868575749e+00 3.781530528574122418e-01 -3.478958560822930646e-01 1.202353979089562985e+00 -1.048521715739018090e+00 1.950754066524871044e+00 -1.252755840964547396e+00 -2.127172370793667944e-01 -5.108021042353478869e-01 4.283230786623335451e-01 -6.343549404318898910e-01 -3.595167083659748242e-01 1.774313541561473029e-01 4.627812869924218253e-01 7.290559881049075708e-01 -1.234798902174724544e+00 -8.707621424813225541e-01 5.615555901193103328e-02 4.656462975158511264e-01 1.895870308666338211e+00 -1.070731129976418172e+00 1.222413364523321277e+00 3.562790016226924927e-01 1.785822557988593573e+00 1.883124342468268875e+00 9.693601398797038193e-01 -4.136147719849678217e-01 1.480505496503500273e+00 -8.612145771981355447e-01 8.023943476567391153e-01 6.141624483965832937e-01 -1.099354413702130717e+00 -6.945565894133046703e-01 1.849222638970135835e+00 -7.698901586646106354e-01 3.178288907296363680e-02 5.765782966039275648e-01 -1.093024441905599442e+00 1.666650647796012463e-01 9.444760589947249763e-01 -1.315875515787510830e+00 1.713309691766305320e+00 -9.841955693787832193e-02 -1.079906215658457569e+00 -4.980238540099906630e-01 8.755211599456776128e-02 -1.000183849453662788e+00 3.169367367819813652e-01 8.568086763810137674e-01 6.815644130676572487e-01 -4.555130170153146030e-01 -1.374895789657776923e+00 6.252258263064096599e-01 5.216014383140851057e-02 -1.292832259080868962e+00 -1.168050301249887069e+00 7.717493270069329947e-01 1.336514217410142313e+00 1.099612874140351693e+00 -1.616910268946120777e+00 2.799056777079589331e-01 3.172646279425850868e-01 -9.443969779005322307e-01 3.791473909204328141e-01 -9.558994615900824332e-01 4.814596976558318531e-01 1.565110991633610060e-01 -2.379108786619549831e-01 -5.428439244386283891e-01 7.811900179147653889e-01 4.262365080560589492e-01 -3.973116431262668224e-01 -3.090026807927118702e-01 1.079601125419971330e+00 5.210403087533163058e-01 -3.193182088111909400e-01 -7.255969658405121425e-01 6.103615943726642401e-01 -5.962472311980396844e-01 1.887917637553185868e-01 -3.108770480967158467e-01 -2.772578835916427398e+00 -6.523417125337759304e-01 -1.161070401655152212e-01 -1.105333113841650561e-01 1.536338940874378389e+00 -1.045229556128972170e+00 1.301803110707279609e+00 2.303888587324194770e+00 1.136861701725797591e+00 -3.994348156167426556e-01
9.787207262794053175e-01 -9.772687091014041760e-01 -1.032090011790886830e-01 1.454230796960743088e+00 4.438682914797674739e-01 -2.051575052927043508e-01 -2.552959452805559248e+00 -7.421359343679734266e-01 4.575767860726055042e-02 1.469328935509118583e+00 -8.877587638671871062e-01 1.563410587448254008e-01 -3.873349578815392102e-01 -1.419986924280333573e+00 -5.096496496120399566e-01 7.774692122230099089e-01 -8.954464693296070310e-01 -1.180610705219892864e+00 6.652860259528417530e-02 -3.628011964305831727e-01 -8.131091902081093448e-01 -4.017926018101951047e-01 -9.072860630647109348e-01 1.289771212833639713e-01 4.023227162520581213e-01 -5.788175062675189331e-01 -1.165119436577412682e+00 -1.536207508692880586e+00 1.178768906722986287e+00 1.054407389191200473e+00 2.082701279165082853e-01 7.066908009623209530e-01 1.269054977069672963e-01 -1.347736046080628691e+00 -1.173095328103551882e+00 -7.474437714690486123e-01 1.867543308467121799e+00 1.910036129359913071e+00 9.471374188293516516e-01 9.221390206903133935e-01 2.982327391567216601e-01 -1.496312211811351434e-01 6.722732617964555235e-01 5.392159280003598898e-01 -6.358429424050661138e-01 -2.082969066932771618e-01 -1.491227332584398990e+00 6.349952389677533393e-01 -9.128112341666266838e-01 -4.615737504392589674e-01 -7.447380122312797779e-01 -6.634657601872848698e-01 -1.147455349750494902e+00 1.929502554815601068e+00 -1.225414415570295956e+00 -1.544729271697047546e+00 9.208068014094535902e-01 -6.510079395709643668e-01 -8.033973694959105627e-01 1.738721557139264254e-02 -6.436008413876025402e-01 -1.602038153407252974e+00 -7.395421384745340943e-01 2.670437807338141289e-01 5.232600745699089728e-01 8.235634643914732100e-01 -3.691848338330634971e-01 6.552432959929859191e-01 -2.432593532470247663e-02 -9.816592823381756205e-02 7.861713151676334999e-01 -4.100518474183398876e-01 2.259278118863860652e+00 -3.459742903106113876e-01 -1.540755678265742556e+00 2.321636849044682038e-01 -1.424021226244871485e+00 4.160042409305697020e-01 1.494459167093953766e+00 6.768824292210471327e-01 -1.328147648744406606e-01 -1.675952467849885608e+00 -8.133365782401559274e-01 -5.758035388082514139e-01 6.914945940983752148e-01 -1.383339473334352920e+00 -1.188813655744105358e+00 -5.257850564713564129e-02 5.238841678080805586e-01 9.739702547583983794e-02 1.955902470448236175e+00 -3.908609723910514977e-01 -2.030645988022978354e+00 1.020157824706428018e+00 2.863378867707148667e-01 1.211113009960107956e+00 -6.280737453680969029e-01 -1.060003167322924655e+00 9.773601961933109372e-02 3.700424315962747013e-01
