# 
#                 ----------------------------------------------------
#                 Data from a 3D direct N-body simulation. 
# 
#                 rows are i-particle; 
#                 coumns are :mass, tag, x ,y, z, vx, vy, vz, ax, ay, az
# 
#                 NTHU, Computational Physics Lab
# 
#                 ----------------------------------------------------
#                 Time = 7.69999999999988
1.000000000000000000e+00 2.000000000000000000e+00 3.000000000000000000e+00 4.000000000000000000e+00 5.000000000000000000e+00 6.000000000000000000e+00 7.000000000000000000e+00 8.000000000000000000e+00 9.000000000000000000e+00 1.000000000000000000e+01 1.100000000000000000e+01 1.200000000000000000e+01 1.300000000000000000e+01 1.400000000000000000e+01 1.500000000000000000e+01 1.600000000000000000e+01 1.700000000000000000e+01 1.800000000000000000e+01 1.900000000000000000e+01 2.000000000000000000e+01 2.100000000000000000e+01 2.200000000000000000e+01 2.300000000000000000e+01 2.400000000000000000e+01 2.500000000000000000e+01 2.600000000000000000e+01 2.700000000000000000e+01 2.800000000000000000e+01 2.900000000000000000e+01 3.000000000000000000e+01 3.100000000000000000e+01 3.200000000000000000e+01 3.300000000000000000e+01 3.400000000000000000e+01 3.500000000000000000e+01 3.600000000000000000e+01 3.700000000000000000e+01 3.800000000000000000e+01 3.900000000000000000e+01 4.000000000000000000e+01 4.100000000000000000e+01 4.200000000000000000e+01 4.300000000000000000e+01 4.400000000000000000e+01 4.500000000000000000e+01 4.600000000000000000e+01 4.700000000000000000e+01 4.800000000000000000e+01 4.900000000000000000e+01 5.000000000000000000e+01 5.100000000000000000e+01 5.200000000000000000e+01 5.300000000000000000e+01 5.400000000000000000e+01 5.500000000000000000e+01 5.600000000000000000e+01 5.700000000000000000e+01 5.800000000000000000e+01 5.900000000000000000e+01 6.000000000000000000e+01 6.100000000000000000e+01 6.200000000000000000e+01 6.300000000000000000e+01 6.400000000000000000e+01 6.500000000000000000e+01 6.600000000000000000e+01 6.700000000000000000e+01 6.800000000000000000e+01 6.900000000000000000e+01 7.000000000000000000e+01 7.100000000000000000e+01 7.200000000000000000e+01 7.300000000000000000e+01 7.400000000000000000e+01 7.500000000000000000e+01 7.600000000000000000e+01 7.700000000000000000e+01 7.800000000000000000e+01 7.900000000000000000e+01 8.000000000000000000e+01 8.100000000000000000e+01 8.200000000000000000e+01 8.300000000000000000e+01 8.400000000000000000e+01 8.500000000000000000e+01 8.600000000000000000e+01 8.700000000000000000e+01 8.800000000000000000e+01 8.900000000000000000e+01 9.000000000000000000e+01 9.100000000000000000e+01 9.200000000000000000e+01 9.300000000000000000e+01 9.400000000000000000e+01 9.500000000000000000e+01 9.600000000000000000e+01 9.700000000000000000e+01 9.800000000000000000e+01 9.900000000000000000e+01 1.000000000000000000e+02
2.000000000000000111e-01 2.000000000000000111e-01 2.000000000000000111e-01 2.000000000000000111e-01 2.000000000000000111e-01 2.000000000000000111e-01 2.000000000000000111e-01 2.000000000000000111e-01 2.000000000000000111e-01 2.000000000000000111e-01 2.000000000000000111e-01 2.000000000000000111e-01 2.000000000000000111e-01 2.000000000000000111e-01 2.000000000000000111e-01 2.000000000000000111e-01 2.000000000000000111e-01 2.000000000000000111e-01 2.000000000000000111e-01 2.000000000000000111e-01 2.000000000000000111e-01 2.000000000000000111e-01 2.000000000000000111e-01 2.000000000000000111e-01 2.000000000000000111e-01 2.000000000000000111e-01 2.000000000000000111e-01 2.000000000000000111e-01 2.000000000000000111e-01 2.000000000000000111e-01 2.000000000000000111e-01 2.000000000000000111e-01 2.000000000000000111e-01 2.000000000000000111e-01 2.000000000000000111e-01 2.000000000000000111e-01 2.000000000000000111e-01 2.000000000000000111e-01 2.000000000000000111e-01 2.000000000000000111e-01 2.000000000000000111e-01 2.000000000000000111e-01 2.000000000000000111e-01 2.000000000000000111e-01 2.000000000000000111e-01 2.000000000000000111e-01 2.000000000000000111e-01 2.000000000000000111e-01 2.000000000000000111e-01 2.000000000000000111e-01 2.000000000000000111e-01 2.000000000000000111e-01 2.000000000000000111e-01 2.000000000000000111e-01 2.000000000000000111e-01 2.000000000000000111e-01 2.000000000000000111e-01 2.000000000000000111e-01 2.000000000000000111e-01 2.000000000000000111e-01 2.000000000000000111e-01 2.000000000000000111e-01 2.000000000000000111e-01 2.000000000000000111e-01 2.000000000000000111e-01 2.000000000000000111e-01 2.000000000000000111e-01 2.000000000000000111e-01 2.000000000000000111e-01 2.000000000000000111e-01 2.000000000000000111e-01 2.000000000000000111e-01 2.000000000000000111e-01 2.000000000000000111e-01 2.000000000000000111e-01 2.000000000000000111e-01 2.000000000000000111e-01 2.000000000000000111e-01 2.000000000000000111e-01 2.000000000000000111e-01 2.000000000000000111e-01 2.000000000000000111e-01 2.000000000000000111e-01 2.000000000000000111e-01 2.000000000000000111e-01 2.000000000000000111e-01 2.000000000000000111e-01 2.000000000000000111e-01 2.000000000000000111e-01 2.000000000000000111e-01 2.000000000000000111e-01 2.000000000000000111e-01 2.000000000000000111e-01 2.000000000000000111e-01 2.000000000000000111e-01 2.000000000000000111e-01 2.000000000000000111e-01 2.000000000000000111e-01 2.000000000000000111e-01 2.000000000000000111e-01
6.779530324695060983e+01 8.612169748565762006e+01 3.651288898147395656e+01 1.577999499765430258e+01 2.924743535415963080e+01 1.282344642467955254e+01 1.203178419800141086e+01 2.511918297156911350e+01 8.723066754375740572e+01 -7.193797355134902816e+00 5.954800029116754878e+00 -7.612524629507788632e+01 4.728172806362766067e+01 -1.161778084582954840e+01 -6.557499167657196892e+01 -1.683528782173174676e+01 -6.202435507755176047e+01 1.486934670676421533e+01 -1.082735588213102229e+00 1.163003596851253540e+01 -2.584371425110312614e+01 -6.634340216623792230e+01 -6.265064465426242890e+01 1.996103079889429477e+00 4.378905810766653417e+01 -2.631736618866670696e+01 -1.197368946066046291e+01 3.462012432320064903e+01 5.719627827134827669e+01 -6.914680837400507762e+00 -1.549397851138208537e+01 3.753095090942221645e+01 4.034390171637490807e-01 1.544911312292956040e+01 -4.882696304802861675e+01 7.469653240335559019e+01 7.390226601628862113e+01 3.482086485293009304e+01 -1.029769301457249675e+01 -5.957795070942037974e+00 1.446645912297501013e+01 5.097480014859972641e+01 -1.672359175937080522e+01 1.565921264824156545e+01 -2.591675605918215197e+01 2.599598375983857679e+01 1.521949437762876833e+01 1.688678057554065859e+01 9.158851011412667731e+01 4.292862978824274478e+01 -2.622500527172484830e+00 -3.176026835411970595e+01 4.329810345774535563e+01 -1.682604462112533028e+01 3.648748315573750034e+01 3.244984513192852660e+01 4.565684968822118606e+01 1.224966180364723733e+01 -3.974786414993621264e+01 -2.649858975543932260e+01 -1.360442853159597476e+01 -8.544926409017624280e+01 -4.244242658333571683e+01 5.930029857485236988e+01 -1.509492420048023309e+00 -6.593863370286173975e+00 8.313699732922535190e+01 -9.199583180644356872e+00 2.460133952047775807e+01 -2.836332720472810820e+01 3.498236770657227623e+01 -1.792520728029636246e+01 -6.540795862437159824e-01 -1.624128565489906251e+00 -1.781674750325529644e+01 2.431339046396897352e+00 -2.295536594338163283e+01 -1.895863399116549886e+01 -4.443394172956028143e+01 -7.955285248694494271e+01 -2.449742908637856331e+01 -1.144472113602163077e+01 4.428559515654943368e+01 -5.635693214816961927e+01 5.455783257292595501e+00 2.670013426114702071e+01 -6.083476165658295542e+01 -1.947844179918791951e+01 -7.441471263544710268e+01 3.398239576763554037e+00 1.533614639911689892e+01 1.498560635310274414e+01 1.897527692045251158e+01 7.934191238272923385e+01 -2.659600113569273461e+01 2.339879439282942641e+01 2.651073221945494041e+01 -1.848665583778551635e+01 -5.225076497796689701e+00 2.240332038218321742e+01
1.537857760115741712e+01 7.177364229736609502e+01 -5.816949371910629552e+00 5.535867453447044007e+00 4.676300639571073781e+00 5.741954701652036164e+01 -3.282438445196390830e+01 3.322177485335094360e+01 -5.589386317648778402e+01 5.890723910615813708e+01 1.453332361164360798e+01 -1.337056879069790938e+01 4.620927414225604934e+01 -4.029725683480252485e+01 7.497176300363250334e+01 -4.814650352459885596e+01 -8.175467600058325957e+00 -1.963121256296478023e+01 1.646145152255445510e+01 -2.437912071855868490e+01 -1.381745154408985776e+01 6.818980983224219194e+00 1.778564649838565970e+01 2.801957849231109421e+01 -4.745621306493642066e+01 -3.346564225837940398e+01 2.158304064302451586e+00 1.789595762604708185e+01 7.286243476736959224e+01 -4.115067967910175639e+01 4.698027548548995469e+01 1.369370176182296994e+01 6.863346278470780248e+01 7.237268126751096986e+01 3.725498631803247207e+01 -1.589611987203486088e+01 5.689898554701674271e+01 -3.309839021216316013e+01 3.083848953751684618e+01 2.360241075426408131e+01 -4.225106389927463368e+01 -2.669338426457352398e+01 7.106996632399582836e+01 -2.958880358665097177e+01 1.222119082874300044e+00 2.215925332533900161e+01 -4.200766562151217443e+01 6.405392829107462660e+00 3.629819695715443117e+01 -5.057222007487126092e+01 6.584644537525358032e+01 -3.782906245599160666e+00 -4.150334786065700854e+01 -1.914019260288533530e+01 3.364795602498295235e+00 -3.843953687621257842e+01 1.218060706691084860e+01 3.292920718616041142e+01 2.619432013499777412e+01 -1.750655967171068284e+01 -5.284080586933642110e+01 2.402878542482105573e+01 2.004687256200064827e+00 -4.968652362246471910e+01 -4.489114515446713938e+01 2.966046003825310606e+01 5.136516483715659831e+01 4.226100168510926380e+01 -6.214178835658659494e+01 1.075760199785954363e+01 1.219250867548527850e+01 -3.629577077475203595e+01 1.457146957647890240e+01 -3.673778479958669152e+01 1.850377434013865496e+01 6.014981386440964251e+00 -9.143547873089243438e+00 -2.086283952587226054e+01 3.002284191456262263e+01 1.638143994719185415e+01 -1.526896819266954530e+01 -1.187574404311485132e+01 4.149151797298083721e+01 2.002497569384501475e+01 -1.227218986000615075e+01 -2.788618437375416192e+01 2.345768511820992686e+01 -2.291589678598581159e+01 7.255478430275442037e+00 -1.194776424720924801e+01 -1.065560745785126926e+02 -2.507172429624569077e+01 -4.462190107937110461e+00 -4.248119971153546892e+00 5.904516460311390347e+01 -4.017063292175140532e+01 5.003153878279400857e+01 8.854353724006890047e+01 4.369232234776797696e+01 -1.535128885202180271e+01
3.761447463927634516e+01 -3.755856251227126563e+01 -3.966665206801157417e+00 5.588964176811553131e+01 1.705870071289987067e+01 -7.884633642621991179e+00 -9.811587131570399833e+01 -2.852219424779339008e+01 1.758572605981313153e+00 5.646972202583081923e+01 -3.411874999619116977e+01 6.008613154082082630e+00 -1.488596761633785270e+01 -5.457342314099417990e+01 -1.958691467296426225e+01 2.988001834192222006e+01 -3.441411212756307947e+01 -4.537357683958253318e+01 2.556678402177182452e+00 -1.394238968870343776e+01 -3.124994901501305122e+01 -1.544155737850594257e+01 -3.486902780962591919e+01 4.956932587164866177e+00 1.546233979163010908e+01 -2.224557335422557713e+01 -4.477833496924726120e+01 -5.904008751025931900e+01 4.530264815302933101e+01 4.052363034147456489e+01 8.004312826837576722e+00 2.715800170939663261e+01 4.877326614280148576e+00 -5.179656683973647802e+01 -4.508483371948388907e+01 -2.872594401042519863e+01 7.177372708695359904e+01 7.340698942153801454e+01 3.640196465844294238e+01 3.544059762042754613e+01 1.146176820747492364e+01 -5.750678954114006203e+00 2.583712702157442465e+01 2.072361827046810134e+01 -2.443678965488162902e+01 -8.005301852548807773e+00 -5.731132801041629676e+01 2.440465277755723150e+01 -3.508135395457946970e+01 -1.773937058800089162e+01 -2.862203328417934500e+01 -2.549851676676752277e+01 -4.409923923780226573e+01 7.415513308632544920e+01 -4.709547025452198454e+01 -5.936767185319754958e+01 3.538918865432207639e+01 -2.501980572453305385e+01 -3.087637226273855262e+01 6.694560645468268234e-01 -2.473513452952569125e+01 -6.156987117368705498e+01 -2.842239933684343711e+01 1.026313471217384965e+01 2.011017911468963604e+01 3.165043869821818845e+01 -1.418848993457085150e+01 2.518261633558434909e+01 -9.348980911911554115e-01 -3.772510095735550628e+00 3.021627140572958936e+01 -1.575910427729962393e+01 8.682910187358170617e+01 -1.329660130826098374e+01 -5.921495196440749709e+01 8.922758356464933982e+00 -5.472858555633830235e+01 1.598850825516718999e+01 5.743546874834346028e+01 2.601432174838711830e+01 -5.105224020745752433e+00 -6.441097548710584419e+01 -3.125856216566511847e+01 -2.212910220943924955e+01 2.657614523541611717e+01 -5.316489914556025553e+01 -4.568915561901231115e+01 -2.020549880630909012e+00 2.013403418809177836e+01 3.743209345185899206e+00 7.516947307816202795e+01 -1.502282531577455593e+01 -7.804240264942009730e+01 3.920695557802611120e+01 1.100462955959105926e+01 4.654598736073049281e+01 -2.413834629315448410e+01 -4.073826393933813250e+01 3.756047804455846517e+00 1.422166915195731285e+01
1.536465837098355536e+01 1.951806108726114530e+01 8.275001092648546219e+00 3.576271565957636511e+00 6.628412318920873680e+00 2.906207206965249146e+00 2.726805798247978085e+00 5.692815597311558840e+00 1.976937838344334608e+01 -1.630353973701230919e+00 1.349550685184601972e+00 -1.725250589247796640e+01 1.071558859199380187e+01 -2.632963143724684318e+00 -1.486148129237741422e+01 -3.815400592490892695e+00 -1.405675560526542078e+01 3.369889979955394743e+00 -2.453644949764086369e-01 2.636055327417319738e+00 -5.857040703317990094e+00 -1.503559042009470481e+01 -1.419868457280488094e+01 4.523698781987834372e-01 9.924054541327413048e+00 -5.964333246272523148e+00 -2.713647013834918020e+00 7.846062509991233114e+00 1.296259098563648671e+01 -1.567089228773484777e+00 -3.511407386770137862e+00 8.505600748131969979e+00 9.142753400824930876e-02 3.501281741648413881e+00 -1.106581748594650705e+01 1.692871155118593762e+01 1.674872996780757006e+01 7.891567765724762040e+00 -2.333683302972649365e+00 -1.350261504448538874e+00 3.278569150258335618e+00 1.155255990766780805e+01 -3.790116762127168304e+00 3.548885439247062124e+00 -5.873653910634964781e+00 5.891527445937525975e+00 3.449259133679884570e+00 3.827117677877122315e+00 2.075701408471137199e+01 9.729044241073882660e+00 -5.943381866537071900e-01 -7.197869367432057963e+00 9.812766966828137427e+00 -3.813334623552308233e+00 8.269257024179127669e+00 7.354189193074265773e+00 1.034729775247572370e+01 2.776203554206819746e+00 -9.008196527583601565e+00 -6.005353699837061576e+00 -3.083207331550880781e+00 -1.936565105350596383e+01 -9.618816334604971985e+00 1.343939965408481463e+01 -3.420895588879709348e-01 -1.494445931626921631e+00 1.884161783081422215e+01 -2.084922513536077826e+00 5.575481668845697847e+00 -6.428048531109061159e+00 7.928312735233620678e+00 -4.062444311820594400e+00 -1.482337964218156112e-01 -3.680878022452545584e-01 -4.037865768443477776e+00 5.510262900537697961e-01 -5.202421853600569968e+00 -4.296630448554051185e+00 -1.007020293690722923e+01 -1.802931209892033948e+01 -5.551912669228006969e+00 -2.593760576850578481e+00 1.003656349257210501e+01 -1.277234189435810663e+01 1.236477351780129297e+00 6.051124546879532495e+00 -1.378716677314967320e+01 -4.414497108647874590e+00 -1.686485939723650418e+01 7.701556770117095052e-01 3.475687284048245562e+00 3.395889955044038899e+00 4.300425703840882186e+00 1.798151332263748614e+01 -6.027502970808790828e+00 5.302939157843573170e+00 6.008205415423814699e+00 -4.189689271629097433e+00 -1.184192430960474107e+00 5.077305898093312564e+00
3.485289347246987024e+00 1.626630641959577517e+01 -1.318316102578757754e+00 1.254613240201291946e+00 1.059811983990853301e+00 1.301315462949152035e+01 -7.439099164035495981e+00 7.529160445346320785e+00 -1.266741502193937841e+01 1.335033588308807673e+01 3.293728823349324930e+00 -3.030199985056728718e+00 1.047254615200287375e+01 -9.132676078737214098e+00 1.699110336637355090e+01 -1.091156905390687193e+01 -1.852805431807076131e+00 -4.449091368339792574e+00 3.730708625665476674e+00 -5.525176810894671497e+00 -3.131451116447676153e+00 1.545418432244014539e+00 4.030826617511689136e+00 6.350135119635647918e+00 -1.075514317420128840e+01 -7.584396438996845013e+00 4.891311785799347112e-01 4.055806079242588957e+00 1.651306174483087830e+01 -9.326103859190844503e+00 1.064727309924307264e+01 3.103335470272675423e+00 1.555459414721017453e+01 1.640205682259241726e+01 8.443187593682859315e+00 -3.602591658674463737e+00 1.289521832208423646e+01 -7.501197427933865569e+00 6.988957920328497053e+00 5.349216802819338312e+00 -9.575454020153529200e+00 -6.049606624272701794e+00 1.610679747408410734e+01 -6.705786352391353233e+00 2.769082057593764690e-01 5.022017770749668486e+00 -9.520304492711694877e+00 1.451666725736762142e+00 8.226392170823412897e+00 -1.146132874968768967e+01 1.492298230895229949e+01 -8.572891472969665916e-01 -9.406025173564076525e+00 -4.337802055578216631e+00 7.625774763533340606e-01 -8.711653678231286335e+00 2.760528741023143162e+00 7.462840026740272137e+00 5.936476071323136594e+00 -3.967550774856282825e+00 -1.197543457284551316e+01 5.445726295064269529e+00 4.543230566093344192e-01 -1.126060994464233644e+01 -1.017378991426630463e+01 6.722005167374524248e+00 1.164106165541330462e+01 9.577705785225251844e+00 -1.408336451868852279e+01 2.438009899483925658e+00 2.763297656544738690e+00 -8.225779576659284942e+00 3.302380995441874578e+00 -8.325959994151874710e+00 4.193550157591064753e+00 1.363204091015383757e+00 -2.072221787169460150e+00 -4.728199751684425856e+00 6.804178490785206534e+00 3.712556921280408595e+00 -3.460518189126269739e+00 -2.691430448547048826e+00 9.403354830606279080e+00 4.538301920176523119e+00 -2.781278564307652523e+00 -6.319950256101365405e+00 5.316279045492084521e+00 -5.193424430848362583e+00 1.644354376481706570e+00 -2.707754251957239067e+00 -2.414918479577946897e+01 -5.682007580373346300e+00 -1.011287165880618621e+00 -9.627573507379099116e-01 1.338157551778144949e+01 -9.103989004729264423e+00 1.133877675645154071e+01 2.006691631327031899e+01 9.902114715790684585e+00 -3.479100866056483721e+00
8.524686207357866863e+00 -8.512025697560117621e+00 -8.989667717625645649e-01 1.266642122312762631e+01 3.866084408614704593e+00 -1.786923131628785688e+00 -2.223632729540324249e+01 -6.464052328748397080e+00 3.985507745069160057e-01 1.279790461129015355e+01 -7.732423678803629130e+00 1.361743768139944910e+00 -3.373673953124146419e+00 -1.236813765213000416e+01 -4.439052656364704141e+00 6.771791977483205827e+00 -7.799372139583610419e+00 -1.028315493851583717e+01 5.794452129158780274e-01 -3.159898449510156304e+00 -7.082242693187866145e+00 -3.499594173426484378e+00 -7.902482052042254068e+00 1.123400348615327005e+00 3.504262311107197103e+00 -5.041553929176706639e+00 -1.014824082229198332e+01 -1.338042752607334762e+01 1.026709490111786494e+01 9.183962047806577544e+00 1.814040875823662136e+00 6.155081134074804616e+00 1.105357845627914282e+00 -1.173881921104372772e+01 -1.021770697053022303e+01 -6.510253597250810209e+00 1.626632822930363886e+01 1.663646259001327010e+01 8.249757352250423281e+00 8.031943320274825382e+00 2.597616189839145218e+00 -1.303293452781270956e+00 5.855535834352383340e+00 4.696626015657847653e+00 -5.538197235667642992e+00 -1.814269129827702720e+00 -1.298864035749070212e+01 5.530868691463566300e+00 -7.950604116488886319e+00 -4.020325405759564319e+00 -6.486696023519537668e+00 -5.778807590913496384e+00 -9.994358203993183309e+00 1.680601627791256547e+01 -1.067339463155046353e+01 -1.345466146904867522e+01 8.020313704490629192e+00 -5.670308492523717270e+00 -6.997611521140320257e+00 1.515955067653429467e-01 -5.605792514956863926e+00 -1.395378472766892131e+01 -6.441446691734321384e+00 2.325963110804826872e+00 4.557622814120950494e+00 7.173139128097533401e+00 -3.215594923534500271e+00 5.707203068380880318e+00 -2.118792109701496118e-01 -8.549994102574982602e-01 6.847812732819435588e+00 -3.571548007631635713e+00 1.967836365585345604e+01 -3.013448508679898552e+00 -1.342005065620802462e+01 2.022174533709810706e+00 -1.240329083067682703e+01 3.623473066235737505e+00 1.301678152103456654e+01 5.895688515950095798e+00 -1.156926033308603996e+00 -1.459763131771599909e+01 -7.084207601653353059e+00 -5.015222946169584972e+00 6.022991301769065053e+00 -1.204892749967358334e+01 -1.035464273309020733e+01 -4.579401550207461979e-01 4.563042493863212812e+00 8.483333113103929124e-01 1.703592686736658735e+01 -3.404552842575359506e+00 -1.768699050677664530e+01 8.885599394481427993e+00 2.494012636451099052e+00 1.054884796380653356e+01 -5.470545280592192583e+00 -9.232648619871493878e+00 8.512623609822788096e-01 3.223091942376694163e+00
1.764018403253851286e+00 2.240876242643764726e+00 9.500499795634098632e-01 4.105925887606600710e-01 7.610053961933733735e-01 3.336605845882699151e-01 3.130657180450509558e-01 6.535896807671416342e-01 2.269728278306358593e+00 -1.871813696441598784e-01 1.549415115611167404e-01 -1.980763413763596770e+00 1.230255927136281624e+00 -3.022893465243689515e-01 -1.706251320888512835e+00 -4.380419286160642800e-01 -1.613855748619525299e+00 3.868981006745444429e-01 -2.816755237510085857e-02 3.026899112464583874e-01 -6.724476179109430962e-01 -1.726235302639617553e+00 -1.630149334975401709e+00 5.193474835833558623e-02 1.139382764642930868e+00 -6.847582755744631156e-01 -3.115560269205610577e-01 9.008070280571117694e-01 1.488239960170386844e+00 -1.799168216500034168e-01 -4.031392517263555630e-01 9.765068023229052097e-01 1.049607060812074791e-02 4.019828461594030511e-01 -1.270469731800626167e+00 1.943588469801612595e+00 1.922928441142091049e+00 9.060330553730709946e-01 -2.679139109363717908e-01 -1.550277545768906085e-01 3.764116394950087763e-01 1.326348569146532874e+00 -4.351434539803943347e-01 4.074465260766425012e-01 -6.743635884580393425e-01 6.764037827789894930e-01 3.960125232404578810e-01 4.393939819352954412e-01 2.383119498943156334e+00 1.116992337519120415e+00 -6.823500489976822014e-02 -8.263799115978113230e-01 1.126602786239384368e+00 -4.378089050114067349e-01 9.493924876745688524e-01 8.443326384084658409e-01 1.187966675653313375e+00 3.187398977415091261e-01 -1.034234465751054710e+00 -6.894604929354036793e-01 -3.539825330256161640e-01 -2.223375947710312328e+00 -1.104331537702479382e+00 1.542977807887932151e+00 -3.927370424624865991e-02 -1.715859708596105537e-01 2.163212047429322382e+00 -2.393691584131179551e-01 6.401223927813085579e-01 -7.380022350565788036e-01 9.102724496718341829e-01 -4.664096643785174412e-01 -1.701841236809728541e-02 -4.226115395999695962e-02 -4.635880919015930579e-01 6.326404022888036660e-02 -5.972873347236029584e-01 -4.932933456420340868e-01 -1.156161565158611459e+00 -2.069948237793698631e+00 -6.374136203865539141e-01 -2.977911678087923342e-01 1.152296639796296374e+00 -1.466393751683959579e+00 1.419624933200721029e-01 6.947290699632189259e-01 -1.582906011246299371e+00 -5.068344545515148791e-01 -1.936260130049799466e+00 8.842198689255177657e-02 3.990454331473429761e-01 3.898327613486147758e-01 4.937324649386590769e-01 2.064461499416292423e+00 -6.920139558906267530e-01 6.088308838392852973e-01 6.898023338769638801e-01 -4.810189843272387189e-01 -1.359597797558763921e-01 5.829221529590963291e-01
4.001457869100461529e-01 1.867540319636056934e+00 -1.513564679591458406e-01 1.440426760840168019e-01 1.216782443869736940e-01 1.494039910311687924e+00 -8.540850626245607424e-01 8.644249334387835715e-01 -1.454349957362340628e+00 1.532754771466626531e+00 3.781529863995547469e-01 -3.478957416944798986e-01 1.202353797467712093e+00 -1.048521496352236904e+00 1.950753916791251319e+00 -1.252755563507653491e+00 -2.127170752960078626e-01 -5.108020829552915032e-01 4.283230169607335491e-01 -6.343551747584010858e-01 -3.595164523646997567e-01 1.774313907578998206e-01 4.627812802308192697e-01 7.290557453089339113e-01 -1.234798713200945475e+00 -8.707618967420794887e-01 5.615549031836102739e-02 4.656461841809386715e-01 1.895870176212325120e+00 -1.070730979107682446e+00 1.222413141905563938e+00 3.562783847801865300e-01 1.785822221447995295e+00 1.883124157449673763e+00 9.693598831327564502e-01 -4.136147424384219451e-01 1.480505431251426307e+00 -8.612144992175195801e-01 8.023939111662344859e-01 6.141630330227718648e-01 -1.099354088089022019e+00 -6.945565102932592660e-01 1.849222350497740752e+00 -7.698899767251965454e-01 3.178255397183667175e-02 5.765782087113108245e-01 -1.093024181661837346e+00 1.666650055856809531e-01 9.444760349315673986e-01 -1.315875291872759423e+00 1.713309459882536245e+00 -9.841932510882020479e-02 -1.079906038088181530e+00 -4.980237936582889158e-01 8.755212214277906246e-02 -1.000183628287224957e+00 3.169366955423361665e-01 8.568085223878499912e-01 6.815642017061029900e-01 -4.555128799332421319e-01 -1.374895399976141075e+00 6.252257868189173839e-01 5.216010915554679384e-02 -1.292832086019526594e+00 -1.168049997983564570e+00 7.717490371614645905e-01 1.336514121006800337e+00 1.099612546076635944e+00 -1.616909947579103113e+00 2.799055448595638151e-01 3.172649570195942847e-01 -9.443966319017773614e-01 3.791473604195211289e-01 -9.558991418751929814e-01 4.814595447694605679e-01 1.565111312323909376e-01 -2.379108024781693975e-01 -5.428438012131738821e-01 7.811899611637963536e-01 4.262363519739400530e-01 -3.973119234964371249e-01 -3.090026085561803915e-01 1.079601002802685672e+00 5.210401362629575317e-01 -3.193181371467039842e-01 -7.255969629895122619e-01 6.103614694864453183e-01 -5.962467617245912344e-01 1.887918562596812011e-01 -3.108769840430462561e-01 -2.772578738191963765e+00 -6.523412393519996133e-01 -1.161070619378214847e-01 -1.105332598098777847e-01 1.536338673291155033e+00 -1.045229388972505280e+00 1.301802807968329478e+00 2.303888389980265128e+00 1.136861493516978294e+00 -3.994347158349422777e-01
9.787206051223732439e-01 -9.772686447192370229e-01 -1.032089320158605522e-01 1.454230497116204335e+00 4.438683270600669029e-01 -2.051574999672778066e-01 -2.552959239647172307e+00 -7.421357301473495705e-01 4.575767271952297516e-02 1.469328726059407231e+00 -8.877585744266185408e-01 1.563410032124091242e-01 -3.873350150523330315e-01 -1.419986706554693168e+00 -5.096496318358607613e-01 7.774690637939045690e-01 -8.954463282713142069e-01 -1.180610554439940563e+00 6.652868253551190436e-02 -3.628016237333207550e-01 -8.131089297628206758e-01 -4.017926837256103889e-01 -9.072859767312891899e-01 1.289770806322799446e-01 4.023225833826661324e-01 -5.788172804080194966e-01 -1.165119223132215831e+00 -1.536207254703863212e+00 1.178768831856489507e+00 1.054407077893526834e+00 2.082700938423170389e-01 7.066916334777127995e-01 1.269054514059293759e-01 -1.347735884505814941e+00 -1.173095130981307577e+00 -7.474436939645788813e-01 1.867543198586208764e+00 1.910035927007276868e+00 9.471366130711320608e-01 9.221385452991426313e-01 2.982327010181564653e-01 -1.496311978772006113e-01 6.722731108842374681e-01 5.392156944530407392e-01 -6.358429205043178989e-01 -2.082968937171770507e-01 -1.491227120140439677e+00 6.349949848134511798e-01 -9.128111570028110133e-01 -4.615736742342446131e-01 -7.447378942175928440e-01 -6.634656721887896014e-01 -1.147455256372094112e+00 1.929502347723345945e+00 -1.225414267424683068e+00 -1.544728978030447619e+00 9.208064360345536992e-01 -6.510078156462919541e-01 -8.033972831859668151e-01 1.738656870564375331e-02 -6.436007180907242775e-01 -1.602038016495017425e+00 -7.395419920235000166e-01 2.670437309736081177e-01 5.232599581333639005e-01 8.235638827397949724e-01 -3.691848548681525011e-01 6.552431525579788252e-01 -2.432593399665056513e-02 -9.816603732987187747e-02 7.861702088552824375e-01 -4.100518626107345632e-01 2.259277902415012917e+00 -3.459742377656503942e-01 -1.540755388062534648e+00 2.321635630649825088e-01 -1.424020947659470515e+00 4.160039193119695611e-01 1.494458988936011368e+00 6.768822494120350086e-01 -1.328143014570597191e-01 -1.675952107404613090e+00 -8.133363838854854588e-01 -5.758036481530992567e-01 6.914942840759598086e-01 -1.383339301478349048e+00 -1.188813335519744552e+00 -5.257858434106888607e-02 5.238841197217031231e-01 9.739700343481381972e-02 1.955902401385063438e+00 -3.908603178018536517e-01 -2.030645717878247325e+00 1.020157720194180051e+00 2.863378460395806790e-01 1.211112783340782650e+00 -6.280736483874561626e-01 -1.060003078477948391e+00 9.773609725787660296e-02 3.700423371325650135e-01
