# 
#                 ----------------------------------------------------
#                 Data from a 3D direct N-body simulation. 
# 
#                 rows are i-particle; 
#                 coumns are :mass, tag, x ,y, z, vx, vy, vz, ax, ay, az
# 
#                 NTHU, Computational Physics Lab
# 
#                 ----------------------------------------------------
#                 Time = 9.399999999999844
1.000000000000000000e+00 2.000000000000000000e+00 3.000000000000000000e+00 4.000000000000000000e+00 5.000000000000000000e+00 6.000000000000000000e+00 7.000000000000000000e+00 8.000000000000000000e+00 9.000000000000000000e+00 1.000000000000000000e+01 1.100000000000000000e+01 1.200000000000000000e+01 1.300000000000000000e+01 1.400000000000000000e+01 1.500000000000000000e+01 1.600000000000000000e+01 1.700000000000000000e+01 1.800000000000000000e+01 1.900000000000000000e+01 2.000000000000000000e+01 2.100000000000000000e+01 2.200000000000000000e+01 2.300000000000000000e+01 2.400000000000000000e+01 2.500000000000000000e+01 2.600000000000000000e+01 2.700000000000000000e+01 2.800000000000000000e+01 2.900000000000000000e+01 3.000000000000000000e+01 3.100000000000000000e+01 3.200000000000000000e+01 3.300000000000000000e+01 3.400000000000000000e+01 3.500000000000000000e+01 3.600000000000000000e+01 3.700000000000000000e+01 3.800000000000000000e+01 3.900000000000000000e+01 4.000000000000000000e+01 4.100000000000000000e+01 4.200000000000000000e+01 4.300000000000000000e+01 4.400000000000000000e+01 4.500000000000000000e+01 4.600000000000000000e+01 4.700000000000000000e+01 4.800000000000000000e+01 4.900000000000000000e+01 5.000000000000000000e+01 5.100000000000000000e+01 5.200000000000000000e+01 5.300000000000000000e+01 5.400000000000000000e+01 5.500000000000000000e+01 5.600000000000000000e+01 5.700000000000000000e+01 5.800000000000000000e+01 5.900000000000000000e+01 6.000000000000000000e+01 6.100000000000000000e+01 6.200000000000000000e+01 6.300000000000000000e+01 6.400000000000000000e+01 6.500000000000000000e+01 6.600000000000000000e+01 6.700000000000000000e+01 6.800000000000000000e+01 6.900000000000000000e+01 7.000000000000000000e+01 7.100000000000000000e+01 7.200000000000000000e+01 7.300000000000000000e+01 7.400000000000000000e+01 7.500000000000000000e+01 7.600000000000000000e+01 7.700000000000000000e+01 7.800000000000000000e+01 7.900000000000000000e+01 8.000000000000000000e+01 8.100000000000000000e+01 8.200000000000000000e+01 8.300000000000000000e+01 8.400000000000000000e+01 8.500000000000000000e+01 8.600000000000000000e+01 8.700000000000000000e+01 8.800000000000000000e+01 8.900000000000000000e+01 9.000000000000000000e+01 9.100000000000000000e+01 9.200000000000000000e+01 9.300000000000000000e+01 9.400000000000000000e+01 9.500000000000000000e+01 9.600000000000000000e+01 9.700000000000000000e+01 9.800000000000000000e+01 9.900000000000000000e+01 1.000000000000000000e+02
2.000000000000000111e-01 2.000000000000000111e-01 2.000000000000000111e-01 2.000000000000000111e-01 2.000000000000000111e-01 2.000000000000000111e-01 2.000000000000000111e-01 2.000000000000000111e-01 2.000000000000000111e-01 2.000000000000000111e-01 2.000000000000000111e-01 2.000000000000000111e-01 2.000000000000000111e-01 2.000000000000000111e-01 2.000000000000000111e-01 2.000000000000000111e-01 2.000000000000000111e-01 2.000000000000000111e-01 2.000000000000000111e-01 2.000000000000000111e-01 2.000000000000000111e-01 2.000000000000000111e-01 2.000000000000000111e-01 2.000000000000000111e-01 2.000000000000000111e-01 2.000000000000000111e-01 2.000000000000000111e-01 2.000000000000000111e-01 2.000000000000000111e-01 2.000000000000000111e-01 2.000000000000000111e-01 2.000000000000000111e-01 2.000000000000000111e-01 2.000000000000000111e-01 2.000000000000000111e-01 2.000000000000000111e-01 2.000000000000000111e-01 2.000000000000000111e-01 2.000000000000000111e-01 2.000000000000000111e-01 2.000000000000000111e-01 2.000000000000000111e-01 2.000000000000000111e-01 2.000000000000000111e-01 2.000000000000000111e-01 2.000000000000000111e-01 2.000000000000000111e-01 2.000000000000000111e-01 2.000000000000000111e-01 2.000000000000000111e-01 2.000000000000000111e-01 2.000000000000000111e-01 2.000000000000000111e-01 2.000000000000000111e-01 2.000000000000000111e-01 2.000000000000000111e-01 2.000000000000000111e-01 2.000000000000000111e-01 2.000000000000000111e-01 2.000000000000000111e-01 2.000000000000000111e-01 2.000000000000000111e-01 2.000000000000000111e-01 2.000000000000000111e-01 2.000000000000000111e-01 2.000000000000000111e-01 2.000000000000000111e-01 2.000000000000000111e-01 2.000000000000000111e-01 2.000000000000000111e-01 2.000000000000000111e-01 2.000000000000000111e-01 2.000000000000000111e-01 2.000000000000000111e-01 2.000000000000000111e-01 2.000000000000000111e-01 2.000000000000000111e-01 2.000000000000000111e-01 2.000000000000000111e-01 2.000000000000000111e-01 2.000000000000000111e-01 2.000000000000000111e-01 2.000000000000000111e-01 2.000000000000000111e-01 2.000000000000000111e-01 2.000000000000000111e-01 2.000000000000000111e-01 2.000000000000000111e-01 2.000000000000000111e-01 2.000000000000000111e-01 2.000000000000000111e-01 2.000000000000000111e-01 2.000000000000000111e-01 2.000000000000000111e-01 2.000000000000000111e-01 2.000000000000000111e-01 2.000000000000000111e-01 2.000000000000000111e-01 2.000000000000000111e-01 2.000000000000000111e-01
9.646422904245004304e+01 1.225404674906969689e+02 5.195321302787821338e+01 2.245296294568554885e+01 4.161538906727366083e+01 1.824613820996417957e+01 1.711973401596914002e+01 3.574140655195569849e+01 1.241183681361282964e+02 -1.023587618752581463e+01 8.472926673279697951e+00 -1.083167094180339802e+02 6.727594845618693853e+01 -1.653062628488116914e+01 -9.330504301680154811e+01 -2.395443938922745275e+01 -8.825286112868475641e+01 2.115722742455343308e+01 -1.540557330798595581e+00 1.654871712822905039e+01 -3.677237024409191690e+01 -9.439831585386768609e+01 -8.914397417681604452e+01 2.840177575458905590e+00 6.230635890811799271e+01 -3.744620837296911020e+01 -1.703708784595193393e+01 4.926009672974811338e+01 8.138318967933010128e+01 -9.838712327019655035e+00 -2.204590725666868423e+01 5.340152440131350176e+01 5.740326437623977096e-01 2.198215729108000360e+01 -6.947468152405328112e+01 1.062838273523682062e+02 1.051537385478554398e+02 4.954574781014780172e+01 -1.465209015727831954e+01 -8.477254748425895770e+00 2.058394148607489882e+01 7.253072564339701955e+01 -2.379557253769615244e+01 2.228107811256845139e+01 -3.687642311804572159e+01 3.698898385981085823e+01 2.165547300574214873e+01 2.402780493370697812e+01 1.303190417133520214e+02 6.108205890611455402e+01 -3.731475021143226378e+00 -4.519076520281004150e+01 6.160774830025545867e+01 -2.394134733975763041e+01 5.191709221827501608e+01 4.617202739773614439e+01 6.496386766188733475e+01 1.742978700809853265e+01 -5.655626704296256690e+01 -3.770396138404335318e+01 -1.935738574611056961e+01 -1.215836491032370930e+02 -6.039017338159248283e+01 8.437688088898121919e+01 -2.147795165308275855e+00 -9.382363214627286396e+00 1.182935890305166708e+02 -1.308983987933412507e+01 3.500463520758407299e+01 -4.035742291372210389e+01 4.977584312378027676e+01 -2.550532456768316081e+01 -9.306686443890738181e-01 -2.310945200066310878e+00 -2.535100409593350435e+01 3.459500279298052039e+00 -3.266256326957741152e+01 -2.697571461636640322e+01 -6.322394016682077478e+01 -1.131937582285061978e+02 -3.485674328633390218e+01 -1.628442235439089814e+01 6.301282170974502606e+01 -8.018885231465371533e+01 7.762930565829920582e+00 3.799092948045456097e+01 -8.656024433059117484e+01 -2.771546268563480098e+01 -1.058828694825181032e+02 4.835273998661413053e+00 2.182143543214749215e+01 2.132192740052477475e+01 2.699944402117083797e+01 1.128936318721141561e+02 -3.784271632285180686e+01 3.329355157767569295e+01 3.772144578512732949e+01 -2.630420002522791023e+01 -7.434665520464657007e+00 3.187706289407461568e+01
2.188178014418225104e+01 1.021249589580417307e+02 -8.276796841887669842e+00 7.876851627995641536e+00 6.653806078149151482e+00 8.170079752489459679e+01 -4.670500593754889707e+01 4.727044163000891075e+01 -7.953000438926613924e+01 8.381764073210413812e+01 2.067909366885620059e+01 -1.902461809856824715e+01 6.575000381660704818e+01 -5.733791970504140778e+01 1.066754781185924799e+02 -6.850640267282513207e+01 -1.163261298887529804e+01 -2.793277689650614803e+01 2.342258293842574801e+01 -3.468856455224725011e+01 -1.966041968556094233e+01 9.702580681995868872e+00 2.530677069729269490e+01 3.986829371906187447e+01 -6.752424057939336421e+01 -4.761736711651884946e+01 3.070971743306326385e+00 2.546368668355029996e+01 1.036741721226060662e+02 -5.855226248676483181e+01 6.684702671803252372e+01 1.948419425459944065e+01 9.765678590531362602e+01 1.029772922516380049e+02 5.300913022817575637e+01 -2.261819899112445142e+01 8.096018703503166591e+01 -4.709488078183411375e+01 4.387917715228406479e+01 3.358354497065519695e+01 -6.011790235246753866e+01 -3.798134967389069772e+01 1.011236482924266369e+02 -4.210113138065202065e+01 1.738788783677279959e+00 3.152983903684770084e+01 -5.977160317096709718e+01 9.114057188958319955e+00 5.164783151519579718e+01 -7.195791871971975695e+01 9.369124744268734162e+01 -5.382513693474783700e+00 -5.905405485983592229e+01 -2.723410047209520357e+01 4.787690129519543980e+00 -5.469461344602773778e+01 1.733147944685086017e+01 4.685412352832931759e+01 3.727118970281439658e+01 -2.490961208431978235e+01 -7.518576845023549993e+01 3.418997138373212152e+01 2.852407806080925923e+00 -7.069770287226856453e+01 -6.387442022008195153e+01 4.220304614734128990e+01 7.308623254485793552e+01 6.013204161042742868e+01 -8.841994287475239389e+01 1.530668232365493431e+01 1.734856259330073769e+01 -5.164424914741264416e+01 2.073338520094337056e+01 -5.227319101199281448e+01 2.632851863222561306e+01 8.558586929575772828e+00 -1.301010601188395022e+01 -2.968518838197303467e+01 4.271876483609402442e+01 2.330869822358446442e+01 -2.172596487666989518e+01 -1.689768456649914441e+01 5.903724461961733994e+01 2.849299193472610270e+01 -1.746177811906423827e+01 -3.967858742031068431e+01 3.337733180424287127e+01 -3.260629483381300275e+01 1.032368511348669671e+01 -1.700016370993338199e+01 -1.516160649965135292e+02 -3.567377021796544767e+01 -6.349152996999046117e+00 -6.044528021757938241e+00 8.401385233472734626e+01 -5.715777067716578586e+01 7.118856429061375479e+01 1.259864136729032396e+02 6.216868219821783015e+01 -2.184294347694524063e+01
5.352069245191452040e+01 -5.344115938215869477e+01 -5.644045617413109284e+00 7.952392088044429386e+01 2.427243394433835277e+01 -1.121885555321629191e+01 -1.396066537940699561e+02 -4.058346931267168856e+01 2.502228759029213379e+00 8.034933984950724550e+01 -4.854668136788804134e+01 8.549490303020322202e+00 -2.118091244013418972e+01 -7.765113791493901374e+01 -2.786974790469306740e+01 4.251550748334116037e+01 -4.896696469259090634e+01 -6.456092246846370131e+01 3.637869219814840793e+00 -1.983846544956213975e+01 -4.446470396625959864e+01 -2.197145791096404110e+01 -4.961427552430467358e+01 7.053085056536010811e+00 2.200094183784855773e+01 -3.165260597740925874e+01 -6.371394161942626511e+01 -8.400663375771168262e+01 6.446003043814323519e+01 5.765998401363150805e+01 1.138913259732591499e+01 3.864280914583216031e+01 6.939813323675019241e+00 -7.370003783258854924e+01 -6.415005801043261613e+01 -4.087343125440052205e+01 1.021250849857831753e+02 1.044489777152493275e+02 5.179516446822626818e+01 5.042739140684840748e+01 1.630866197868009593e+01 -8.182494902029544548e+00 3.676297256742407171e+01 2.948704914805959731e+01 -3.477051797306644687e+01 -1.139054838314866380e+01 -8.154683978172791115e+01 3.472469727616167035e+01 -4.991639306538991150e+01 -2.524089772808382293e+01 -4.072556276740519365e+01 -3.628119755726652329e+01 -6.274772101904862609e+01 1.055134916268419261e+02 -6.701096472713517471e+01 -8.447272968924082193e+01 5.035428720898436694e+01 -3.560003644083428043e+01 -4.393322091271368635e+01 9.522919416168974527e-01 -3.519498482806930184e+01 -8.760625012843158288e+01 -4.044149687401406368e+01 1.460315018593728986e+01 2.861424852448195821e+01 4.503482507584008232e+01 -2.018847342234184339e+01 3.583168789038195712e+01 -1.330243724309140063e+00 -5.367859029966267848e+00 4.299356887293359364e+01 -2.242326083353587407e+01 1.235469766320250642e+02 -1.891939654039855512e+01 -8.425542958152610140e+01 1.269593139804803528e+01 -7.787189020504003167e+01 2.274953809328744825e+01 8.172349055212816893e+01 3.701508705472132021e+01 -7.263914888374915613e+00 -9.164869947996290023e+01 -4.447698614029563657e+01 -3.148701750238954133e+01 3.781443965239316185e+01 -7.564700116539735575e+01 -6.500988349736960004e+01 -2.875024207809065313e+00 2.864821897499288283e+01 5.326114641780526959e+00 1.069568277145511388e+02 -2.137535823020553138e+01 -1.110445695414519918e+02 5.578660244201378049e+01 1.565820922428709849e+01 6.622908684443380878e+01 -3.434583968065697235e+01 -5.796547103105451271e+01 5.344422487809237232e+00 2.023563662002657892e+01
1.836348961002195779e+01 2.332755067652965408e+01 9.890086005253383661e+00 4.274278958751343005e+00 7.922121448164076263e+00 3.473430181940218464e+00 3.259017516207574960e+00 6.803918014999239539e+00 2.362791642047733021e+01 -1.948562298698695683e+00 1.612951246737768018e+00 -2.061980365059973153e+01 1.280702362051859211e+01 -3.146855014455192112e+00 -1.776210851204135821e+01 -4.560071826788973048e+00 -1.680031032025175719e+01 4.027616745081347815e+00 -2.932493139045411756e-01 3.150628479043234176e+00 -7.000201636197870059e+00 -1.797019036978966966e+01 -1.696993837512120606e+01 5.406589358196296491e-01 1.186100521667780505e+01 -7.128422243751003862e+00 -3.243292264390077229e+00 9.377434431034188833e+00 1.549259890116938543e+01 -1.872947814603311167e+00 -4.196744063053055029e+00 1.016566212978703554e+01 1.092708486310343396e-01 4.184652571192173376e+00 -1.322561600909752677e+01 2.023281190503608684e+01 2.001770829914085326e+01 9.431823943965909507e+00 -2.789136828717630134e+00 -1.613808711511190097e+00 3.918468918369216514e+00 1.380735242408642804e+01 -4.529860620062322596e+00 4.241544512604728645e+00 -7.020072053483720431e+00 7.041413836235381751e+00 4.122480431153319635e+00 4.574087450300728719e+00 2.480831719829327398e+01 1.162793118204955789e+01 -7.103376859417968037e-01 -8.602715136747702829e+00 1.172799165804403643e+01 -4.557609746813095164e+00 9.883224214434703114e+00 8.789554636805153365e+00 1.236684101458358143e+01 3.318061397152373804e+00 -1.076639510789144261e+01 -7.177436415381472479e+00 -3.684977622109191220e+00 -2.314539012735025381e+01 -1.149617987772485783e+01 1.606246187709989570e+01 -4.088548436217546711e-01 -1.786142136602912434e+00 2.251907827870507006e+01 -2.491850069113597854e+00 6.663689724063646125e+00 -7.682652291428003544e+00 9.475776029004528311e+00 -4.855340728362214975e+00 -1.771650947060853798e-01 -4.399317694602633555e-01 -4.825965513878691659e+00 6.585751612433823343e-01 -6.217810283265676752e+00 -5.135229099794585750e+00 -1.203567756909493625e+01 -2.154822405277209185e+01 -6.635515791875839398e+00 -3.100005562525126379e+00 1.199546773238450825e+01 -1.526521123034181215e+01 1.477813603206769466e+00 7.232163938321643393e+00 -1.647810694790562280e+01 -5.276115706269144390e+00 -2.015650159137869579e+01 9.204730545926331775e-01 4.154064519148875867e+00 4.058605288542074696e+00 5.139770881480870912e+00 2.149109782868663743e+01 -7.203926646655259169e+00 6.337951642630765825e+00 7.180869361330706191e+00 -5.007421533843615435e+00 -1.415324070369351483e+00 6.068273514935250468e+00
4.165537169348570323e+00 1.944112493877291570e+01 -1.575622097095498830e+00 1.499485788318168700e+00 1.266665003876221496e+00 1.555302242337713281e+01 -8.891043755872869880e+00 8.998682816764018710e+00 -1.513980992792683899e+01 1.595601896110057893e+01 3.936588887170798134e+00 -3.621622723462322835e+00 1.251654757201260715e+01 -1.091516257943058221e+01 2.030738499549882903e+01 -1.304125345735468144e+01 -2.214424428022813363e+00 -5.317454905182737335e+00 4.458857742375626820e+00 -6.603580654091842028e+00 -3.742629035167209572e+00 1.847051803724080177e+00 4.817554792575793776e+00 7.589529838955305863e+00 -1.285430094951315994e+01 -9.064691615175368256e+00 5.845954986240000650e-01 4.847404570081934594e+00 1.973604101836707159e+01 -1.114634649403107147e+01 1.272537539674175022e+01 3.709008603145789618e+00 1.859049185754778222e+01 1.960336785390418513e+01 1.009109934456236246e+01 -4.305736715014417015e+00 1.541207754239090200e+01 -8.965262061281926265e+00 8.353027483533594477e+00 6.393294073848052150e+00 -1.144435590592768115e+01 -7.230352676225640707e+00 1.925047541325081468e+01 -8.014599277076449368e+00 3.309384816650853267e-01 6.002200708289631592e+00 -1.137844555040353889e+01 1.734997223601870697e+00 9.832001425479157675e+00 -1.369831670187640071e+01 1.783560834519177618e+01 -1.024601954427571293e+00 -1.124186540342470764e+01 -5.184442492939328240e+00 9.114160852041003347e-01 -1.041196580286424656e+01 3.299321115342179755e+00 8.919414484542938837e+00 7.095135172694797987e+00 -4.741922643805017934e+00 -1.431275667623957482e+01 6.508610124897886706e+00 5.429952353605590476e-01 -1.345842445687216937e+01 -1.215947485125216687e+01 8.033978473593535341e+00 1.391313564218340915e+01 1.144704704909668180e+01 -1.683211136643030414e+01 2.913849299642789603e+00 3.302648148190370225e+00 -9.831253782909506356e+00 3.946931502162211114e+00 -9.950988472521757444e+00 5.012031353659750721e+00 1.629273020411741824e+00 -2.476670136413597234e+00 -5.651034189535166341e+00 8.132201413613177721e+00 4.437158688968385611e+00 -4.135948514168703127e+00 -3.216734868899340238e+00 1.123867651127885203e+01 5.424070117932472179e+00 -3.324119383376360926e+00 -7.553465092623731891e+00 6.353893519080946461e+00 -6.207043833530368815e+00 1.965300550299051041e+00 -3.236245112245095701e+00 -2.886256863150480712e+01 -6.790987594232927194e+00 -1.208669175452765199e+00 -1.150663882281348194e+00 1.599335120980131819e+01 -1.088087893313942622e+01 1.355184147051495991e+01 2.398352653746241714e+01 1.183477921386082343e+01 -4.158139863370645450e+00
1.018851121226080103e+01 -1.017338238093298486e+01 -1.074421942600180868e+00 1.513861300931133336e+01 4.620660571608382838e+00 -2.135690880526778468e+00 -2.657635796092182545e+01 -7.725683029873135155e+00 4.763388169732689637e-01 1.529576340443820648e+01 -9.241613218107307404e+00 1.627523462689973721e+00 -4.032143489946213855e+00 -1.478211501049385745e+01 -5.305457026992998593e+00 8.093489356769341114e+00 -9.321630869929499852e+00 -1.229019285143834139e+01 6.925439889331099774e-01 -3.776661293920715146e+00 -8.464527822611644936e+00 -4.182641751855050494e+00 -9.444868195522694521e+00 1.342661377703130432e+00 4.188210676751371153e+00 -6.025543261492229519e+00 -1.212894345967873200e+01 -1.599197980916577677e+01 1.227100190056401630e+01 1.097645401906116724e+01 2.168100028660361556e+00 7.356457074672846375e+00 1.321097103920735316e+00 -1.402997018295719478e+01 -1.221196865446750834e+01 -7.780907861762418776e+00 1.944115164531067919e+01 1.988352362616716817e+01 9.859889436131362928e+00 9.599578753871831793e+00 3.104611774076536879e+00 -1.557666484593680511e+00 6.998400093204158345e+00 5.613292650340165224e+00 -6.619130196223574458e+00 -2.168373846597348109e+00 -1.552372641998807623e+01 6.610360115709533524e+00 -9.502383068232436614e+00 -4.805000636984878781e+00 -7.752750420501938855e+00 -6.906699216343167080e+00 -1.194503212147874294e+01 2.008617022835254673e+01 -1.275659885706457430e+01 -1.608070067400018033e+01 9.585684573957809818e+00 -6.777021754773587148e+00 -8.363386885598183440e+00 1.811525464483663972e-01 -6.699913711485501189e+00 -1.667724932880978983e+01 -7.698668049399300273e+00 2.779937443683046627e+00 5.447164720070015953e+00 8.573197810981550759e+00 -3.843209180943345959e+00 6.821116399547486608e+00 -2.532332985035396500e-01 -1.021881695153643577e+00 8.184301870392955536e+00 -4.268636177055454617e+00 2.351913604743089792e+01 -3.601604702557510862e+00 -1.603933475889470728e+01 2.416852566981035011e+00 -1.482412638696110641e+01 4.330679665873549133e+00 1.555736176722108688e+01 7.046388304621073573e+00 -1.382710254713057418e+00 -1.744674982948279407e+01 -8.466879416071456887e+00 -5.994089169514364990e+00 7.198531523784306607e+00 -1.440060427842043467e+01 -1.237562534055508756e+01 -5.473237638625566559e-01 5.453645487942471171e+00 1.013908212819002230e+00 2.036096093615163483e+01 -4.069015254116769675e+00 -2.113908817409124907e+01 1.061986749827687504e+01 2.980786966715495812e+00 1.260773965095937221e+01 -6.538270463796004073e+00 -1.103465383582760673e+01 1.017413741575587505e+00 3.852163896941651178e+00
1.764018354368324992e+00 2.240876218222695559e+00 9.500499242010740364e-01 4.105925802444698736e-01 7.610053496290324349e-01 3.336605647945058983e-01 3.130657151882605960e-01 6.535896391121016613e-01 2.269728240362565153e+00 -1.871813660717182026e-01 1.549415030435498941e-01 -1.980763366157482608e+00 1.230255877079676763e+00 -3.022893272186529257e-01 -1.706251293711993577e+00 -4.380418819847433642e-01 -1.613855687985310983e+00 3.868980943439519482e-01 -2.816753123078109128e-02 3.026902293485604911e-01 -6.724475994381932109e-01 -1.726235234513206374e+00 -1.630149264378602636e+00 5.193473301935416092e-02 1.139382738837446452e+00 -6.847582009229311595e-01 -3.115560319572695525e-01 9.008070000314398751e-01 1.488239942551377260e+00 -1.799168101100849793e-01 -4.031391974165640102e-01 9.765066106405584367e-01 1.049606491866453099e-02 4.019828367728158769e-01 -1.270469709814612047e+00 1.943588422683100836e+00 1.922928421576274749e+00 9.060330386622004184e-01 -2.679137817662333165e-01 -1.550277801089631757e-01 3.764116194851039876e-01 1.326348515385018301e+00 -4.351434394371508918e-01 4.074465040248239633e-01 -6.743636331140453466e-01 6.764037402723377390e-01 3.960125316149702979e-01 4.393939852301857463e-01 2.383119462540144617e+00 1.116992303024138433e+00 -6.823499539300198480e-02 -8.263798270594958639e-01 1.126602738512621160e+00 -4.378088889676373663e-01 9.493924468872924072e-01 8.443325947062009229e-01 1.187966584699085226e+00 3.187399153902419902e-01 -1.034234453691954325e+00 -6.894603641881228429e-01 -3.539825166384086841e-01 -2.223375908529583445e+00 -1.104331463075950870e+00 1.542977754900358489e+00 -3.927369111897282411e-02 -1.715860281807163046e-01 2.163212013005679779e+00 -2.393691439820987421e-01 6.401223796273042277e-01 -7.380021937582390557e-01 9.102725856639096724e-01 -4.664096508128598995e-01 -1.701840948553338603e-02 -4.226115972513408425e-02 -4.635880805484968725e-01 6.326404317349783313e-02 -5.972872933329740341e-01 -4.932933074205923529e-01 -1.156161535105931781e+00 -2.069948184802846480e+00 -6.374135867303668546e-01 -2.977911682289596240e-01 1.152296589493205126e+00 -1.466393707649988665e+00 1.419625067603456081e-01 6.947290410530351235e-01 -1.582905964600725968e+00 -5.068344807162101784e-01 -1.936260101720976845e+00 8.842198674912143952e-02 3.990454318331775885e-01 3.898323819594864958e-01 4.937324515265513747e-01 2.064461454247272343e+00 -6.920139041930298829e-01 6.088308651868699073e-01 6.898023110772382172e-01 -4.810189726121312237e-01 -1.359597942911648372e-01 5.829221075481961778e-01
4.001457704594809650e-01 1.867540294186409433e+00 -1.513564668931679513e-01 1.440426747949818120e-01 1.216782490423428120e-01 1.494039853907068949e+00 -8.540850472476567701e-01 8.644249172166685868e-01 -1.454349934726050009e+00 1.532754736263048700e+00 3.781529726698695248e-01 -3.478957180629644874e-01 1.202353759946073630e+00 -1.048521451028735285e+00 1.950753885857575032e+00 -1.252755506187245071e+00 -2.127170418728407675e-01 -5.108020785590965396e-01 4.283230042138242433e-01 -6.343552232447489114e-01 -3.595163994758517889e-01 1.774313983195999755e-01 4.627812788342045014e-01 7.290556951485630544e-01 -1.234798674160590304e+00 -8.707618459745918305e-01 5.615547612667880217e-02 4.656461607668315739e-01 1.895870148848452397e+00 -1.070730947939518618e+00 1.222413095913997605e+00 3.562782572828232519e-01 1.785822151921466094e+00 1.883124119226409210e+00 9.693598300907592114e-01 -4.136147363343370964e-01 1.480505417770967336e+00 -8.612144831073890172e-01 8.023938209735593796e-01 6.141631538265593937e-01 -1.099354020819712341e+00 -6.945564939477225641e-01 1.849222290901739951e+00 -7.698899391379731005e-01 3.178248473670659130e-02 5.765781905534216323e-01 -1.093024127897402886e+00 1.666649933566556885e-01 9.444760299603471854e-01 -1.315875245613922662e+00 1.713309411977288033e+00 -9.841927720996725137e-02 -1.079906001403629023e+00 -4.980237811901380152e-01 8.755212341298486411e-02 -1.000183582595799647e+00 3.169366870224376020e-01 8.568084905742586743e-01 6.815641580404255828e-01 -4.555128516090077295e-01 -1.374895319470951005e+00 6.252257786611441492e-01 5.216010199175213219e-02 -1.292832050266460309e+00 -1.168049935331216371e+00 7.717489772746746191e-01 1.336514101090683138e+00 1.099612478300913132e+00 -1.616909881187295062e+00 2.799055174140074320e-01 3.172650250666274041e-01 -9.443965604207543718e-01 3.791473541182968088e-01 -9.558990758248311348e-01 4.814595131843220077e-01 1.565111378579591705e-01 -2.379107867391659081e-01 -5.428437757556395793e-01 7.811899494395273535e-01 4.262363197281062166e-01 -3.973119814310874243e-01 -3.090025936326279421e-01 1.079600977470987822e+00 5.210401006279450353e-01 -3.193181223414672254e-01 -7.255969624009362962e-01 6.103614436856590331e-01 -5.962466647272759435e-01 1.887918753708870967e-01 -3.108769708101247753e-01 -2.772578718002928433e+00 -6.523411415197724050e-01 -1.161070664357940069e-01 -1.105332491550961721e-01 1.536338618010676393e+00 -1.045229354439394687e+00 1.301802745424770480e+00 2.303888349210696962e+00 1.136861450503227733e+00 -3.994346952208709389e-01
9.787205800923396426e-01 -9.772686314184673151e-01 -1.032089177272431518e-01 1.454230435170821512e+00 4.438683344114542906e-01 -2.051574988670496480e-01 -2.552959195610447374e+00 -7.421356879568381526e-01 4.575767150315784154e-02 1.469328682788873630e+00 -8.877585352897287008e-01 1.563409917398952131e-01 -3.873350268634647708e-01 -1.419986661574277331e+00 -5.096496281634613768e-01 7.774690331297419155e-01 -8.954462991298172136e-01 -1.180610523290081426e+00 6.652869905060827815e-02 -3.628017121322977268e-01 -8.131088759565582302e-01 -4.017927006488520303e-01 -9.072859588957088439e-01 1.289770722342239717e-01 4.023225559329478562e-01 -5.788172337462639261e-01 -1.165119179036220975e+00 -1.536207202231823388e+00 1.178768816389682783e+00 1.054407013581746710e+00 2.082700868025331165e-01 7.066918055962697620e-01 1.269054418405581308e-01 -1.347735851125841045e+00 -1.173095090257396222e+00 -7.474436779528084163e-01 1.867543175885762574e+00 1.910035885202979511e+00 9.471364465814028355e-01 9.221384470804173672e-01 2.982326931390917313e-01 -1.496311930627548248e-01 6.722730797070131104e-01 5.392156462039158216e-01 -6.358429159817270415e-01 -2.082968910364293991e-01 -1.491227076251161021e+00 6.349949323069178364e-01 -9.128111410614396792e-01 -4.615736584908828877e-01 -7.447378698369202521e-01 -6.634656540076586673e-01 -1.147455237081045132e+00 1.929502304939877400e+00 -1.225414236819023062e+00 -1.544728917361108067e+00 9.208063605486220826e-01 -6.510077900445575549e-01 -8.033972653550689458e-01 1.738643504633513928e-02 -6.436006926185598997e-01 -1.602037988210140096e+00 -7.395419617678435920e-01 2.670437206936066565e-01 5.232599340784787056e-01 8.235639691997879153e-01 -3.691848592138074481e-01 6.552431229258873779e-01 -2.432593372231071568e-02 -9.816605986823545571e-02 7.861699801742200178e-01 -4.100518657499832575e-01 2.259277857698557934e+00 -3.459742269104278956e-01 -1.540755328108852407e+00 2.321635378938900762e-01 -1.424020890106032722e+00 4.160038528677020842e-01 1.494458952130100160e+00 6.768822122645709038e-01 -1.328142056964724260e-01 -1.675952032939323821e+00 -8.133363437332471468e-01 -5.758036707431523071e-01 6.914942200276044115e-01 -1.383339265974524057e+00 -1.188813269363371061e+00 -5.257860059869855218e-02 5.238841097879533004e-01 9.739699888140695982e-02 1.955902387117260943e+00 -3.908601824470678832e-01 -2.030645662068581991e+00 1.020157698602862206e+00 2.863378376248926771e-01 1.211112736523068500e+00 -6.280736283520753638e-01 -1.060003060123331675e+00 9.773611329780214352e-02 3.700423176170992146e-01
