# 
#                 ----------------------------------------------------
#                 Data from a 3D direct N-body simulation. 
# 
#                 rows are i-particle; 
#                 coumns are :mass, tag, x ,y, z, vx, vy, vz, ax, ay, az
# 
#                 NTHU, Computational Physics Lab
# 
#                 ----------------------------------------------------
#                 Time = 1.8000000000000014
1.000000000000000000e+00 2.000000000000000000e+00 3.000000000000000000e+00 4.000000000000000000e+00 5.000000000000000000e+00 6.000000000000000000e+00 7.000000000000000000e+00 8.000000000000000000e+00 9.000000000000000000e+00 1.000000000000000000e+01 1.100000000000000000e+01 1.200000000000000000e+01 1.300000000000000000e+01 1.400000000000000000e+01 1.500000000000000000e+01 1.600000000000000000e+01 1.700000000000000000e+01 1.800000000000000000e+01 1.900000000000000000e+01 2.000000000000000000e+01 2.100000000000000000e+01 2.200000000000000000e+01 2.300000000000000000e+01 2.400000000000000000e+01 2.500000000000000000e+01 2.600000000000000000e+01 2.700000000000000000e+01 2.800000000000000000e+01 2.900000000000000000e+01 3.000000000000000000e+01 3.100000000000000000e+01 3.200000000000000000e+01 3.300000000000000000e+01 3.400000000000000000e+01 3.500000000000000000e+01 3.600000000000000000e+01 3.700000000000000000e+01 3.800000000000000000e+01 3.900000000000000000e+01 4.000000000000000000e+01 4.100000000000000000e+01 4.200000000000000000e+01 4.300000000000000000e+01 4.400000000000000000e+01 4.500000000000000000e+01 4.600000000000000000e+01 4.700000000000000000e+01 4.800000000000000000e+01 4.900000000000000000e+01 5.000000000000000000e+01 5.100000000000000000e+01 5.200000000000000000e+01 5.300000000000000000e+01 5.400000000000000000e+01 5.500000000000000000e+01 5.600000000000000000e+01 5.700000000000000000e+01 5.800000000000000000e+01 5.900000000000000000e+01 6.000000000000000000e+01 6.100000000000000000e+01 6.200000000000000000e+01 6.300000000000000000e+01 6.400000000000000000e+01 6.500000000000000000e+01 6.600000000000000000e+01 6.700000000000000000e+01 6.800000000000000000e+01 6.900000000000000000e+01 7.000000000000000000e+01 7.100000000000000000e+01 7.200000000000000000e+01 7.300000000000000000e+01 7.400000000000000000e+01 7.500000000000000000e+01 7.600000000000000000e+01 7.700000000000000000e+01 7.800000000000000000e+01 7.900000000000000000e+01 8.000000000000000000e+01 8.100000000000000000e+01 8.200000000000000000e+01 8.300000000000000000e+01 8.400000000000000000e+01 8.500000000000000000e+01 8.600000000000000000e+01 8.700000000000000000e+01 8.800000000000000000e+01 8.900000000000000000e+01 9.000000000000000000e+01 9.100000000000000000e+01 9.200000000000000000e+01 9.300000000000000000e+01 9.400000000000000000e+01 9.500000000000000000e+01 9.600000000000000000e+01 9.700000000000000000e+01 9.800000000000000000e+01 9.900000000000000000e+01 1.000000000000000000e+02
2.000000000000000111e-01 2.000000000000000111e-01 2.000000000000000111e-01 2.000000000000000111e-01 2.000000000000000111e-01 2.000000000000000111e-01 2.000000000000000111e-01 2.000000000000000111e-01 2.000000000000000111e-01 2.000000000000000111e-01 2.000000000000000111e-01 2.000000000000000111e-01 2.000000000000000111e-01 2.000000000000000111e-01 2.000000000000000111e-01 2.000000000000000111e-01 2.000000000000000111e-01 2.000000000000000111e-01 2.000000000000000111e-01 2.000000000000000111e-01 2.000000000000000111e-01 2.000000000000000111e-01 2.000000000000000111e-01 2.000000000000000111e-01 2.000000000000000111e-01 2.000000000000000111e-01 2.000000000000000111e-01 2.000000000000000111e-01 2.000000000000000111e-01 2.000000000000000111e-01 2.000000000000000111e-01 2.000000000000000111e-01 2.000000000000000111e-01 2.000000000000000111e-01 2.000000000000000111e-01 2.000000000000000111e-01 2.000000000000000111e-01 2.000000000000000111e-01 2.000000000000000111e-01 2.000000000000000111e-01 2.000000000000000111e-01 2.000000000000000111e-01 2.000000000000000111e-01 2.000000000000000111e-01 2.000000000000000111e-01 2.000000000000000111e-01 2.000000000000000111e-01 2.000000000000000111e-01 2.000000000000000111e-01 2.000000000000000111e-01 2.000000000000000111e-01 2.000000000000000111e-01 2.000000000000000111e-01 2.000000000000000111e-01 2.000000000000000111e-01 2.000000000000000111e-01 2.000000000000000111e-01 2.000000000000000111e-01 2.000000000000000111e-01 2.000000000000000111e-01 2.000000000000000111e-01 2.000000000000000111e-01 2.000000000000000111e-01 2.000000000000000111e-01 2.000000000000000111e-01 2.000000000000000111e-01 2.000000000000000111e-01 2.000000000000000111e-01 2.000000000000000111e-01 2.000000000000000111e-01 2.000000000000000111e-01 2.000000000000000111e-01 2.000000000000000111e-01 2.000000000000000111e-01 2.000000000000000111e-01 2.000000000000000111e-01 2.000000000000000111e-01 2.000000000000000111e-01 2.000000000000000111e-01 2.000000000000000111e-01 2.000000000000000111e-01 2.000000000000000111e-01 2.000000000000000111e-01 2.000000000000000111e-01 2.000000000000000111e-01 2.000000000000000111e-01 2.000000000000000111e-01 2.000000000000000111e-01 2.000000000000000111e-01 2.000000000000000111e-01 2.000000000000000111e-01 2.000000000000000111e-01 2.000000000000000111e-01 2.000000000000000111e-01 2.000000000000000111e-01 2.000000000000000111e-01 2.000000000000000111e-01 2.000000000000000111e-01 2.000000000000000111e-01 2.000000000000000111e-01
7.846563297260304104e+00 9.967590137429471753e+00 4.226007106817012193e+00 1.826357485441036932e+00 3.385105527604119757e+00 1.484188050768664224e+00 1.392539052290382440e+00 2.907302860646335141e+00 1.009595897133249842e+01 -8.326009507940880239e-01 6.892087149219739972e-01 -8.810652768378014699e+00 5.472364012047675530e+00 -1.344646005295251134e+00 -7.589558587826553016e+00 -1.948548033558742620e+00 -7.178661434330202873e+00 1.720957802145989035e+00 -1.253431034604578498e-01 1.345600618336697973e+00 -2.991126452085751897e+00 -7.678549886265357394e+00 -7.251160814819079370e+00 2.310463897405409250e-01 5.068095512819505544e+00 -3.046024129355459742e+00 -1.385804302048414982e+00 4.006904205538907249e+00 6.619809451532725042e+00 -8.003076435037890235e-01 -1.793318194381036568e+00 4.344023570449067506e+00 4.670115616241234113e-02 1.788063077704685089e+00 -5.651167420590772039e+00 8.645295549417964409e+00 8.553330377469206880e+00 4.030121775866862599e+00 -1.192014057122101622e+00 -6.895081070655992850e-01 1.674347412526803636e+00 5.899798081792925863e+00 -1.935575908138664092e+00 1.812397206242454484e+00 -2.999492471470413424e+00 3.008783259545128708e+00 1.761462748377290666e+00 1.954438253335649689e+00 1.060032496921884260e+01 4.968523314987872475e+00 -3.035362894447593551e-01 -3.675988589523772276e+00 5.011303880486035034e+00 -1.947435689471239240e+00 4.223046407270607538e+00 3.755742156741729953e+00 5.284360622720481793e+00 1.417727262909888486e+00 -4.600356532519136010e+00 -3.067073682574677829e+00 -1.574572647348049248e+00 -9.889784554875317824e+00 -4.912306928107226689e+00 6.863373839065355142e+00 -1.747239541615957514e-01 -7.630813557190255780e-01 9.622160721476515022e+00 -1.064761772265397921e+00 2.847329032060981202e+00 -3.282773261738971993e+00 4.048603080471509408e+00 -2.074647195421907231e+00 -7.570589817804990185e-02 -1.879654297795051998e-01 -2.062091168237431216e+00 2.813943064550799011e-01 -2.656866565174412109e+00 -2.194288254996628496e+00 -5.142738982627693467e+00 -9.207364659387271999e+00 -2.835331244877103085e+00 -1.324588972834955802e+00 5.125597816248900429e+00 -6.522701940069052462e+00 6.314229424401927027e-01 3.090261339976840382e+00 -7.040960761903675369e+00 -2.254360329971563104e+00 -8.612652148898801485e+00 3.933057763844168830e-01 1.774977298199434061e+00 1.734926831483005971e+00 2.196179953270928298e+00 9.182939992952432462e+00 -3.078240878242464618e+00 2.708156470763576795e+00 3.068331815988931233e+00 -2.139625547231513103e+00 -6.047198937846073319e-01 2.592979492530827379e+00
1.779909263520615514e+00 8.306975835323475721e+00 -6.732437815888031585e-01 6.407122224147969725e-01 5.412193842924593046e-01 6.645704107254370996e+00 -3.799051198367636495e+00 3.845045562954996221e+00 -6.469077467540428117e+00 6.817857167755766667e+00 1.682077442214094942e+00 -1.547516259745674416e+00 5.348222860646283827e+00 -4.663988443749448543e+00 8.677127677447863618e+00 -5.572461532516412852e+00 -9.462590719157718544e-01 -2.272084115054451736e+00 1.905233818365558385e+00 -2.821525265083224543e+00 -1.599278278999333391e+00 7.892049502320787058e-01 2.058477755528178132e+00 3.243000771621750822e+00 -5.492543239030269753e+00 -3.873318370588145765e+00 2.498176187374757384e-01 2.071275572489796435e+00 8.432993201887949652e+00 -4.762742234726201396e+00 5.437468820673015735e+00 1.585058537918592414e+00 7.943598954923285937e+00 8.376325204207022423e+00 4.311892762843068105e+00 -1.839794193743700790e+00 6.585395616655901563e+00 -3.830765107419502158e+00 3.569311449550148119e+00 2.731529003945011969e+00 -4.890148767251337070e+00 -3.089462624093816778e+00 8.225581272718109460e+00 -3.424602328271167284e+00 1.415418697440354034e-01 2.564693734738835218e+00 -4.861959538990234364e+00 7.413646027304389152e-01 4.201088957313577232e+00 -5.853193815287329294e+00 7.621004949318059829e+00 -4.378926764443814568e-01 -4.803567029114573117e+00 -2.215265657061631810e+00 3.894330705917891100e-01 -4.448980085521847094e+00 1.409771400637428007e+00 3.811206048576088801e+00 3.031739934283070870e+00 -2.026214167872439020e+00 -6.115803128176026782e+00 2.781055792796409243e+00 2.320285273339603160e-01 -5.750670427100970095e+00 -5.195700168835752031e+00 3.432926601494453500e+00 5.944931029104347786e+00 4.891299643204399139e+00 -7.192260943534747319e+00 1.245101918098930893e+00 1.411043338235750788e+00 -4.200900690233599022e+00 1.686482043880777715e+00 -4.252050979189169411e+00 2.141634455754387822e+00 6.961529287957598511e-01 -1.058278175737783933e+00 -2.414659501991494039e+00 3.474801083597841789e+00 1.896000542186828008e+00 -1.767120012035474197e+00 -1.374496059520464053e+00 4.802182066523546844e+00 2.317700947354869978e+00 -1.420379758566107320e+00 -3.227493053380352084e+00 2.714982306140284685e+00 -2.652375726185868920e+00 8.397082525672434627e-01 -1.382829186016292899e+00 -1.233261892747116306e+01 -2.901887098131666232e+00 -5.164388622241234961e-01 -4.916838890433706255e-01 6.833848327612629170e+00 -4.649318226702716217e+00 5.790639076839932287e+00 1.024791186410688049e+01 5.056923453663694445e+00 -1.776756713130770438e+00
4.353460262866898134e+00 -4.346972781824763210e+00 -4.591139224069281655e-01 6.468643587883066814e+00 1.974330313532713044e+00 -9.125535458978955017e-01 -1.135579955965858190e+01 -3.301161456136421979e+00 2.035354328463281071e-01 6.535754952318292510e+00 -3.948891585906619373e+00 6.954410523113008225e-01 -1.722856231959970286e+00 -6.316283421501879936e+00 -2.266956152806840930e+00 3.458297320999858204e+00 -3.983062309812123836e+00 -5.251492034295145217e+00 2.958819701237450084e-01 -1.613543645926260872e+00 -3.616882593881686869e+00 -1.787151985677547961e+00 -4.035697634583480742e+00 5.737173283267124058e-01 1.789619039162866576e+00 -2.574723879990718611e+00 -5.182617922118023301e+00 -6.833256808030876428e+00 5.243261061724415306e+00 4.690214883966977055e+00 9.264132375626330518e-01 3.142976374532015615e+00 5.645055150014745005e-01 -5.994879384761708785e+00 -5.218086788930313524e+00 -3.324706632973546849e+00 8.306981823476828453e+00 8.496038982176065346e+00 4.213323093948220688e+00 4.101961709486338314e+00 1.326573514373533547e+00 -6.655789885344576273e-01 2.990381728069575917e+00 2.398578016695229742e+00 -2.828272378219109928e+00 -9.265216482168155965e-01 -6.633161635557643265e+00 2.824619644948044073e+00 -4.060269201857397370e+00 -2.053141824254743675e+00 -3.312691854248602574e+00 -2.951173540795821726e+00 -5.103986201364524078e+00 8.582629023652739164e+00 -5.450779838847192416e+00 -6.871182174487435290e+00 4.095980194633589200e+00 -2.895778813129590290e+00 -3.573595508440700286e+00 7.766709295825788284e-02 -2.862831341844728428e+00 -7.126015347401515321e+00 -3.289594783138551470e+00 1.187849364608250191e+00 2.327546115134262461e+00 3.663039921001936428e+00 -1.642141917520739458e+00 2.914627806150561717e+00 -1.082036508619562826e-01 -4.365915506273035929e-01 3.497488071063767912e+00 -1.823923435862145226e+00 1.004949197379033166e+01 -1.538937632561971247e+00 -6.853505687623676401e+00 1.032737549476630212e+00 -6.334259112182599516e+00 1.850570993956621946e+00 6.647519586495404198e+00 3.010898193914191445e+00 -5.910014289119074338e-01 -7.454903433666134838e+00 -3.617860469968178005e+00 -2.561147414504281183e+00 3.075959980875340616e+00 -6.153250439549759143e+00 -5.288065188109386305e+00 -2.338318528352013037e-01 2.330287417453356102e+00 4.332380379782952429e-01 8.699987062335784671e+00 -1.738898795029288458e+00 -9.032552094599159531e+00 4.537766094871525269e+00 1.273665925828913803e+00 5.387206324052461248e+00 -2.793752680683131651e+00 -4.714992213833975043e+00 4.346952922485577409e-01 1.646015218629048427e+00
4.956946323921278541e+00 6.296889523278005996e+00 2.669702285971649047e+00 1.153774688144302285e+00 2.138477178206640517e+00 9.376083537636835663e-01 8.797178591266002767e-01 1.836633525954493917e+00 6.377978849772594216e+00 -5.259836393845433999e-01 4.353951627515064149e-01 -5.565998374184410125e+00 3.457075071012444489e+00 -8.494546297265014312e-01 -4.794596571280830943e+00 -1.230949905769210151e+00 -4.535002387157564208e+00 1.087190736905867094e+00 -7.917443605110772997e-02 8.502073508824713466e-01 -1.889598447208084009e+00 -4.850797301803555506e+00 -4.580798488506352406e+00 1.459537747481775560e-01 3.201694399335128782e+00 -1.924254124968513890e+00 -8.754668122652685680e-01 2.531299056376948631e+00 4.181973970772528304e+00 -5.055791624041362509e-01 -1.132881949113869746e+00 2.744197035475852697e+00 2.950031382581335196e-02 1.129582283442133406e+00 -3.570044508672963968e+00 5.461536236861149973e+00 5.403450777105219593e+00 2.545971553585284486e+00 -7.529820698969403869e-01 -4.355995621325380873e-01 1.057739057801787341e+00 3.727099535977388189e+00 -1.222769351980668828e+00 1.144949371105640878e+00 -1.894911905272040453e+00 1.900742112232604031e+00 1.112785840578546903e+00 1.234693418091819206e+00 6.696606458584625443e+00 3.138787002713451013e+00 -1.917509833563885435e-01 -2.322221893217201405e+00 3.165807142403692875e+00 -1.230260945868425271e+00 2.667838453536991228e+00 2.372623526389670889e+00 3.338287914735641682e+00 8.956394093990106553e-01 -2.906212324171735695e+00 -1.937527660357963644e+00 -9.947092242293060771e-01 -6.247730182600861326e+00 -3.103254968493790233e+00 4.335826828748226447e+00 -1.103737726242559475e-01 -4.820927668046692816e-01 6.078664309025409551e+00 -6.726434552025648550e-01 1.798758618318064828e+00 -2.073832414659640300e+00 2.557714910065417957e+00 -1.310626329463502771e+00 -4.782495896511908262e-02 -1.187474028794560377e-01 -1.302695220857940761e+00 1.777686616018852583e-01 -1.678423642596506671e+00 -1.386196997942792608e+00 -3.248847570584991740e+00 -5.816613736942800372e+00 -1.791169920917720981e+00 -8.367927165573105786e-01 3.238009749391195680e+00 -4.120615635725230597e+00 3.988995945965632117e-01 1.952220983246564900e+00 -4.448017997900317155e+00 -1.424175681560658102e+00 -5.440922620279912358e+00 2.484659441630424903e-01 1.121319135253953769e+00 1.095849815792641957e+00 1.387403209274907123e+00 5.801187271879814311e+00 -1.944616963748421412e+00 1.710835620028288151e+00 1.938370028182881732e+00 -1.351676433048075276e+00 -3.820307613453545748e-01 1.638061974320141667e+00
1.124428037506011391e+00 5.247816728391526908e+00 -4.253128660051697096e-01 4.047613598647472055e-01 3.419106722806085630e-01 4.198315157431755651e+00 -2.399996203743214540e+00 2.429052187293648579e+00 -4.086748667721076700e+00 4.307080234160118870e+00 1.062625229645216551e+00 -9.776134326819437836e-01 3.378656085251629637e+00 -2.946396035113326484e+00 5.481653062926190145e+00 -3.520307163051076937e+00 -5.977723166063207971e-01 -1.435358767030661342e+00 1.203601921333814273e+00 -1.782484706015579290e+00 -1.010300295875022014e+00 4.985737631674378445e-01 1.300416965024820293e+00 2.048702664182351807e+00 -3.469827996868939390e+00 -2.446897646845390462e+00 1.578127790030441346e-01 1.308491931639833350e+00 5.327425764034200206e+00 -3.008788871440968293e+00 3.435032299563219205e+00 1.001283966682866122e+00 5.018238108615431514e+00 5.291621582156021297e+00 2.723960520551759412e+00 -1.162264245278011199e+00 4.160235321415864718e+00 -2.420030739729927660e+00 2.254827449406203943e+00 1.725663473170513385e+00 -3.089260128550380902e+00 -1.951722054022454245e+00 5.196381378538892370e+00 -2.163432823362926527e+00 8.938622701660829672e-02 1.620205051271624397e+00 -3.071458007011442781e+00 4.683423252911008139e-01 2.653983212075894826e+00 -3.697661246126362933e+00 4.814453097351465871e+00 -2.766117321980013921e-01 -3.034576946526907015e+00 -1.399460788528283262e+00 2.460200458088609154e-01 -2.810567030139171418e+00 8.906016329605705995e-01 2.407667487842943377e+00 1.915244183731689809e+00 -1.280022774740510849e+00 -3.863546002160181292e+00 1.756893574135813152e+00 1.465779044212551785e-01 -3.632898100887723913e+00 -3.282290481753804556e+00 2.168681601143346072e+00 3.755626928662134212e+00 3.089986955598938323e+00 -4.543591118284585839e+00 7.865652379161952590e-01 8.914392263083855683e-01 -2.653834377828138802e+00 1.065411121969007890e+00 -2.686150371607586962e+00 1.352936602885342898e+00 4.397888866765104487e-01 -6.685469360695419638e-01 -1.525419518654725470e+00 2.195156888223520841e+00 1.197760157290989502e+00 -1.116381948043948080e+00 -8.683139994381183779e-01 3.033707117087982574e+00 1.464162588345632177e+00 -8.973005048815824169e-01 -2.038928132632873869e+00 1.715144545328844972e+00 -1.675561657302695240e+00 5.304837801490384086e-01 -8.735791073828650388e-01 -7.790968808269845169e+00 -1.833187341569546769e+00 -3.262558195248858595e-01 -3.106103620268904630e-01 4.317173423888390538e+00 -2.937133160083400973e+00 3.658135752774673399e+00 6.473971920268777325e+00 3.194628852659279428e+00 -1.122434580307759555e+00
2.750232861558933983e+00 -2.746139750181321837e+00 -2.900330592781982242e-01 4.086456895869152284e+00 1.247261800307748469e+00 -5.764938037808930993e-01 -7.173864657603023609e+00 -2.085448528015032998e+00 1.285804191766451443e-01 4.128862058013769598e+00 -2.494645313408636600e+00 4.393310353474759178e-01 -1.088398202146233729e+00 -3.990212892655527810e+00 -1.432119568019278644e+00 2.184722325839270507e+00 -2.516236735552964010e+00 -3.317550457611214920e+00 1.869271574741280806e-01 -1.019375119110871752e+00 -2.284896190766760427e+00 -1.129018539908372087e+00 -2.549493524073167094e+00 3.624349771267282860e-01 1.130557121928469133e+00 -1.626528664881037534e+00 -3.274034277733349985e+00 -4.316801001071130628e+00 3.312357695979541106e+00 2.962955726145975355e+00 5.852468228275690132e-01 1.985612683899591113e+00 3.566150037804217132e-01 -3.787175124547015770e+00 -3.296442808892388943e+00 -2.100334667015863577e+00 5.247821747314177721e+00 5.367247655150224617e+00 2.661639529436467200e+00 2.591318936802784023e+00 8.380426948971915202e-01 -4.204690437875251985e-01 1.889122268495396550e+00 1.515249995734064381e+00 -1.786723683530526463e+00 -5.853172667279458175e-01 -4.190397235271677623e+00 1.784394556430524359e+00 -2.565017159320723827e+00 -1.297039610984356051e+00 -2.092740718127176436e+00 -1.864358835507613055e+00 -3.224370822909485401e+00 5.421949391365381565e+00 -3.443448282641047964e+00 -4.340756194966865600e+00 2.587550377522319867e+00 -1.829360564063266859e+00 -2.257566285452759836e+00 4.900527383796983438e-02 -1.808546471291226032e+00 -4.501758423867967096e+00 -2.078146792542143295e+00 7.504043688126111888e-01 1.470387354739909558e+00 2.314118347435799805e+00 -1.037404588085886648e+00 1.841266366182099823e+00 -6.835618092488704445e-02 -2.758213888283758131e-01 2.209392300511128671e+00 -1.152242240803560858e+00 6.348620859500638147e+00 -9.721997357949274665e-01 -4.329589613668949788e+00 6.524077260597399563e-01 -4.001563156770707508e+00 1.169045228979078477e+00 4.199470875372298906e+00 1.902080609334901862e+00 -3.733148656323991843e-01 -4.709508601672236949e+00 -2.285520088449595644e+00 -1.617983024494195066e+00 1.943170482320625725e+00 -3.887223102346741843e+00 -3.340639360660460078e+00 -1.477276606707750017e-01 1.472125482735687774e+00 2.736906680201101616e-01 5.496101687056624385e+00 -1.098467387028492448e+00 -5.706176812277362842e+00 2.866667313689336805e+00 8.046187478933845005e-01 3.403279220954014139e+00 -1.764909333836562899e+00 -2.978629154808981827e+00 2.746205249147583571e-01 1.039840768915780478e+00
1.764021394813982901e+00 2.240877737088516231e+00 9.500533673890259045e-01 4.105931099107669180e-01 7.610082456679938545e-01 3.336617958605862522e-01 3.130658928659414419e-01 6.535922297036684814e-01 2.269730600273842658e+00 -1.871815882511425333e-01 1.549420327949102283e-01 -1.980766327008902206e+00 1.230258990281494214e+00 -3.022905279242346088e-01 -1.706252983954296365e+00 -4.380447821391299512e-01 -1.613859459085655645e+00 3.868984880636379686e-01 -2.816884625650464824e-02 3.026705305171858984e-01 -6.724487483698763368e-01 -1.726239471564238626e+00 -1.630153655048127481e+00 5.193568704117420415e-02 1.139384343817681167e+00 -6.847628435536656788e-01 -3.115557187448798060e-01 9.008087430679820873e-01 1.488241038362339674e+00 -1.799175278530909527e-01 -4.031425749784370849e-01 9.765185079747500385e-01 1.049641876687740227e-02 4.019834205680341555e-01 -1.270471077236851709e+00 1.943591353204942029e+00 1.922929638471448488e+00 9.060340779927625876e-01 -2.679218095267905664e-01 -1.550261941113289244e-01 3.764128639581733049e-01 1.326351859051027482e+00 -4.351443439410315750e-01 4.074478755001511576e-01 -6.743608574383641585e-01 6.764063839219652818e-01 3.960120108378371584e-01 4.393937804404789982e-01 2.383121726621000303e+00 1.116994448417507169e+00 -6.823558665937930201e-02 -8.263850833084096514e-01 1.126605706821682373e+00 -4.378098868087909046e-01 9.493949836293783529e-01 8.443353126492748606e-01 1.187972240614127539e+00 3.187388178705525266e-01 -1.034235203747390308e+00 -6.894683690466469894e-01 -3.539835358285934874e-01 -2.223378345376275877e+00 -1.104336104189919121e+00 1.542981050396031062e+00 -3.927450754949549788e-02 -1.715824670609875369e-01 2.163214153987581767e+00 -2.393700414986829894e-01 6.401231977345480662e-01 -7.380047622855837597e-01 9.102641526203737454e-01 -4.664104947960710512e-01 -1.701858876760983796e-02 -4.226080112762433533e-02 -4.635887866505459809e-01 6.326386001525712011e-02 -5.972898675591573614e-01 -4.932956845522942779e-01 -1.156163404232487535e+00 -2.069951480453582793e+00 -6.374156806738930925e-01 -2.977911421360135980e-01 1.152299718049604405e+00 -1.466396446348176008e+00 1.419616708768454971e-01 6.947308391363005153e-01 -1.582908865644402807e+00 -5.068328551256735537e-01 -1.936261863721719045e+00 8.842199568048539349e-02 3.990455135681265642e-01 3.898558923789243735e-01 4.937332856874882547e-01 2.064464263520175979e+00 -6.920171194781377100e-01 6.088320252640432306e-01 6.898037290974431412e-01 -4.810197012338604527e-01 -1.359588904924484420e-01 5.829249318031406446e-01
4.001467935969988954e-01 1.867541877024705865e+00 -1.513565331870054820e-01 1.440427549653272854e-01 1.216779595964353755e-01 1.494043361958085292e+00 -8.540860036101193264e-01 8.644259261477850176e-01 -1.454351342590321616e+00 1.532756925741168397e+00 3.781538265710124302e-01 -3.478971878217612113e-01 1.202356093566854689e+00 -1.048524269889642868e+00 1.950755809774508576e+00 -1.252759071161626103e+00 -2.127191205892864923e-01 -5.108023520014827179e-01 4.283237970365199598e-01 -6.343522249899912202e-01 -3.595196886010862958e-01 1.774309280460337201e-01 4.627813657691001725e-01 7.290588146568232064e-01 -1.234801102263755723e+00 -8.707650034810878736e-01 5.615635873217701690e-02 4.656476169780813246e-01 1.895871850743098053e+00 -1.070732886443506393e+00 1.222415956195482822e+00 3.562861725478467245e-01 1.785826476068907986e+00 1.883126496510424186e+00 9.693631289574207166e-01 -4.136151159739698824e-01 1.480506256192920311e+00 -8.612154850714336396e-01 8.023994265030864881e-01 6.141556462329952337e-01 -1.099358204513928960e+00 -6.945575105535478633e-01 1.849225997435319124e+00 -7.698922768461918809e-01 3.178678933527760708e-02 5.765793198736972602e-01 -1.093027471696472519e+00 1.666657539191293003e-01 9.444763391473774972e-01 -1.315878122667180294e+00 1.713312391414868019e+00 -9.842225506886581599e-02 -1.079908282968927935e+00 -4.980245566428818105e-01 8.755204442474459614e-02 -1.000186424273032726e+00 3.169372168889176278e-01 8.568104692302674907e-01 6.815668737713251879e-01 -4.555146122260361197e-01 -1.374900326393203809e+00 6.252262860317480131e-01 5.216054751645014115e-02 -1.292834273899988284e+00 -1.168053831939578124e+00 7.717527002392484681e-01 1.336515339769037469e+00 1.099616693450404137e+00 -1.616914010382812794e+00 2.799072243321339415e-01 3.172608071823466713e-01 -9.444010060100613835e-01 3.791477460225929907e-01 -9.559031837997196135e-01 4.814614775827469328e-01 1.565107258838288606e-01 -2.379117656012962878e-01 -5.428453590333754963e-01 7.811906786250290002e-01 4.262383250914272836e-01 -3.973083811297663526e-01 -3.090035217709697912e-01 1.079602552971850704e+00 5.210423169346950489e-01 -3.193190431564693066e-01 -7.255969991142149356e-01 6.103630482715064476e-01 -5.962526955711374699e-01 1.887906869098302798e-01 -3.108777938305795074e-01 -2.772579973663714892e+00 -6.523472087418386023e-01 -1.161067866859375741e-01 -1.105339118292550521e-01 1.536342056143100043e+00 -1.045231502210946406e+00 1.301806635227974462e+00 2.303890884868415867e+00 1.136864125821161364e+00 -3.994359773085422449e-01
9.787221368216266759e-01 -9.772694586612536982e-01 -1.032098063819712891e-01 1.454234287829507144e+00 4.438678773896837515e-01 -2.051575672863989175e-01 -2.552961934466289495e+00 -7.421383119175594123e-01 4.575774715282594773e-02 1.469331373985166334e+00 -8.877609693749046738e-01 1.563417052715578570e-01 -3.873342923134658888e-01 -1.419989459092360073e+00 -5.096498565684098869e-01 7.774709402846033957e-01 -8.954481115613447395e-01 -1.180612460646625062e+00 6.652767194853448363e-02 -3.627962417704893028e-01 -8.131122222976248093e-01 -4.017916481649694838e-01 -9.072870682217134553e-01 1.289775945673827806e-01 4.023242631471689035e-01 -5.788201355831372741e-01 -1.165121921567887409e+00 -1.536210465694373584e+00 1.178769778344710861e+00 1.054411013348039994e+00 2.082705245573350517e-01 7.066811299889262932e-01 1.269060367600515771e-01 -1.347737927186423379e+00 -1.173097623032919534e+00 -7.474446738007815005e-01 1.867544587741108542e+00 1.910038485215049375e+00 9.471467951036643962e-01 9.221445541287386360e-01 2.982331831907521491e-01 -1.496314924839171334e-01 6.722750187486457030e-01 5.392186469776795166e-01 -6.358431977071701269e-01 -2.082970577673513846e-01 -1.491229805893988569e+00 6.349981978318186560e-01 -9.128121325321592039e-01 -4.615746376311548604e-01 -7.447393861743231147e-01 -6.634667844645474322e-01 -1.147456436906634902e+00 1.929504965849799136e+00 -1.225416140329088188e+00 -1.544732690586130275e+00 9.208110547674357438e-01 -6.510093823522467016e-01 -8.033983743448870340e-01 1.739474271909086794e-02 -6.436022768312141817e-01 -1.602039747388253055e+00 -7.395438434753927037e-01 2.670443600616907442e-01 5.232614301507111376e-01 8.235585994756197126e-01 -3.691845889364908651e-01 6.552449659698469375e-01 -2.432595078944410974e-02 -9.816465811656942264e-02 7.861841740449296845e-01 -4.100516706659125821e-01 2.259280638833877752e+00 -3.459749020725617630e-01 -1.540759056876080946e+00 2.321651033694279165e-01 -1.424024469608588417e+00 4.160079852010115653e-01 1.494461241263395745e+00 6.768845225247988040e-01 -1.328201562412912595e-01 -1.675956664198039014e+00 -8.133388409320057022e-01 -5.758022658543983097e-01 6.914982034100899400e-01 -1.383341474169315299e+00 -1.188817383746247236e+00 -5.257758948764630624e-02 5.238847277347081777e-01 9.739728209984716001e-02 1.955903274508788536e+00 -3.908685731264021634e-01 -2.030649133120073557e+00 1.020159041468305938e+00 2.863383609775000394e-01 1.211115648317250049e+00 -6.280748744454008881e-01 -1.060004201686425729e+00 9.773511581890104161e-02 3.700435313640655366e-01
