# 
#                 ----------------------------------------------------
#                 Data from a 3D direct N-body simulation. 
# 
#                 rows are i-particle; 
#                 coumns are :mass, tag, x ,y, z, vx, vy, vz, ax, ay, az
# 
#                 NTHU, Computational Physics Lab
# 
#                 ----------------------------------------------------
#                 Time = 9.799999999999836
1.000000000000000000e+00 2.000000000000000000e+00 3.000000000000000000e+00 4.000000000000000000e+00 5.000000000000000000e+00 6.000000000000000000e+00 7.000000000000000000e+00 8.000000000000000000e+00 9.000000000000000000e+00 1.000000000000000000e+01 1.100000000000000000e+01 1.200000000000000000e+01 1.300000000000000000e+01 1.400000000000000000e+01 1.500000000000000000e+01 1.600000000000000000e+01 1.700000000000000000e+01 1.800000000000000000e+01 1.900000000000000000e+01 2.000000000000000000e+01 2.100000000000000000e+01 2.200000000000000000e+01 2.300000000000000000e+01 2.400000000000000000e+01 2.500000000000000000e+01 2.600000000000000000e+01 2.700000000000000000e+01 2.800000000000000000e+01 2.900000000000000000e+01 3.000000000000000000e+01 3.100000000000000000e+01 3.200000000000000000e+01 3.300000000000000000e+01 3.400000000000000000e+01 3.500000000000000000e+01 3.600000000000000000e+01 3.700000000000000000e+01 3.800000000000000000e+01 3.900000000000000000e+01 4.000000000000000000e+01 4.100000000000000000e+01 4.200000000000000000e+01 4.300000000000000000e+01 4.400000000000000000e+01 4.500000000000000000e+01 4.600000000000000000e+01 4.700000000000000000e+01 4.800000000000000000e+01 4.900000000000000000e+01 5.000000000000000000e+01 5.100000000000000000e+01 5.200000000000000000e+01 5.300000000000000000e+01 5.400000000000000000e+01 5.500000000000000000e+01 5.600000000000000000e+01 5.700000000000000000e+01 5.800000000000000000e+01 5.900000000000000000e+01 6.000000000000000000e+01 6.100000000000000000e+01 6.200000000000000000e+01 6.300000000000000000e+01 6.400000000000000000e+01 6.500000000000000000e+01 6.600000000000000000e+01 6.700000000000000000e+01 6.800000000000000000e+01 6.900000000000000000e+01 7.000000000000000000e+01 7.100000000000000000e+01 7.200000000000000000e+01 7.300000000000000000e+01 7.400000000000000000e+01 7.500000000000000000e+01 7.600000000000000000e+01 7.700000000000000000e+01 7.800000000000000000e+01 7.900000000000000000e+01 8.000000000000000000e+01 8.100000000000000000e+01 8.200000000000000000e+01 8.300000000000000000e+01 8.400000000000000000e+01 8.500000000000000000e+01 8.600000000000000000e+01 8.700000000000000000e+01 8.800000000000000000e+01 8.900000000000000000e+01 9.000000000000000000e+01 9.100000000000000000e+01 9.200000000000000000e+01 9.300000000000000000e+01 9.400000000000000000e+01 9.500000000000000000e+01 9.600000000000000000e+01 9.700000000000000000e+01 9.800000000000000000e+01 9.900000000000000000e+01 1.000000000000000000e+02
2.000000000000000111e-01 2.000000000000000111e-01 2.000000000000000111e-01 2.000000000000000111e-01 2.000000000000000111e-01 2.000000000000000111e-01 2.000000000000000111e-01 2.000000000000000111e-01 2.000000000000000111e-01 2.000000000000000111e-01 2.000000000000000111e-01 2.000000000000000111e-01 2.000000000000000111e-01 2.000000000000000111e-01 2.000000000000000111e-01 2.000000000000000111e-01 2.000000000000000111e-01 2.000000000000000111e-01 2.000000000000000111e-01 2.000000000000000111e-01 2.000000000000000111e-01 2.000000000000000111e-01 2.000000000000000111e-01 2.000000000000000111e-01 2.000000000000000111e-01 2.000000000000000111e-01 2.000000000000000111e-01 2.000000000000000111e-01 2.000000000000000111e-01 2.000000000000000111e-01 2.000000000000000111e-01 2.000000000000000111e-01 2.000000000000000111e-01 2.000000000000000111e-01 2.000000000000000111e-01 2.000000000000000111e-01 2.000000000000000111e-01 2.000000000000000111e-01 2.000000000000000111e-01 2.000000000000000111e-01 2.000000000000000111e-01 2.000000000000000111e-01 2.000000000000000111e-01 2.000000000000000111e-01 2.000000000000000111e-01 2.000000000000000111e-01 2.000000000000000111e-01 2.000000000000000111e-01 2.000000000000000111e-01 2.000000000000000111e-01 2.000000000000000111e-01 2.000000000000000111e-01 2.000000000000000111e-01 2.000000000000000111e-01 2.000000000000000111e-01 2.000000000000000111e-01 2.000000000000000111e-01 2.000000000000000111e-01 2.000000000000000111e-01 2.000000000000000111e-01 2.000000000000000111e-01 2.000000000000000111e-01 2.000000000000000111e-01 2.000000000000000111e-01 2.000000000000000111e-01 2.000000000000000111e-01 2.000000000000000111e-01 2.000000000000000111e-01 2.000000000000000111e-01 2.000000000000000111e-01 2.000000000000000111e-01 2.000000000000000111e-01 2.000000000000000111e-01 2.000000000000000111e-01 2.000000000000000111e-01 2.000000000000000111e-01 2.000000000000000111e-01 2.000000000000000111e-01 2.000000000000000111e-01 2.000000000000000111e-01 2.000000000000000111e-01 2.000000000000000111e-01 2.000000000000000111e-01 2.000000000000000111e-01 2.000000000000000111e-01 2.000000000000000111e-01 2.000000000000000111e-01 2.000000000000000111e-01 2.000000000000000111e-01 2.000000000000000111e-01 2.000000000000000111e-01 2.000000000000000111e-01 2.000000000000000111e-01 2.000000000000000111e-01 2.000000000000000111e-01 2.000000000000000111e-01 2.000000000000000111e-01 2.000000000000000111e-01 2.000000000000000111e-01 2.000000000000000111e-01
1.039507463546002981e+02 1.320507578586627631e+02 5.598525142368009710e+01 2.419552193556940978e+01 4.484511807431149322e+01 1.966220312783962143e+01 1.844838627965507882e+01 3.851526092890712505e+01 1.337511129633868165e+02 -1.103027561627582998e+01 9.130502492182047902e+00 -1.167230919473638835e+02 7.249717837434778289e+01 -1.781355143675859054e+01 -1.005463865249994200e+02 -2.581351147030341764e+01 -9.510209371156629743e+01 2.279922597010656560e+01 -1.660110458768909947e+00 1.783318373954816494e+01 -3.962624670644752456e+01 -1.017244908202547578e+02 -9.606236146771443885e+01 3.060595928363040841e+00 6.714191161378631989e+01 -4.035235792622571438e+01 -1.835932923428597974e+01 5.308313506204505217e+01 8.769928843512703054e+01 -1.060228479762069043e+01 -2.375685601745216147e+01 5.754590978126384471e+01 6.185806683840970877e-01 2.368817694645875704e+01 -7.486656550438391378e+01 1.145324391879968715e+02 1.133146561411546003e+02 5.339096003075602681e+01 -1.578917799075705020e+01 -9.135180455547736500e+00 2.218144198289624924e+01 7.815977449403368382e+01 -2.564232826081417826e+01 2.401029163783850606e+01 -3.973840103027832527e+01 3.985966169334594156e+01 2.333614618076829927e+01 2.589259143265971375e+01 1.404330181495177783e+02 6.582259076302952394e+01 -4.021068895110937014e+00 -4.869796164331414445e+01 6.638907318235102650e+01 -2.579941594953200834e+01 5.594633329962636026e+01 4.975539585984876112e+01 7.000564139410968778e+01 1.878251076026578659e+01 -6.094556384236319957e+01 -4.063009277878317960e+01 -2.085969539621559221e+01 -1.310196752266928684e+02 -6.507699184941100157e+01 9.092530385998779252e+01 -2.314478997990640163e+00 -1.011054695176682117e+01 1.274742773028926877e+02 -1.410572943843673421e+01 3.772132088752376688e+01 -4.348952400561825016e+01 5.363897534281397128e+01 -2.748477363103534898e+01 -1.002896155018085267e+00 -2.490298800652956057e+00 -2.731847734788055249e+01 3.727991467261813963e+00 -3.519747036617423674e+01 -2.906926972071526194e+01 -6.813070411713937347e+01 -1.219786437041738054e+02 -3.756194268987946572e+01 -1.754824787286104737e+01 6.790319252964424379e+01 -8.641224830321506545e+01 8.365413007710639448e+00 4.093937337894445250e+01 -9.327811958672303660e+01 -2.986645572671109861e+01 -1.141003709270867290e+02 5.210536979437788041e+00 2.351498487434810158e+01 2.297655610488364886e+01 2.909485096982824359e+01 1.216552279197364328e+02 -4.077964809362938325e+01 3.587743870386359646e+01 4.064897771444876895e+01 -2.834565015652447428e+01 -8.011671932217536707e+00 3.435100606845936966e+01
2.358000667348843749e+01 1.100508121569775284e+02 -8.919154198072789086e+00 8.488169357301025286e+00 7.170206339642835047e+00 8.804152968231798582e+01 -5.032975024361243044e+01 5.093906875002284806e+01 -8.570227635511862729e+01 9.032266869529560438e+01 2.228398146147969783e+01 -2.050109884529765480e+01 7.085281114604819663e+01 -6.178786645270307787e+01 1.149544924275290043e+02 -7.382312449601809590e+01 -1.253540012329204067e+01 -3.010062302484526597e+01 2.524039187565887232e+01 -3.738074523194998022e+01 -2.118623261136085745e+01 1.045559591538324007e+01 2.727081511662381175e+01 4.296243011004247592e+01 -7.276474485296530759e+01 -5.131290471005095810e+01 3.309302380785676956e+00 2.743990020434479149e+01 1.117202581417443383e+02 -6.309645956007980772e+01 7.203496992420663503e+01 2.099629995589783249e+01 1.052358484201906492e+02 1.109692893225751789e+02 5.712311875218228607e+01 -2.437358285601099439e+01 8.724345848535236314e+01 -5.074988276492691597e+01 4.728457965099160276e+01 3.618999565301457011e+01 -6.478359303621800791e+01 -4.092905526382724446e+01 1.089717762407455126e+02 -4.536856228645370237e+01 1.873706774827662125e+00 3.397684557533056449e+01 -6.441042332113156021e+01 9.821389277815569585e+00 5.565619016776312122e+01 -7.754251541992258012e+01 1.009625555335184259e+02 -5.800228017218803878e+00 -6.363719350116199536e+01 -2.934771937171310086e+01 5.159260733479627881e+00 -5.893941445358668574e+01 1.867656282791328337e+01 5.049043400125708558e+01 4.016376890434975877e+01 -2.684282216984999181e+01 -8.102086274594648785e+01 3.684343349594947625e+01 3.073778708354010014e+00 -7.618449921888662857e+01 -6.883165415514270080e+01 4.547837745470584991e+01 7.875840792973386328e+01 6.479882942804179891e+01 -9.528214021153708302e+01 1.649461448478839642e+01 1.869500305487182956e+01 -5.565230238510597616e+01 2.234248959011091173e+01 -5.633005832678646385e+01 2.837184793460987464e+01 9.222817028797301475e+00 -1.401980692932155748e+01 -3.198902955973923312e+01 4.603414059744457631e+01 2.511766060461286898e+01 -2.341212924109836635e+01 -1.820909872148600428e+01 6.361908330221876895e+01 3.070430318979769879e+01 -1.881697132213910351e+01 -4.275802121434972491e+01 3.596771812726032636e+01 -3.513681209999063526e+01 1.112490868371730635e+01 -1.831953191243993473e+01 -1.633828987464697775e+02 -3.844235254656383916e+01 -6.841909232514149508e+00 -6.513636234557550253e+00 9.053409990785351624e+01 -6.159374059862979323e+01 7.671344509818766255e+01 1.357641353556515469e+02 6.699354279961939085e+01 -2.353815419782344875e+01
5.767439458311974221e+01 -5.758869382498878764e+01 -6.082071107810568478e+00 8.569570451871892658e+01 2.615620763976591334e+01 -1.208954450533168590e+01 -1.504414337139001248e+02 -4.373311337947797739e+01 2.696424899533598207e+00 8.658519150572155354e+01 -5.231434733778763757e+01 9.213006967386693447e+00 -2.282475663831201373e+01 -8.367758285187109379e+01 -3.003270268572772395e+01 4.581510074856883108e+01 -5.276725274436910240e+01 -6.957144845076972217e+01 3.920209111382402245e+00 -2.137815410447728581e+01 -4.791556380515183378e+01 -2.367665802782996209e+01 -5.346480567914953497e+01 7.600467773360271018e+00 2.370841191290694638e+01 -3.410912866050731651e+01 -6.865872853743302073e+01 -9.052632225733324844e+01 6.946273270361422192e+01 6.213491818206886563e+01 1.227303421570430686e+01 4.164192732088149285e+01 7.478404600549859893e+00 -7.941984477371947548e+01 -6.912869307926692386e+01 -4.404558989327357921e+01 1.100509490978817695e+02 1.125551900363545741e+02 5.581489115769689136e+01 5.434099398374566192e+01 1.757436530372831029e+01 -8.817531991291554405e+00 3.961611445094964523e+01 3.177550345968668921e+01 -3.746903748481516772e+01 -1.227456167305911094e+01 -8.787562851563652089e+01 3.741964091680662108e+01 -5.379037118389996408e+01 -2.719982387549006830e+01 -4.388624196508916953e+01 -3.909695449604704010e+01 -6.761753028652448450e+01 1.137023199023960700e+02 -7.221163740877631199e+01 -9.102858827197167102e+01 5.426222554709019619e+01 -3.836292576583835512e+01 -4.734284744810549483e+01 1.026143874431228786e+00 -3.792643836796461443e+01 -9.440531289889193545e+01 -4.358012745058650950e+01 1.573648866102226052e+01 3.083497520713389051e+01 4.852998931813658601e+01 -2.175529188347477216e+01 3.861255389990894571e+01 -1.433483118407174128e+00 -5.784464992913081360e+00 4.633018321853153765e+01 -2.416351945363141240e+01 1.331353732794230496e+02 -2.038771635952821271e+01 -9.079442391107762944e+01 1.368124550776486359e+01 -8.391546243078808232e+01 2.451509026758357024e+01 8.806599197503039989e+01 3.988779295339283948e+01 -7.827624126308386998e+00 -9.876147557407431066e+01 -4.792880481405204307e+01 -3.393071746395088439e+01 4.074917179923657784e+01 -8.151791001789240454e+01 -7.005523869485922717e+01 -3.098160001471156111e+00 3.087158789891064714e+01 5.739469686799271386e+00 1.152576842799204542e+02 -2.303423314587195136e+01 -1.196626564638165178e+02 6.011616205712088146e+01 1.687343103794749766e+01 7.136907172354023032e+01 -3.701139375635829509e+01 -6.246413281011733432e+01 5.759206873571543817e+00 2.180610556412957379e+01
1.906909695023433926e+01 2.422390116305193075e+01 1.027010597319550911e+01 4.438515990581731963e+00 8.226523586553627254e+00 3.606894407236520106e+00 3.384243802193176887e+00 7.065353869336158610e+00 2.453580771543097683e+01 -2.023434845015212868e+00 1.674927847687747162e+00 -2.141210899556794800e+01 1.329912596977874095e+01 -3.267770744736476995e+00 -1.844460902867284346e+01 -4.735288578118703740e+00 -1.744585259354204609e+01 4.182375982620156307e+00 -3.045163257329467354e-01 3.271704580774399851e+00 -7.269180675393123181e+00 -1.866068446145585824e+01 -1.762199807865599510e+01 5.614328285457473866e-01 1.231675831140253052e+01 -7.402325521776197625e+00 -3.367914677331132811e+00 9.737757230166794287e+00 1.608789487763671389e+01 -1.944914538285005712e+00 -4.357999740314408399e+00 1.055626476802361857e+01 1.134692744198579212e-01 4.345445705606569398e+00 -1.373380389233304655e+01 2.101024727262987213e+01 2.078687966715701307e+01 9.794237158906085483e+00 -2.896302337368083180e+00 -1.675819824356537424e+00 4.069033565534968311e+00 1.433789182855239019e+01 -4.703917995380543893e+00 4.404523113522254896e+00 -7.289817508131551271e+00 7.311975331009655577e+00 4.280885444062262124e+00 4.749845044496264101e+00 2.576156498216631974e+01 1.207472810217611325e+01 -7.376316838004968179e-01 -8.933267064917028932e+00 1.217863275195051997e+01 -4.732733301896394629e+00 1.026298119190894553e+01 9.127287673315429117e+00 1.284202764560731858e+01 3.445557363862624012e+00 -1.118008888898958020e+01 -7.453220557014109460e+00 -3.826570628250015815e+00 -2.403474048953185971e+01 -1.193791246061205236e+01 1.667965297739628028e+01 -4.245643196571625699e-01 -1.854776549675178687e+00 2.338436308282647857e+01 -2.587597726253320296e+00 6.919738675501550418e+00 -7.977853167634583187e+00 9.839885067541153774e+00 -5.041904588261427733e+00 -1.839724584097897908e-01 -4.568362335313335132e-01 -5.011400745741617868e+00 6.838807786052383264e-01 -6.456725199299246043e+00 -5.332546421562712524e+00 -1.249814218219369266e+01 -2.237620332502937259e+01 -6.890481225511247310e+00 -3.219122029829904807e+00 1.245638636660232734e+01 -1.585176871201919546e+01 1.534598606332917337e+00 7.510055553835115916e+00 -1.711126933228129232e+01 -5.478849499377241195e+00 -2.093100563117760160e+01 9.558418492877783779e-01 4.313682691840882377e+00 4.214538229409781067e+00 5.337263861670368037e+00 2.231688240896730235e+01 -7.480732206709229004e+00 6.581483988119850359e+00 7.456790285045714839e+00 -5.199829122520627678e+00 -1.469707988542215737e+00 6.301442356528674793e+00
4.325595477015832913e+00 2.018814105564839423e+01 -1.636164683819296028e+00 1.557102858195687389e+00 1.315336303639335291e+00 1.615063836316891610e+01 -9.232677774289118844e+00 9.344452783141337093e+00 -1.572154990110650630e+01 1.656912085450044003e+01 4.087850075807648587e+00 -3.760781009945505904e+00 1.299748907481290239e+01 -1.133457115841896723e+01 2.108768654887058602e+01 -1.354235565802978059e+01 -2.299511243722501597e+00 -5.521775736468341300e+00 4.630186943660919319e+00 -6.857322744912914381e+00 -3.886435593296893476e+00 1.918024363289349221e+00 5.002667304065625764e+00 7.881152115439747696e+00 -1.334822041795157865e+01 -9.412996351971168352e+00 6.070576886290677265e-01 5.033663033653490437e+00 2.049438907704725921e+01 -1.157463887222823296e+01 1.321434063366326761e+01 3.851519902055037470e+00 1.930482071613331740e+01 2.035661750039458795e+01 1.047884327493321521e+01 -4.471182609356493920e+00 1.600427970907601960e+01 -9.309747854019045477e+00 8.673985009090911191e+00 6.638959339172014751e+00 -1.188409751214338961e+01 -7.508175273291498364e+00 1.999016432774025986e+01 -8.322555251551447597e+00 3.436514733858094806e-01 6.232831983940865683e+00 -1.181565519987436375e+01 1.801663220560556944e+00 1.020979183730720408e+01 -1.422466679866949057e+01 1.852093210847853300e+01 -1.063969663807544208e+00 -1.167382780283430854e+01 -5.383652005023897402e+00 9.464369346091778823e-01 -1.081203923446790505e+01 3.426095789883638165e+00 9.262137879773739257e+00 7.367760834539915926e+00 -4.924127783559235638e+00 -1.486271480150018931e+01 6.758700436106201082e+00 5.638592759323252102e-01 -1.397555727585615948e+01 -1.262669482341743610e+01 8.342678062622963964e+00 1.444774128199433960e+01 1.188689203828897334e+01 -1.747887531682060924e+01 3.025811505746633490e+00 3.429554160354230774e+00 -1.020901240483338768e+01 4.098590443611681344e+00 -1.033334810077779231e+01 5.204615157941742787e+00 1.691877475762963989e+00 -2.571834450615077206e+00 -5.868171699038084554e+00 8.444677393020860734e+00 4.607653215847141936e+00 -4.294873308560338110e+00 -3.340335905883808021e+00 1.167051690147185994e+01 5.632486157064756860e+00 -3.451846631848081604e+00 -7.843703877565630478e+00 6.598038095745095255e+00 -6.445542496375603392e+00 2.040817301047480381e+00 -3.360595900153648063e+00 -2.997160011807207525e+01 -7.051924047768264536e+00 -1.255112002168313312e+00 -1.194877181608839711e+00 1.660788665526985497e+01 -1.129897067383088327e+01 1.407256256672107497e+01 2.490508187586659261e+01 1.228952379271153639e+01 -4.317913740811739842e+00
1.057999944351182187e+01 -1.056428983308274461e+01 -1.115705509242432614e+00 1.572030518143465017e+01 4.798207905603797840e+00 -2.217753880039050607e+00 -2.759754163778331204e+01 -8.022537303731136049e+00 4.946418855363397538e-01 1.588349487619510647e+01 -9.596716630994349018e+00 1.690059859025708544e+00 -4.187077501062456797e+00 -1.535010967371123769e+01 -5.509316878143074803e+00 8.404476969058423563e+00 -9.679809388666415160e+00 -1.276243705977630505e+01 7.191554690719081933e-01 -3.921781981550457097e+00 -8.789771371304812675e+00 -4.343358832645960454e+00 -9.807782578520962247e+00 1.394252206333131516e+00 4.349139698262660225e+00 -6.257070153525597256e+00 -1.259499112990866188e+01 -1.660646268841094653e+01 1.274250942663425334e+01 1.139821682247454859e+01 2.251408063160329487e+00 7.639133802316930399e+00 1.371859280356617861e+00 -1.456906452235944016e+01 -1.268120668929177874e+01 -8.079885332440797541e+00 2.018816891495222166e+01 2.064753797893575182e+01 1.023874400953609509e+01 9.968434129619986095e+00 3.223904851084781420e+00 -1.617518961667614663e+00 7.267309324108038204e+00 5.828978907306765933e+00 -6.873467362474279696e+00 -2.251692602927747533e+00 -1.612021724911046761e+01 6.864358086983657792e+00 -9.867507524156479803e+00 -4.989630099886911196e+00 -8.050645567671185887e+00 -7.172085477375351736e+00 -1.240401421570543405e+01 2.085797114898515048e+01 -1.324676455083120530e+01 -1.669859223903967305e+01 9.954007115807069539e+00 -7.037424869987547460e+00 -8.684745791180340291e+00 1.881071162699418098e-01 -6.957353987733132961e+00 -1.731806452320573442e+01 -7.994484833156452197e+00 2.886754931637709021e+00 5.656468692946114984e+00 8.902623401376526857e+00 -3.990883124765316925e+00 7.083213647787430567e+00 -2.629636719838501779e-01 -1.061148119808615897e+00 8.498769855281084418e+00 -4.432656923454021403e+00 2.442284718910627106e+01 -3.739994392980841909e+00 -1.665563688825577060e+01 2.509717981348248195e+00 -1.539373474119641116e+01 4.497081204934356258e+00 1.615514534691745752e+01 7.317141188360513304e+00 -1.435835933984659585e+00 -1.811713064032040066e+01 -8.792213952304017255e+00 -6.224410638520928352e+00 7.475129209784304507e+00 -1.495393998369547894e+01 -1.285115064622319458e+01 -5.683552046125072144e-01 5.663199131545753495e+00 1.052867012228594801e+00 2.114332189055055267e+01 -4.225359322844416177e+00 -2.195134643716631828e+01 1.102793057704007396e+01 3.095322101501244649e+00 1.309218474409858679e+01 -6.789499914507746148e+00 -1.145865505930062156e+01 1.056508187398347287e+00 4.000180823375730554e+00
1.764018346940516180e+00 2.240876214512095288e+00 9.500499157891577617e-01 4.105925789504977774e-01 7.610053425539179406e-01 3.336605617869836116e-01 3.130657147541904828e-01 6.535896327829004981e-01 2.269728234597305772e+00 -1.871813655289096823e-01 1.549415017493677438e-01 -1.980763358924071627e+00 1.230255869473932284e+00 -3.022893242852892071e-01 -1.706251289582706221e+00 -4.380418748994387435e-01 -1.613855678772386115e+00 3.868980933820609924e-01 -2.816752801805084624e-02 3.026902777008412260e-01 -6.724475966313903097e-01 -1.726235224161877468e+00 -1.630149253651906438e+00 5.193473068871509030e-02 1.139382734916509099e+00 -6.847581895801069241e-01 -3.115560327225692649e-01 9.008069957731408284e-01 1.488239939874264284e+00 -1.799168083566791976e-01 -4.031391891645452752e-01 9.765065815104777558e-01 1.049606405419186567e-02 4.019828353465897952e-01 -1.270469706474004701e+00 1.943588415523806567e+00 1.922928418603371492e+00 9.060330361231053731e-01 -2.679137621384786727e-01 -1.550277839888112297e-01 3.764116164447382507e-01 1.326348507216338790e+00 -4.351434372274103346e-01 4.074465006742005180e-01 -6.743636398995520587e-01 6.764037338137494082e-01 3.960125328874286588e-01 4.393939857308535313e-01 2.383119457008961106e+00 1.116992297782868571e+00 -6.823499394851785527e-02 -8.263798142141763892e-01 1.126602731260875734e+00 -4.378088865299051835e-01 9.493924406899556523e-01 8.443325880659416915e-01 1.187966570879040562e+00 3.187399180718650804e-01 -1.034234451859650683e+00 -6.894603446253626533e-01 -3.539825141484890247e-01 -2.223375902576364638e+00 -1.104331451736961345e+00 1.542977746849277132e+00 -3.927368912437564225e-02 -1.715860368910887557e-01 2.163212007775265011e+00 -2.393691417894059092e-01 6.401223776286573131e-01 -7.380021874832615181e-01 9.102726063324095840e-01 -4.664096487517140344e-01 -1.701840904754930994e-02 -4.226116060109563755e-02 -4.635880788234835181e-01 6.326404362090842781e-02 -5.972872870439559501e-01 -4.932933016131148540e-01 -1.156161530539642879e+00 -2.069948176751227553e+00 -6.374135816166870416e-01 -2.977911682928097159e-01 1.152296581849992396e+00 -1.466393700959330415e+00 1.419625088025018023e-01 6.947290366603510181e-01 -1.582905957513245143e+00 -5.068344846921108982e-01 -1.936260097416632631e+00 8.842198672733017628e-02 3.990454316334993701e-01 3.898323242950656464e-01 4.937324494886830006e-01 2.064461447384164483e+00 -6.920138963379499630e-01 6.088308623527667329e-01 6.898023076129680131e-01 -4.810189708321077062e-01 -1.359597964997388830e-01 5.829221006483287226e-01
4.001457679599354500e-01 1.867540290319525731e+00 -1.513564667311994849e-01 1.440426745991213731e-01 1.216782497497115173e-01 1.494039845336780026e+00 -8.540850449112579179e-01 8.644249147518247023e-01 -1.454349931286606612e+00 1.532754730914125840e+00 3.781529705837327615e-01 -3.478957144723231476e-01 1.202353754244928963e+00 -1.048521444142127779e+00 1.950753881157435643e+00 -1.252755497477802349e+00 -2.127170367944284102e-01 -5.108020778911246396e-01 4.283230022770270207e-01 -6.343552306157557164e-01 -3.595163914397237481e-01 1.774313994685501883e-01 4.627812786220120711e-01 7.290556875270117754e-01 -1.234798668228709762e+00 -8.707618382608560692e-01 5.615547397034651583e-02 4.656461572092234213e-01 1.895870144690718018e+00 -1.070730943203750840e+00 1.222413088925884406e+00 3.562782379073696770e-01 1.785822141357401360e+00 1.883124113418675138e+00 9.693598220314179059e-01 -4.136147354068684390e-01 1.480505415722703555e+00 -8.612144806595709579e-01 8.023938072685765643e-01 6.141631721830765889e-01 -1.099354010598619258e+00 -6.945564914641350063e-01 1.849222281846557570e+00 -7.698899334268742845e-01 3.178247421662785954e-02 5.765781877944625711e-01 -1.093024119728293275e+00 1.666649914985428860e-01 9.444760292050000672e-01 -1.315875238585211937e+00 1.713309404698438732e+00 -9.841926993183880423e-02 -1.079905995829671728e+00 -4.980237792956932474e-01 8.755212360598535470e-02 -1.000183575653308177e+00 3.169366857278939631e-01 8.568084857404204557e-01 6.815641514057372286e-01 -4.555128473051344717e-01 -1.374895307238761522e+00 6.252257774216294361e-01 5.216010090326355514e-02 -1.292832044834045346e+00 -1.168049925811630141e+00 7.717489681749560848e-01 1.336514098064583322e+00 1.099612468002871823e+00 -1.616909871099548424e+00 2.799055132438409421e-01 3.172650354090169045e-01 -9.443965495597018700e-01 3.791473531608750558e-01 -9.558990657889704368e-01 4.814595083851845314e-01 1.565111388646847901e-01 -2.379107843477354933e-01 -5.428437718875337437e-01 7.811899476581216639e-01 4.262363148285605030e-01 -3.973119902344671162e-01 -3.090025913650930045e-01 1.079600973622034221e+00 5.210400952134641717e-01 -3.193181200919247287e-01 -7.255969623115237077e-01 6.103614397653983614e-01 -5.962466499888317006e-01 1.887918782747267377e-01 -3.108769687994786812e-01 -2.772578714935387989e+00 -6.523411266510140694e-01 -1.161070671192285242e-01 -1.105332475361826411e-01 1.536338609611205053e+00 -1.045229349192340118e+00 1.301802735921711252e+00 2.303888343016075702e+00 1.136861443967629004e+00 -3.994346920887126284e-01
9.787205762892056127e-01 -9.772686293975123561e-01 -1.032089155561878718e-01 1.454230425758657352e+00 4.438683355284854248e-01 -2.051574986998732364e-01 -2.552959188919420086e+00 -7.421356815462807344e-01 4.575767131833998608e-02 1.469328676214216811e+00 -8.877585293431468072e-01 1.563409899967280192e-01 -3.873350286580922175e-01 -1.419986654739828769e+00 -5.096496276054669483e-01 7.774690284705444432e-01 -8.954462947019817820e-01 -1.180610518557085875e+00 6.652870155996265522e-02 -3.628017255700056176e-01 -8.131088677810759391e-01 -4.017927032202281978e-01 -9.072859561857300470e-01 1.289770709582052921e-01 4.023225517621595859e-01 -5.788172266562842116e-01 -1.165119172336154474e+00 -1.536207194259073150e+00 1.178768814039617974e+00 1.054407003810016397e+00 2.082700857328707578e-01 7.066918317548650519e-01 1.269054403871696379e-01 -1.347735846053997433e+00 -1.173095084069690985e+00 -7.474436755199456162e-01 1.867543172436627152e+00 1.910035878851116697e+00 9.471364212831540064e-01 9.221384321564507491e-01 2.982326919419285849e-01 -1.496311923312322878e-01 6.722730749698573316e-01 5.392156388728054361e-01 -6.358429152946494245e-01 -2.082968906291107203e-01 -1.491227069582490961e+00 6.349949243289150225e-01 -9.128111386392643301e-01 -4.615736560987942494e-01 -7.447378661324602911e-01 -6.634656512450917143e-01 -1.147455234149878933e+00 1.929502298439246921e+00 -1.225414232168732243e+00 -1.544728908142835033e+00 9.208063490789588634e-01 -6.510077861545591205e-01 -8.033972626457901445e-01 1.738641473665706802e-02 -6.436006887482580430e-01 -1.602037983912464991e+00 -7.395419571707223527e-01 2.670437191316351044e-01 5.232599304235185933e-01 8.235639823383906766e-01 -3.691848598741034326e-01 6.552431184235192330e-01 -2.432593368062798203e-02 -9.816606329277767495e-02 7.861699454214474692e-01 -4.100518662269995174e-01 2.259277850904196860e+00 -3.459742252610592539e-01 -1.540755318999308399e+00 2.321635340693228577e-01 -1.424020881361213631e+00 4.160038427719524590e-01 1.494458946537679855e+00 6.768822066202611065e-01 -1.328141911452208612e-01 -1.675952021624860677e+00 -8.133363376323955451e-01 -5.758036741755623300e-01 6.914942102959095171e-01 -1.383339260580002783e+00 -1.188813259311343851e+00 -5.257860306893409608e-02 5.238841082786224179e-01 9.739699818955484256e-02 1.955902384949387951e+00 -3.908601618747418183e-01 -2.030645653588674548e+00 1.020157695322205127e+00 2.863378363463469634e-01 1.211112729409465238e+00 -6.280736253078362807e-01 -1.060003057334491405e+00 9.773611573497541227e-02 3.700423146518646567e-01
