# 
#                 ----------------------------------------------------
#                 Data from a 3D direct N-body simulation. 
# 
#                 rows are i-particle; 
#                 coumns are :mass, tag, x ,y, z, vx, vy, vz, ax, ay, az
# 
#                 NTHU, Computational Physics Lab
# 
#                 ----------------------------------------------------
#                 Time = 3.5999999999999672
1.000000000000000000e+00 2.000000000000000000e+00 3.000000000000000000e+00 4.000000000000000000e+00 5.000000000000000000e+00 6.000000000000000000e+00 7.000000000000000000e+00 8.000000000000000000e+00 9.000000000000000000e+00 1.000000000000000000e+01 1.100000000000000000e+01 1.200000000000000000e+01 1.300000000000000000e+01 1.400000000000000000e+01 1.500000000000000000e+01 1.600000000000000000e+01 1.700000000000000000e+01 1.800000000000000000e+01 1.900000000000000000e+01 2.000000000000000000e+01 2.100000000000000000e+01 2.200000000000000000e+01 2.300000000000000000e+01 2.400000000000000000e+01 2.500000000000000000e+01 2.600000000000000000e+01 2.700000000000000000e+01 2.800000000000000000e+01 2.900000000000000000e+01 3.000000000000000000e+01 3.100000000000000000e+01 3.200000000000000000e+01 3.300000000000000000e+01 3.400000000000000000e+01 3.500000000000000000e+01 3.600000000000000000e+01 3.700000000000000000e+01 3.800000000000000000e+01 3.900000000000000000e+01 4.000000000000000000e+01 4.100000000000000000e+01 4.200000000000000000e+01 4.300000000000000000e+01 4.400000000000000000e+01 4.500000000000000000e+01 4.600000000000000000e+01 4.700000000000000000e+01 4.800000000000000000e+01 4.900000000000000000e+01 5.000000000000000000e+01 5.100000000000000000e+01 5.200000000000000000e+01 5.300000000000000000e+01 5.400000000000000000e+01 5.500000000000000000e+01 5.600000000000000000e+01 5.700000000000000000e+01 5.800000000000000000e+01 5.900000000000000000e+01 6.000000000000000000e+01 6.100000000000000000e+01 6.200000000000000000e+01 6.300000000000000000e+01 6.400000000000000000e+01 6.500000000000000000e+01 6.600000000000000000e+01 6.700000000000000000e+01 6.800000000000000000e+01 6.900000000000000000e+01 7.000000000000000000e+01 7.100000000000000000e+01 7.200000000000000000e+01 7.300000000000000000e+01 7.400000000000000000e+01 7.500000000000000000e+01 7.600000000000000000e+01 7.700000000000000000e+01 7.800000000000000000e+01 7.900000000000000000e+01 8.000000000000000000e+01 8.100000000000000000e+01 8.200000000000000000e+01 8.300000000000000000e+01 8.400000000000000000e+01 8.500000000000000000e+01 8.600000000000000000e+01 8.700000000000000000e+01 8.800000000000000000e+01 8.900000000000000000e+01 9.000000000000000000e+01 9.100000000000000000e+01 9.200000000000000000e+01 9.300000000000000000e+01 9.400000000000000000e+01 9.500000000000000000e+01 9.600000000000000000e+01 9.700000000000000000e+01 9.800000000000000000e+01 9.900000000000000000e+01 1.000000000000000000e+02
2.000000000000000111e-01 2.000000000000000111e-01 2.000000000000000111e-01 2.000000000000000111e-01 2.000000000000000111e-01 2.000000000000000111e-01 2.000000000000000111e-01 2.000000000000000111e-01 2.000000000000000111e-01 2.000000000000000111e-01 2.000000000000000111e-01 2.000000000000000111e-01 2.000000000000000111e-01 2.000000000000000111e-01 2.000000000000000111e-01 2.000000000000000111e-01 2.000000000000000111e-01 2.000000000000000111e-01 2.000000000000000111e-01 2.000000000000000111e-01 2.000000000000000111e-01 2.000000000000000111e-01 2.000000000000000111e-01 2.000000000000000111e-01 2.000000000000000111e-01 2.000000000000000111e-01 2.000000000000000111e-01 2.000000000000000111e-01 2.000000000000000111e-01 2.000000000000000111e-01 2.000000000000000111e-01 2.000000000000000111e-01 2.000000000000000111e-01 2.000000000000000111e-01 2.000000000000000111e-01 2.000000000000000111e-01 2.000000000000000111e-01 2.000000000000000111e-01 2.000000000000000111e-01 2.000000000000000111e-01 2.000000000000000111e-01 2.000000000000000111e-01 2.000000000000000111e-01 2.000000000000000111e-01 2.000000000000000111e-01 2.000000000000000111e-01 2.000000000000000111e-01 2.000000000000000111e-01 2.000000000000000111e-01 2.000000000000000111e-01 2.000000000000000111e-01 2.000000000000000111e-01 2.000000000000000111e-01 2.000000000000000111e-01 2.000000000000000111e-01 2.000000000000000111e-01 2.000000000000000111e-01 2.000000000000000111e-01 2.000000000000000111e-01 2.000000000000000111e-01 2.000000000000000111e-01 2.000000000000000111e-01 2.000000000000000111e-01 2.000000000000000111e-01 2.000000000000000111e-01 2.000000000000000111e-01 2.000000000000000111e-01 2.000000000000000111e-01 2.000000000000000111e-01 2.000000000000000111e-01 2.000000000000000111e-01 2.000000000000000111e-01 2.000000000000000111e-01 2.000000000000000111e-01 2.000000000000000111e-01 2.000000000000000111e-01 2.000000000000000111e-01 2.000000000000000111e-01 2.000000000000000111e-01 2.000000000000000111e-01 2.000000000000000111e-01 2.000000000000000111e-01 2.000000000000000111e-01 2.000000000000000111e-01 2.000000000000000111e-01 2.000000000000000111e-01 2.000000000000000111e-01 2.000000000000000111e-01 2.000000000000000111e-01 2.000000000000000111e-01 2.000000000000000111e-01 2.000000000000000111e-01 2.000000000000000111e-01 2.000000000000000111e-01 2.000000000000000111e-01 2.000000000000000111e-01 2.000000000000000111e-01 2.000000000000000111e-01 2.000000000000000111e-01 2.000000000000000111e-01
1.962677947071614071e+01 2.493221227964703957e+01 1.057055555995134632e+01 4.568312436528562337e+00 8.467196025943028559e+00 3.712414440006391203e+00 3.483197835928784070e+00 7.272061026873383405e+00 2.525328302254409252e+01 -2.082605538063409423e+00 1.723925775322516118e+00 -2.203828947139920658e+01 1.368811679020958572e+01 -3.363374255875033469e+00 -1.898396121101375300e+01 -4.873888628073074436e+00 -1.795611573654969817e+01 4.304676437189360882e+00 -3.134898108504395875e-01 3.366312204635696581e+00 -7.481769923074793383e+00 -1.920649036861205516e+01 -1.813744431604003182e+01 5.778984107829572281e-01 1.267694708189642583e+01 -7.618994506731106675e+00 -3.466365021039781169e+00 1.002255159920976801e+01 1.655831240738950072e+01 -2.001816089696276446e+00 -4.485594597847066822e+00 1.086553090735896276e+01 1.168057019143684538e-01 4.472523970316808040e+00 -1.413540984066271911e+01 2.162467696634096370e+01 2.139468704246130670e+01 1.008064513971088161e+01 -2.981410180163558632e+00 -1.724730728051848683e+00 4.188065791115315406e+00 1.475726520260725216e+01 -4.841494022820975296e+00 4.533370789396135692e+00 -7.502800196112048070e+00 7.525895778267890357e+00 4.406017039123539369e+00 4.888704456088102113e+00 2.651487239988945177e+01 1.242786960737082502e+01 -7.592293463781690788e-01 -9.194728601149186886e+00 1.253485615702259004e+01 -4.871156795213699375e+00 1.056317393758682321e+01 9.394286039825585632e+00 1.321779042208310884e+01 3.546235759479775318e+00 -1.150699928497279600e+01 -7.671557308340835490e+00 -3.938501952428837605e+00 -2.473757030494557085e+01 -1.228718750698215700e+01 1.716748940646738930e+01 -4.370209451953432356e-01 -1.908814121174829959e+00 2.406816209095178749e+01 -2.663298907087955136e+00 7.122093622409890301e+00 -8.211237743958031743e+00 1.012712302581332047e+01 -5.189359071111617538e+00 -1.893608278998833439e-01 -4.701734732516443804e-01 -5.157955966059987851e+00 7.038654631689401642e-01 -6.645637124729511847e+00 -5.488580398867512145e+00 -1.286364817543909744e+01 -2.303058875814732076e+01 -7.092049217772938619e+00 -3.313237528930808473e+00 1.282073898503371723e+01 -1.631537064376424340e+01 1.579420633410551611e+00 7.729721963796402306e+00 -1.761170373698235991e+01 -5.638946781147667231e+00 -2.154305600137303500e+01 9.837881033873500103e-01 4.439805423387964467e+00 4.339008607037865062e+00 5.493353139956244746e+00 2.296950746216122852e+01 -7.699617169866996846e+00 6.773967754554015563e+00 7.674879036089390816e+00 -5.351894594776070768e+00 -1.512629222394507700e+00 6.485827699552030978e+00
4.452116907657400979e+00 2.077846281411362739e+01 -1.684004483405546315e+00 1.602631883928286038e+00 1.353777066870720303e+00 1.662301948033599786e+01 -9.502663103003326839e+00 9.617708880172699537e+00 -1.618127337891050388e+01 1.705366646290244148e+01 4.207411529662914873e+00 -3.870812979269660392e+00 1.337761925102470961e+01 -1.166610889120636863e+01 2.170432641976753629e+01 -1.393848192963443111e+01 -2.366852939219316720e+00 -5.683229537840493784e+00 4.765601340548395903e+00 -7.057650180579559951e+00 -4.000238685081329848e+00 1.974076116476424225e+00 5.148934051657241717e+00 8.111738929130455134e+00 -1.373860992631832545e+01 -9.688371499376676965e+00 6.248533794908790462e-01 5.180909293704783813e+00 2.109367092906516916e+01 -1.191314828760702937e+01 1.360083905051347486e+01 3.964548413929890991e+00 1.986946378328103791e+01 2.095190751493396775e+01 1.078538794069089235e+01 -4.601926089728141989e+00 1.647223881479272123e+01 -9.581988908764120794e+00 8.927884483973025809e+00 6.832660017005766306e+00 -1.223177471793229820e+01 -7.727744863444234724e+00 2.057481159124439785e+01 -8.566005461647506536e+00 3.539290310040718590e-01 6.415120630942672264e+00 -1.216128640007852368e+01 1.854378842030492525e+00 1.050831021838692614e+01 -1.464070484828874363e+01 1.906258476695428428e+01 -1.095236017121707928e+00 -1.201525554862164746e+01 -5.541094381443052441e+00 9.741035135731404004e-01 -1.112830100011367662e+01 3.526292305579536990e+00 9.533039270409970456e+00 7.583316130947253875e+00 -5.068187752010270053e+00 -1.529752138269242145e+01 6.956330497692217563e+00 5.803685683778313509e-01 -1.438427716538023127e+01 -1.299606784819455996e+01 8.586790569453313537e+00 1.487021358960994277e+01 1.223465261532187220e+01 -1.799012311473468984e+01 3.114368000400494108e+00 3.529599043729089836e+00 -1.050772946704115007e+01 4.218441171047373039e+00 -1.063568228035097363e+01 5.356886726969819712e+00 1.741320553996157150e+00 -2.647079119158399330e+00 -6.039823143848289000e+00 8.691611933486131036e+00 4.742473679139281195e+00 -4.420249308791690090e+00 -3.438046393184908123e+00 1.201181004451232148e+01 5.797280797278109965e+00 -3.552816951168657589e+00 -8.073030808091973043e+00 6.791029639485667957e+00 -6.634312368869706766e+00 2.100420700236376170e+00 -3.458893099336413091e+00 -3.084794156773783413e+01 -7.258423064214476028e+00 -1.291792503783885104e+00 -1.229847070458023550e+00 1.709363250788178945e+01 -1.162943162803393093e+01 1.448420778955531318e+01 2.563336299521072803e+01 1.264897362753911736e+01 -4.444224452725113572e+00
1.088940831828282718e+01 -1.087320034661141932e+01 -1.148372769125853399e+00 1.618012317820640078e+01 4.938467796386615483e+00 -2.282597609646254355e+00 -2.840455259339108096e+01 -8.257231258730904244e+00 5.091076912443922575e-01 1.634802182811232285e+01 -9.877424424012605897e+00 1.739510039812989017e+00 -4.309455000946853964e+00 -1.579904783216394826e+01 -5.670404002463976134e+00 8.650299258293776106e+00 -9.962913260297762363e+00 -1.313567385319828773e+01 7.401263135592741627e-01 -4.036152130166732910e+00 -9.046935480153436515e+00 -4.470288474573109738e+00 -1.009459034643495023e+01 1.435043669233526442e+00 4.476386115378809372e+00 -6.440162312491442442e+00 -1.296337544893149385e+01 -1.709215755808460813e+01 1.311511136401678179e+01 1.173167857370399325e+01 2.317255499328857660e+00 7.861909194010665125e+00 1.411999935614041801e+00 -1.499512877467245886e+01 -1.305210043716345325e+01 -8.316168792934135467e+00 2.077848233280438706e+01 2.125134550906474473e+01 1.053864569410656493e+01 1.026020621924853948e+01 3.318187820680063460e+00 -1.664826101100626010e+00 7.479886149658544703e+00 5.999560372325738022e+00 -7.074440815579719377e+00 -2.317533859406903041e+00 -1.659166726647826096e+01 7.065224919458898079e+00 -1.015605513380277003e+01 -5.135563435038050351e+00 -8.286102020271689739e+00 -7.381834940617229890e+00 -1.276673237275985429e+01 2.146793433691849984e+01 -1.363415972469764981e+01 -1.718700796450153945e+01 1.024528189710832571e+01 -7.243262048935237729e+00 -8.938719506911509072e+00 1.940509626658647180e-01 -7.160849704701501395e+00 -1.782448381962811368e+01 -8.228318879320829282e+00 2.971188698700295561e+00 5.821925950760163282e+00 9.162621177322927579e+00 -4.107549376312484846e+00 7.290402977071511970e+00 -2.706528063125672734e-01 -1.092097658429114881e+00 8.748003853041032229e+00 -4.562243295687418154e+00 2.513704244602102023e+01 -3.849376083271583759e+00 -1.714279437201041745e+01 2.583177961432078007e+00 -1.584399023454024835e+01 4.628782801707452599e+00 1.662759296570426315e+01 7.531194796934544300e+00 -1.478133182868777151e+00 -1.864706586550006406e+01 -9.049404016277488694e+00 -6.406317392952023404e+00 7.693891489698722275e+00 -1.539126385437035793e+01 -1.322709766957663469e+01 -5.849179586169140910e-01 5.828806165384013305e+00 1.083664663295673680e+00 2.176153285819205507e+01 -4.349342026642450953e+00 -2.259331981843070025e+01 1.135042408112769508e+01 3.185847495074364932e+00 1.347511448194128825e+01 -6.988070012120354058e+00 -1.179373079741401220e+01 1.087343737924760578e+00 4.117198377303983747e+00
8.132182102631835718e+00 1.033046808527953253e+01 4.379795253455438520e+00 1.892841810058495389e+00 3.508289418218829780e+00 1.538198480156217407e+00 1.443236306635418131e+00 3.013097211713563262e+00 1.046349180979719407e+01 -8.629102986019141497e-01 7.142903457807663337e-01 -9.131375102368286534e+00 5.671538456207373180e+00 -1.393576501114824673e+00 -7.865850423653268919e+00 -2.019427907743462036e+00 -7.439946025048021383e+00 1.783607661649102338e+00 -1.298771777274177475e-01 1.395031987032134602e+00 -3.100005161908647722e+00 -7.958024543488277480e+00 -7.515071122438046203e+00 2.394371541988295771e-01 5.252584776068162320e+00 -3.156823071867958852e+00 -1.436267387427905495e+00 4.152753227720517692e+00 6.860806855198068988e+00 -8.294300676160178964e-01 -1.858535549269037634e+00 4.501919665068307985e+00 4.839354966214347298e-02 1.853151915903820335e+00 -5.856891219017958505e+00 8.959998039450281837e+00 8.864723032928074176e+00 4.176831960095361396e+00 -1.235234115156655932e+00 -7.146481361740666394e-01 1.735281094731334850e+00 6.114529877868481123e+00 -2.006028358346807039e+00 1.878354314692700422e+00 -3.108763942308682804e+00 3.118271227886102448e+00 1.825607928005885450e+00 2.025602406862989202e+00 1.098622353214190817e+01 5.149375082154136862e+00 -3.145745080702907481e-01 -3.809710320612640810e+00 5.193694747560365421e+00 -2.018317845527168863e+00 4.376747144718107663e+00 3.892424647014181449e+00 5.476632866012772993e+00 1.469370267691600285e+00 -4.767835016954190763e+00 -3.178563532574577799e+00 -1.631878672942848274e+00 -1.024980901468057759e+01 -5.091055785890049812e+00 7.113189758351905034e+00 -1.810671526248368302e-01 -7.909444064052896239e-01 9.972447862450085410e+00 -1.103508723452994555e+00 2.950979639141865896e+00 -3.402238678861592813e+00 4.196197956606488866e+00 -2.150164461682499972e+00 -7.845825765500165361e-02 -1.948171671281591910e-01 -2.137154402370806672e+00 2.916437742086970819e-01 -2.753543091182302671e+00 -2.274127094206296995e+00 -5.329940018724290240e+00 -9.542523440522899136e+00 -2.938516264476523698e+00 -1.372816795836716341e+00 5.312146430767566763e+00 -6.760126778327837371e+00 6.544313532386386578e-01 3.202734878044310118e+00 -7.297251349381262742e+00 -2.336476281049193471e+00 -8.926192391732898912e+00 4.076255283601431523e-01 1.839600986234602553e+00 1.797569316038414744e+00 2.276122373988877179e+00 9.517220421983365597e+00 -3.190244889768724335e+00 2.806732223133763693e+00 3.180015466416455272e+00 -2.217511240575368525e+00 -6.267575762728456734e-01 2.687324313885977034e+00
1.844691346655482844e+00 8.609390684797142868e+00 -6.977545661750010897e-01 6.640382467664530663e-01 5.609312596096780457e-01 6.887590056849998810e+00 -3.937350150914822322e+00 3.985017947796370752e+00 -6.704579819365713789e+00 7.066040733168756915e+00 1.743301350214202960e+00 -1.603827050129586596e+00 5.542894956835445974e+00 -4.833737188071490998e+00 8.993011791809925271e+00 -5.775270287896638877e+00 -9.806648658722347811e-01 -2.354802754929104402e+00 1.974584043610593476e+00 -2.924321401197853554e+00 -1.657432780025362540e+00 8.179498562017110119e-01 2.133423345275734739e+00 3.361005727623056938e+00 -5.692467799205369161e+00 -4.014271815967554780e+00 2.588934316777702915e-01 2.146656333747799295e+00 8.739993566156034177e+00 -4.936106325220313451e+00 5.635378450682421381e+00 1.642591968336205799e+00 8.232721880145550841e+00 8.681247139799323165e+00 4.468811188540000146e+00 -1.906771112911400001e+00 6.825145829209117387e+00 -3.970217712557679413e+00 3.699141381227173841e+00 2.831150380934643884e+00 -5.068101137498593367e+00 -3.201924659561449005e+00 8.524984843473948359e+00 -3.549236821174336143e+00 1.465985803259852172e-01 2.658046812309655671e+00 -5.038904451555666242e+00 7.683399989573438393e-01 4.354040344724545264e+00 -6.066239281792099369e+00 7.898412724769555027e+00 -4.537691158922673718e-01 -4.978409805807246791e+00 -2.295904293713153077e+00 4.036137967437349316e-01 -4.610900040503429054e+00 1.461088147260569237e+00 3.949924554559527401e+00 3.142062116347688061e+00 -2.099947495000652253e+00 -6.338362090785307323e+00 2.882300433102109150e+00 2.404664896396905005e-01 -5.959997795896845751e+00 -5.384783878010614977e+00 3.557833116738847501e+00 6.161353427248624115e+00 5.069293216381084655e+00 -7.454032626747574497e+00 1.290396707997994774e+00 1.462512465968736963e+00 -4.353752194159617339e+00 1.747876712669181654e+00 -4.406772411287112057e+00 2.219565497458532821e+00 7.215085634147759830e-01 -1.096787234613627149e+00 -2.502539742292425817e+00 3.601299454549448775e+00 1.964987340604334776e+00 -1.831540268410418504e+00 -1.424519504666799996e+00 4.976990296791212742e+00 2.402036767399180928e+00 -1.472073955175966953e+00 -3.345002698023271659e+00 2.813796590460100777e+00 -2.748811090824184955e+00 8.703080844225424828e-01 -1.433158396764129927e+00 -1.278161163260520894e+01 -3.007406869542744943e+00 -5.352482869247243702e-01 -5.095708078828384835e-01 7.082586035665677571e+00 -4.818547934214155504e+00 6.001384201075208757e+00 1.062097323465016352e+01 5.240981875247495481e+00 -1.841418187460208022e+00
4.511931309061683493e+00 -4.505224032463194916e+00 -4.758099122827200156e-01 6.704075152213184730e+00 2.046224390212843414e+00 -9.457773634210143721e-01 -1.176919367867989585e+01 -3.421295131759239716e+00 2.109442960780911758e-01 6.773656113050406269e+00 -4.092612871175045797e+00 7.207454637017759458e-01 -1.785600588319272930e+00 -6.546191405355529014e+00 -2.349489104612130230e+00 3.584168304701886409e+00 -4.128041707832047713e+00 -5.442651145988995687e+00 3.066778898534740505e-01 -1.672413263516520754e+00 -3.748495184124605029e+00 -1.852244452287527876e+00 -4.182609250089844188e+00 5.945941780103347618e-01 1.854739261603639999e+00 -2.668402301592398995e+00 -5.371251272292363765e+00 -7.081976906987317300e+00 5.434142432647615983e+00 4.860891956258856617e+00 9.601333737115120837e-01 3.257648303757884722e+00 5.850453353913923626e-01 -6.213101528066567347e+00 -5.408016254570057413e+00 -3.445734185051593457e+00 8.609400736643172181e+00 8.805314592331225043e+00 4.366494463524268177e+00 4.251173647208944750e+00 1.374861984305960849e+00 -6.898054612204599367e-01 3.099215559948542253e+00 2.485840864007075268e+00 -2.931241186161715362e+00 -9.602518208943858768e-01 -6.874608433206324420e+00 2.927388378360177512e+00 -4.208078107006214985e+00 -2.127873078930592854e+00 -3.433270250759489439e+00 -3.058598031855884081e+00 -5.289791331249156237e+00 8.895055938970218179e+00 -5.649195624859414622e+00 -7.121271647665205151e+00 4.245006058317250641e+00 -3.001176021546733796e+00 -3.703682362805182926e+00 8.030834718645021852e-02 -2.967029146120477634e+00 -7.385428388479829742e+00 -3.409324020025098267e+00 1.231083642426615166e+00 2.412256584738327714e+00 3.796528649643626796e+00 -1.701937091025093274e+00 3.020705648866531146e+00 -1.121428770096650068e-01 -4.525190329584058979e-01 3.624511066541475035e+00 -1.890335423251696678e+00 1.041532351044889992e+01 -1.594953952862624202e+00 -7.102952565621060366e+00 1.070303505498698460e+00 -6.564803985756824112e+00 1.917855889325470020e+00 6.889499052777214416e+00 3.120470674056035953e+00 -6.123858012905751824e-01 -7.726226435896379030e+00 -3.749527758318520476e+00 -2.654428365351062968e+00 3.187863669265627475e+00 -6.377235771697393751e+00 -5.480506954530700803e+00 -2.423682302631311458e-01 2.415117437381199661e+00 4.490055213126577516e-01 9.016726783817219371e+00 -1.802023285445737200e+00 -9.361342133031275381e+00 4.702952381719502917e+00 1.320027327400749906e+00 5.583284771577014638e+00 -2.895442988178519528e+00 -4.886635692107914153e+00 4.505446296294882136e-01 1.705918034777195169e+00
1.764019054347706783e+00 2.240876567900242033e+00 9.500507169109558836e-01 4.105927021856007331e-01 7.610060163680082423e-01 3.336608482151851574e-01 3.130657560938146511e-01 6.535902355449596524e-01 2.269728783668012451e+00 -1.871814172235786167e-01 1.549416250042864596e-01 -1.980764047814982609e+00 1.230256593818989108e+00 -3.022896036504184036e-01 -1.706251682844641460e+00 -4.380425496777755057e-01 -1.613856556184721347e+00 3.868981849880139268e-01 -2.816783398690732299e-02 3.026856834155525755e-01 -6.724478639450922612e-01 -1.726236209988934345e+00 -1.630150275224777623e+00 5.193495265649696740e-02 1.139383108338626993e+00 -6.847592698062371364e-01 -3.115559598424680332e-01 9.008074013209222963e-01 1.488240194832324059e+00 -1.799169753484019252e-01 -4.031399750407385074e-01 9.765093527742279012e-01 1.049614638360231791e-02 4.019829711763598934e-01 -1.270470024625834249e+00 1.943589097358136675e+00 1.922928701733310541e+00 9.060332779400324110e-01 -2.679156307065303499e-01 -1.550274147265695568e-01 3.764119059969716075e-01 1.326349285177738091e+00 -4.351436476762426953e-01 4.074468197746315412e-01 -6.743629938667168311e-01 6.764043489075342031e-01 3.960124117100604080e-01 4.393939380647771120e-01 2.383119983783568596e+00 1.116992796945633692e+00 -6.823513151705291879e-02 -8.263810373784981067e-01 1.126603421893005663e+00 -4.378091186936873824e-01 9.493930309064150252e-01 8.443332204547975284e-01 1.187967886946053264e+00 3.187396626962973878e-01 -1.034234626366495657e+00 -6.894622074243791365e-01 -3.539827512807635634e-01 -2.223376469547347689e+00 -1.104332531604214518e+00 1.542978513607817792e+00 -3.927387908261719546e-02 -1.715852078178473072e-01 2.163212505908096883e+00 -2.393693506136885529e-01 6.401225679751695319e-01 -7.380027850950150459e-01 9.102706410080434463e-01 -4.664098450818426334e-01 -1.701845076025304548e-02 -4.226107717154142795e-02 -4.635882431098262146e-01 6.326400100883246280e-02 -5.972878859879640068e-01 -4.932938546970067617e-01 -1.156161965421960147e+00 -2.069948943552688547e+00 -6.374140687113974968e-01 -2.977911622160512306e-01 1.152297309764795719e+00 -1.466394338160296407e+00 1.419623143161186651e-01 6.947294550112486089e-01 -1.582906632497133925e+00 -5.068341062468405545e-01 -1.936260507361571737e+00 8.842198880388585369e-02 3.990454506503823273e-01 3.898378054277457649e-01 4.937326435701513971e-01 2.064462101008123440e+00 -6.920146444321051415e-01 6.088311322647009804e-01 6.898026375391960174e-01 -4.810191403575435620e-01 -1.359595861856761623e-01 5.829227577664944926e-01
4.001460060101399985e-01 1.867540658592146130e+00 -1.513564821560146045e-01 1.440426932521405579e-01 1.216781823927920031e-01 1.494040661545324333e+00 -8.540852674245631437e-01 8.644251494955329518e-01 -1.454350258848904343e+00 1.532755240332196012e+00 3.781531692594179983e-01 -3.478960564357659879e-01 1.202354297203837463e+00 -1.048522099999721124e+00 1.950754328787621006e+00 -1.252756326935283493e+00 -2.127175204460319546e-01 -5.108021415086967387e-01 4.283231867355267730e-01 -6.343545307824861590e-01 -3.595171567467096985e-01 1.774312900481803401e-01 4.627812988384186199e-01 7.290564133597928764e-01 -1.234799233167154009e+00 -8.707625729014947247e-01 5.615567932867650269e-02 4.656464960240236928e-01 1.895870540663514792e+00 -1.070731394227216082e+00 1.222413754437289057e+00 3.562800813944216327e-01 1.785823147446697456e+00 1.883124666533151803e+00 9.693605895760422086e-01 -4.136148237364360436e-01 1.480505610794514038e+00 -8.612147137831424049e-01 8.023951120031783679e-01 6.141614246652036258e-01 -1.099354984017623771e+00 -6.945567279941549099e-01 1.849223144236088912e+00 -7.698904773354808828e-01 3.178347594781463781e-02 5.765784505498688928e-01 -1.093024897726765809e+00 1.666651684585398197e-01 9.444761011420299557e-01 -1.315875907979822568e+00 1.713310097916004304e+00 -9.841996294079607965e-02 -1.079906526676465361e+00 -4.980239597175857291e-01 8.755210522626054315e-02 -1.000184236828808748e+00 3.169368090129317528e-01 8.568089461050349964e-01 6.815647832711098086e-01 -4.555132570742270737e-01 -1.374896472192069785e+00 6.252258954697653692e-01 5.216020456629285457e-02 -1.292832562201551516e+00 -1.168050832427089514e+00 7.717498346046957058e-01 1.336514386263264464e+00 1.099613448746674216e+00 -1.616910831828089368e+00 2.799059103931922365e-01 3.172640521949221526e-01 -9.443975839198952560e-01 3.791474443436759767e-01 -9.559000215789645871e-01 4.814599654390098737e-01 1.565110429977550899e-01 -2.379110120989210986e-01 -5.428441402691339679e-01 7.811901173154304212e-01 4.262367814315229375e-01 -3.973111521801622192e-01 -3.090028073156458888e-01 1.079601340187523739e+00 5.210406108748916187e-01 -3.193183343337577806e-01 -7.255969708385965333e-01 6.103618131105338351e-01 -5.962480534096961104e-01 1.887916017379338562e-01 -3.108771602885752605e-01 -2.772579007084004843e+00 -6.523425405403333599e-01 -1.161070020307284761e-01 -1.105334017180890499e-01 1.536339409552652358e+00 -1.045229848907684334e+00 1.301803640959261932e+00 2.303888932977724568e+00 1.136862066412944516e+00 -3.994349903872194130e-01
9.787209384888042596e-01 -9.772688218686765849e-01 -1.032091223193812857e-01 1.454231322145631555e+00 4.438682291683606063e-01 -2.051575146198976185e-01 -2.552959826158561096e+00 -7.421362920630536486e-01 4.575768891969361069e-02 1.469329302365758538e+00 -8.877590956762594354e-01 1.563411560113840970e-01 -3.873348577470163701e-01 -1.419987305631509322e+00 -5.096496807475505708e-01 7.774694722006180170e-01 -8.954467163962739340e-01 -1.180610969314721315e+00 6.652846257952794995e-02 -3.628004492399942715e-01 -8.131096463796105844e-01 -4.017924583353973400e-01 -9.072862142818370890e-01 1.289771924858012231e-01 4.023229489758030075e-01 -5.788179018543427867e-01 -1.165119810431977321e+00 -1.536207953560491557e+00 1.178769037853782509e+00 1.054407934433513550e+00 2.082701875947400583e-01 7.066893440987404018e-01 1.269055788046567212e-01 -1.347736329083390139e+00 -1.173095673366699510e+00 -7.474439072202586631e-01 1.867543500926934330e+00 1.910036483786116346e+00 9.471388298584193510e-01 9.221398532786299063e-01 2.982328059578928103e-01 -1.496312619980496861e-01 6.722735261224294101e-01 5.392163370617557572e-01 -6.358429807844305781e-01 -2.082969294213279643e-01 -1.491227704683837807e+00 6.349956841211722436e-01 -9.128113693211690194e-01 -4.615738839137312755e-01 -7.447382189348547010e-01 -6.634659143047549890e-01 -1.147455513306106623e+00 1.929502917543297391e+00 -1.225414675051194724e+00 -1.544729786058219201e+00 9.208074413463807062e-01 -6.510081566288696830e-01 -8.033975206701432503e-01 1.738834834283435604e-02 -6.436010573444731486e-01 -1.602038393213166101e+00 -7.395423949860805424e-01 2.670438678903057639e-01 5.232602785108863008e-01 8.235627319812220959e-01 -3.691847969894941905e-01 6.552435472268963723e-01 -2.432593765105755743e-02 -9.816573714980450505e-02 7.861732516104108504e-01 -4.100518208150973898e-01 2.259278497980087508e+00 -3.459743823455708189e-01 -1.540756186562840080e+00 2.321638983083447738e-01 -1.424021714193589139e+00 4.160048042475834040e-01 1.494459479142303593e+00 6.768827441564407854e-01 -1.328155763298813630e-01 -1.675953099175507166e+00 -8.133369186550383212e-01 -5.758033472917072348e-01 6.914951371070594544e-01 -1.383339774346697304e+00 -1.188814216617427588e+00 -5.257836781397097481e-02 5.238842520377003931e-01 9.739706408213970323e-02 1.955902591414589775e+00 -3.908621176760513904e-01 -2.030646461187944229e+00 1.020158007762262953e+00 2.863379581124902984e-01 1.211113406888952859e+00 -6.280739152321445085e-01 -1.060003322937449033e+00 9.773588363837439064e-02 3.700425970513305240e-01
