# 
#                 ----------------------------------------------------
#                 Data from a 3D direct N-body simulation. 
# 
#                 rows are i-particle; 
#                 coumns are :mass, tag, x ,y, z, vx, vy, vz, ax, ay, az
# 
#                 NTHU, Computational Physics Lab
# 
#                 ----------------------------------------------------
#                 Time = 9.09999999999985
1.000000000000000000e+00 2.000000000000000000e+00 3.000000000000000000e+00 4.000000000000000000e+00 5.000000000000000000e+00 6.000000000000000000e+00 7.000000000000000000e+00 8.000000000000000000e+00 9.000000000000000000e+00 1.000000000000000000e+01 1.100000000000000000e+01 1.200000000000000000e+01 1.300000000000000000e+01 1.400000000000000000e+01 1.500000000000000000e+01 1.600000000000000000e+01 1.700000000000000000e+01 1.800000000000000000e+01 1.900000000000000000e+01 2.000000000000000000e+01 2.100000000000000000e+01 2.200000000000000000e+01 2.300000000000000000e+01 2.400000000000000000e+01 2.500000000000000000e+01 2.600000000000000000e+01 2.700000000000000000e+01 2.800000000000000000e+01 2.900000000000000000e+01 3.000000000000000000e+01 3.100000000000000000e+01 3.200000000000000000e+01 3.300000000000000000e+01 3.400000000000000000e+01 3.500000000000000000e+01 3.600000000000000000e+01 3.700000000000000000e+01 3.800000000000000000e+01 3.900000000000000000e+01 4.000000000000000000e+01 4.100000000000000000e+01 4.200000000000000000e+01 4.300000000000000000e+01 4.400000000000000000e+01 4.500000000000000000e+01 4.600000000000000000e+01 4.700000000000000000e+01 4.800000000000000000e+01 4.900000000000000000e+01 5.000000000000000000e+01 5.100000000000000000e+01 5.200000000000000000e+01 5.300000000000000000e+01 5.400000000000000000e+01 5.500000000000000000e+01 5.600000000000000000e+01 5.700000000000000000e+01 5.800000000000000000e+01 5.900000000000000000e+01 6.000000000000000000e+01 6.100000000000000000e+01 6.200000000000000000e+01 6.300000000000000000e+01 6.400000000000000000e+01 6.500000000000000000e+01 6.600000000000000000e+01 6.700000000000000000e+01 6.800000000000000000e+01 6.900000000000000000e+01 7.000000000000000000e+01 7.100000000000000000e+01 7.200000000000000000e+01 7.300000000000000000e+01 7.400000000000000000e+01 7.500000000000000000e+01 7.600000000000000000e+01 7.700000000000000000e+01 7.800000000000000000e+01 7.900000000000000000e+01 8.000000000000000000e+01 8.100000000000000000e+01 8.200000000000000000e+01 8.300000000000000000e+01 8.400000000000000000e+01 8.500000000000000000e+01 8.600000000000000000e+01 8.700000000000000000e+01 8.800000000000000000e+01 8.900000000000000000e+01 9.000000000000000000e+01 9.100000000000000000e+01 9.200000000000000000e+01 9.300000000000000000e+01 9.400000000000000000e+01 9.500000000000000000e+01 9.600000000000000000e+01 9.700000000000000000e+01 9.800000000000000000e+01 9.900000000000000000e+01 1.000000000000000000e+02
2.000000000000000111e-01 2.000000000000000111e-01 2.000000000000000111e-01 2.000000000000000111e-01 2.000000000000000111e-01 2.000000000000000111e-01 2.000000000000000111e-01 2.000000000000000111e-01 2.000000000000000111e-01 2.000000000000000111e-01 2.000000000000000111e-01 2.000000000000000111e-01 2.000000000000000111e-01 2.000000000000000111e-01 2.000000000000000111e-01 2.000000000000000111e-01 2.000000000000000111e-01 2.000000000000000111e-01 2.000000000000000111e-01 2.000000000000000111e-01 2.000000000000000111e-01 2.000000000000000111e-01 2.000000000000000111e-01 2.000000000000000111e-01 2.000000000000000111e-01 2.000000000000000111e-01 2.000000000000000111e-01 2.000000000000000111e-01 2.000000000000000111e-01 2.000000000000000111e-01 2.000000000000000111e-01 2.000000000000000111e-01 2.000000000000000111e-01 2.000000000000000111e-01 2.000000000000000111e-01 2.000000000000000111e-01 2.000000000000000111e-01 2.000000000000000111e-01 2.000000000000000111e-01 2.000000000000000111e-01 2.000000000000000111e-01 2.000000000000000111e-01 2.000000000000000111e-01 2.000000000000000111e-01 2.000000000000000111e-01 2.000000000000000111e-01 2.000000000000000111e-01 2.000000000000000111e-01 2.000000000000000111e-01 2.000000000000000111e-01 2.000000000000000111e-01 2.000000000000000111e-01 2.000000000000000111e-01 2.000000000000000111e-01 2.000000000000000111e-01 2.000000000000000111e-01 2.000000000000000111e-01 2.000000000000000111e-01 2.000000000000000111e-01 2.000000000000000111e-01 2.000000000000000111e-01 2.000000000000000111e-01 2.000000000000000111e-01 2.000000000000000111e-01 2.000000000000000111e-01 2.000000000000000111e-01 2.000000000000000111e-01 2.000000000000000111e-01 2.000000000000000111e-01 2.000000000000000111e-01 2.000000000000000111e-01 2.000000000000000111e-01 2.000000000000000111e-01 2.000000000000000111e-01 2.000000000000000111e-01 2.000000000000000111e-01 2.000000000000000111e-01 2.000000000000000111e-01 2.000000000000000111e-01 2.000000000000000111e-01 2.000000000000000111e-01 2.000000000000000111e-01 2.000000000000000111e-01 2.000000000000000111e-01 2.000000000000000111e-01 2.000000000000000111e-01 2.000000000000000111e-01 2.000000000000000111e-01 2.000000000000000111e-01 2.000000000000000111e-01 2.000000000000000111e-01 2.000000000000000111e-01 2.000000000000000111e-01 2.000000000000000111e-01 2.000000000000000111e-01 2.000000000000000111e-01 2.000000000000000111e-01 2.000000000000000111e-01 2.000000000000000111e-01 2.000000000000000111e-01
9.103456298548107384e+01 1.156430417176036087e+02 4.902893947299434529e+01 2.118915592418699845e+01 3.927299787364447781e+01 1.721912388083471868e+01 1.615611671829565310e+01 3.372964268129356213e+01 1.171321309808721054e+02 -9.659730659396080554e+00 7.996013666911187201e+00 -1.022199026744197994e+02 6.348920288459319039e+01 -1.560017280030539766e+01 -8.805319177145679532e+01 -2.260612972596690895e+01 -8.328539153868146627e+01 1.996635281528629946e+01 -1.453850075571994305e+00 1.561714964424420415e+01 -3.470256989524166613e+01 -8.908493932861077269e+01 -8.412634938130818796e+01 2.680316957727451932e+00 5.879932956641039254e+01 -3.533849581902436654e+01 -1.607812018806360399e+01 4.648740271549147707e+01 7.680238080642698151e+01 -9.284924239115104783e+00 -2.080502530173764342e+01 5.039576856021322726e+01 5.417237121050226811e-01 2.074485074739461155e+01 -6.556416785830661809e+01 1.003014452599658881e+02 9.923495783712056095e+01 4.675697211372895623e+01 -1.382740522908306602e+01 -8.000088385029892279e+00 1.942533933347822739e+01 6.844820559946356298e+01 -2.245619580647920444e+01 2.102694985150921170e+01 -3.480074786540757970e+01 3.490699787733165493e+01 2.043654944030323506e+01 2.267535142794598357e+01 1.229837869297461594e+02 5.764394420520001461e+01 -3.521444290171075853e+00 -4.264713775416082342e+01 5.814004792616419337e+01 -2.259376581574712617e+01 4.899484761413047096e+01 4.357315597353778003e+01 6.130727385399310236e+01 1.644871188511251248e+01 -5.337288906103374586e+01 -3.558175617605713370e+01 -1.826782167275704793e+01 -1.147400839809888140e+02 -5.699101433425241225e+01 7.962757632492045445e+01 -2.026906028346548982e+00 -8.854241944807789366e+00 1.116352100875544835e+02 -1.235305647010611629e+01 3.303433379747270493e+01 -3.808583732508974151e+01 4.697407258118050066e+01 -2.406971078348632886e+01 -8.782849444094649183e-01 -2.180867421405126017e+00 -2.392407590541571949e+01 3.264774612862361813e+00 -3.082409811287477552e+01 -2.545734408533313342e+01 -5.966526416522803800e+01 -1.068224386810893805e+02 -3.289477216023669115e+01 -1.536782128820288129e+01 5.946603473665054196e+01 -7.567527666247737272e+01 7.325974797647075043e+00 3.585254310585929005e+01 -8.168804301471338647e+01 -2.615543552533756255e+01 -9.992305070973468162e+01 4.563111071687600884e+00 2.059317312083776841e+01 2.012188827185702067e+01 2.547973071707024673e+01 1.065392032890334235e+02 -3.571267895464018949e+01 3.141956347385460546e+01 3.559822608076903094e+01 -2.482361941886419032e+01 -7.016186490069884485e+00 3.008281233451826964e+01
2.065012555307899689e+01 9.637666078969567707e+01 -7.810921253771197392e+00 7.433487811868365824e+00 6.279282098184523875e+00 7.710212259141229652e+01 -4.407612663794182595e+01 4.460973590628467633e+01 -7.505350715799291095e+01 7.909980900697136974e+01 1.951513388650066716e+01 -1.795378658888639478e+01 6.204914546427073674e+01 -5.411055439659293143e+01 1.006710465448639695e+02 -6.465040063350389232e+01 -1.097785792741497701e+01 -2.636052651849466955e+01 2.210420015092643453e+01 -3.273603634097538162e+01 -1.855380921308567821e+01 9.156449553788943874e+00 2.388232941707010326e+01 3.762424227375037589e+01 -6.372351623494934358e+01 -4.493714391512965278e+01 2.898120090171254049e+00 2.403041938980382497e+01 9.783867397384507569e+01 -5.525654143127082563e+01 6.308442268841174183e+01 1.838752419547088479e+01 9.216000034501519167e+01 9.718102248090312401e+01 5.002542161725990155e+01 -2.134509063976653565e+01 7.640318651613921475e+01 -4.444405681521937623e+01 4.140937662933575325e+01 3.169319409019799849e+01 -5.673406651175138649e+01 -3.584349891328109550e+01 9.543172067165292560e+01 -3.973139664486031108e+01 1.640937451119841350e+00 2.975512484296952920e+01 -5.640725559170152792e+01 8.601057946601583737e+00 4.874073250890953091e+01 -6.790763809529565265e+01 8.841766386275800471e+01 -5.079561974710163241e+00 -5.573009100893998635e+01 -2.570117879439018083e+01 4.518205149509531005e+00 -5.161603196647036640e+01 1.635594526318008946e+01 4.421685556510152537e+01 3.517331953819908819e+01 -2.350753336955342832e+01 -7.095381173688970478e+01 3.226552350631768462e+01 2.691856440075728329e+00 -6.671835297753550265e+01 -6.027914001191290083e+01 3.982758130935213359e+01 6.897243498678906803e+01 5.674741005734819055e+01 -8.344307040960039501e+01 1.444512328209683361e+01 1.637204507484486982e+01 -4.873737085789182544e+01 1.956636738124176489e+01 -4.933090992877139769e+01 2.484657490427979099e+01 8.076848024643521029e+00 -1.227781095639244313e+01 -2.801430609506889624e+01 4.031425795975668080e+01 2.199673125134175677e+01 -2.050305936147579189e+01 -1.594656922257059684e+01 5.571422371026704923e+01 2.688921770394098232e+01 -1.647891161958427020e+01 -3.744519975583271076e+01 3.149863001353249814e+01 -3.077101278384726868e+01 9.742590582753082984e+00 -1.604327963997094741e+01 -1.430820604494098234e+02 -3.366582929124619028e+01 -5.991777062344451288e+00 -5.704302853305357246e+00 7.928498220970035959e+01 -5.394054231823803747e+01 6.718159297311987643e+01 1.188950306874549341e+02 5.866940719941233340e+01 -2.061347607925736725e+01
5.050818151438702586e+01 -5.043312175631739080e+01 -5.326363435957392589e+00 7.504777734734894068e+01 2.290620984789066128e+01 -1.058738037650932995e+01 -1.317486295696778882e+02 -3.829916050974637898e+01 2.361386209157140481e+00 7.582673061898184130e+01 -4.581414653661675374e+01 8.068268608862993574e+00 -1.998869946933718467e+01 -7.328040281164545888e+01 -2.630104502986936055e+01 4.012244678285831156e+01 -4.621077051512715173e+01 -6.092699208663824351e+01 3.433099814561430652e+00 -1.872179313826719849e+01 -4.196193551899434482e+01 -2.073474605690521244e+01 -4.682164293383139864e+01 6.656090611491251252e+00 2.076258314989125253e+01 -2.987098977456706805e+01 -6.012768894466138647e+01 -7.927816913916007024e+01 6.083177446474036998e+01 5.441449612364411337e+01 1.074807474264702911e+01 3.646767315436153467e+01 6.549194937399434480e+00 -6.955169489106422986e+01 -6.053925669322979530e+01 -3.857279386140948674e+01 9.637677893514712935e+01 9.856987224231117750e+01 4.887981877779306217e+01 4.758901401098841433e+01 1.539069891766306419e+01 -7.721928360348229603e+00 3.469370482810769118e+01 2.782732605712656593e+01 -3.281339184542698462e+01 -1.074940958927109236e+01 -7.695682707424451507e+01 3.277016401350039843e+01 -4.710675464629763098e+01 -2.382016835164977309e+01 -3.843325084544266446e+01 -3.423904374682777529e+01 -5.921584686830956912e+01 9.957446816213814600e+01 -6.323912871072965203e+01 -7.971803228843498346e+01 4.752001812316229490e+01 -3.359622526500187689e+01 -4.146035772400841068e+01 8.987285675083890313e-01 -3.321397274583893022e+01 -8.267516703931077870e+01 -3.816517584753017900e+01 1.378118592028273959e+01 2.700364580553928207e+01 4.249992611099858664e+01 -1.905212398671536533e+01 3.381483891110457307e+01 -1.255368401776093323e+00 -5.065711994072271906e+00 4.057365596134946628e+01 -2.116112231437214675e+01 1.165929033214755037e+02 -1.785448396986247843e+01 -7.951296314373422547e+01 1.198132298720583044e+01 -7.348873322911366301e+01 2.146905436702816417e+01 7.712353267487623043e+01 3.493163026295609086e+01 -6.855078451395678840e+00 -8.649009237273899942e+01 -4.197352245101696866e+01 -2.971470191667660998e+01 3.568599743527838086e+01 -7.138907014890619962e+01 -6.135069249244760670e+01 -2.713193115646964415e+00 2.703570011356909930e+01 5.026325042892969108e+00 1.009365550411525021e+02 -2.017224236243274049e+01 -1.047942221441216333e+02 5.264654928900806397e+01 1.477685833698123652e+01 6.250126502237668547e+01 -3.241262185483132185e+01 -5.470277501804597620e+01 5.043596490405092503e+00 1.909663935527319367e+01
1.783428410278649423e+01 2.265528781060077179e+01 9.605071026945545043e+00 4.151101184516865494e+00 7.693819842394317376e+00 3.373332012127349344e+00 3.165097801597043681e+00 6.607841122477450924e+00 2.294699794765061185e+01 -1.892407888809585437e+00 1.566468795663542357e+00 -2.002557463985174024e+01 1.243794685644756193e+01 -3.056168215924311315e+00 -1.725023312341354753e+01 -4.428659261311235440e+00 -1.631615361270889863e+01 3.911547316658379625e+00 -2.847990541352334870e-01 3.059821416259302040e+00 -6.798467356016892005e+00 -1.745231979814668222e+01 -1.648089359447185132e+01 5.250785156235947548e-01 1.151919039453830607e+01 -6.922994782061636876e+00 -3.149825454898198096e+00 9.107192330494482846e+00 1.504612691807060010e+01 -1.818972771351939466e+00 -4.075802302800483723e+00 9.872710142967521918e+00 1.061220290477843248e-01 4.064057719982725025e+00 -1.284447509573714719e+01 1.964973537733962061e+01 1.944082977229777143e+01 9.160014032051059019e+00 -2.708762691743600737e+00 -1.567300377961635682e+00 3.805545432145076568e+00 1.340944786845369485e+01 -4.399317587956003806e+00 4.119310560980036229e+00 -6.817762964394479042e+00 6.838492713349410224e+00 4.003676671827284927e+00 4.442269254794016575e+00 2.409338135884243925e+01 1.129283349048963636e+01 -6.898671871440178460e-01 -8.354801187030268750e+00 1.139001083558720850e+01 -4.426267079819237615e+00 9.598406479596778951e+00 8.536254857566397902e+00 1.201045103745288500e+01 3.222439422869236125e+00 -1.045612477155568421e+01 -6.970598303688950281e+00 -3.578782866807603824e+00 -2.247837735405003556e+01 -1.116488043739005143e+01 1.559956854962720385e+01 -3.970727360376803405e-01 -1.734666329233354842e+00 2.187011467415203469e+01 -2.420039325645917838e+00 6.471653009926567890e+00 -7.461251632519120491e+00 9.202694255878991925e+00 -4.715417832861686698e+00 -1.720595718058842427e-01 -4.272534216518045769e-01 -4.686889089499329586e+00 6.395959483470478046e-01 -6.038624094482631044e+00 -4.987241106845217153e+00 -1.168882910799453256e+01 -2.092723959632859021e+01 -6.444291715219931937e+00 -3.010668212064389504e+00 1.164977875458475332e+01 -1.482529311721364529e+01 1.435224851432971294e+00 7.023745225458720931e+00 -1.600323515764280913e+01 -5.124065362549380609e+00 -1.957562356032638462e+01 8.939464585651829553e-01 4.034350889574056964e+00 3.941655566773971664e+00 4.991651145769132825e+00 2.087175939155780924e+01 -6.996322474419177873e+00 6.155302382721782983e+00 6.973928667576140938e+00 -4.863115841838313358e+00 -1.374536132357029761e+00 5.893396881811568733e+00
4.045493437899462918e+00 1.888086285003545584e+01 -1.530215157007378979e+00 1.456272985855284086e+00 1.230161529251605268e+00 1.510481046613777245e+01 -8.634818241407634432e+00 8.739355341292077028e+00 -1.470350494708072198e+01 1.549619253955557951e+01 3.823142995110055953e+00 -3.517254007596300358e+00 1.215584144331883820e+01 -1.060060614326439143e+01 1.972215882915625684e+01 -1.266542680441394886e+01 -2.150609314828558993e+00 -5.164214281531828377e+00 4.330360840870294048e+00 -6.413274088036197362e+00 -3.634774114323735539e+00 1.793822384371275724e+00 4.678720408899111227e+00 7.370813129461643243e+00 -1.248386134652629131e+01 -8.803463060422416220e+00 5.677488555174737828e-01 4.707710721408865595e+00 1.916727997319478405e+01 -1.082512720905947567e+01 1.235865146709734397e+01 3.602125123548256536e+00 1.805474521065583104e+01 1.903843061741303799e+01 9.800291394531527089e+00 -4.181652293998620706e+00 1.496792591680455153e+01 -8.706897716044890601e+00 8.112309335534904520e+00 6.209045129985938161e+00 -1.111454969840895934e+01 -7.021985727732044325e+00 1.869570872485267543e+01 -7.783632294623866521e+00 3.214037349340421734e-01 5.829227250780035341e+00 -1.105053831101703921e+01 1.684997725363487797e+00 9.548658616396993537e+00 -1.330355412731695708e+01 1.732161552069216981e+01 -9.950761703582604589e-01 -1.091789360230951189e+01 -5.035035358346378054e+00 8.851504482042384936e-01 -1.011191072722097317e+01 3.204240109074242060e+00 8.662371936768712644e+00 6.890665924456466307e+00 -4.605268787786370943e+00 -1.390028807887504669e+01 6.321042391145186734e+00 5.273472046274862990e-01 -1.307057484111574652e+01 -1.180905986946735275e+01 7.802453779277976231e+00 1.351218141147937679e+01 1.111716330432401456e+01 -1.634703840081791881e+01 2.829877643899286976e+00 3.207468641958203470e+00 -9.547934813430778433e+00 3.833187295807496842e+00 -9.664218748524559643e+00 4.867593499106828148e+00 1.582319679179719163e+00 -2.405296900094048507e+00 -5.488181056326791207e+00 7.897844428559482211e+00 4.309287792439825182e+00 -4.016754920835620801e+00 -3.124034090527181284e+00 1.091479621755825136e+01 5.267758087069836392e+00 -3.228323946393789612e+00 -7.335786003892315499e+00 6.170785085487065835e+00 -6.028169832276851992e+00 1.908662988049391718e+00 -3.142982020751678984e+00 -2.803079501572193877e+01 -6.595285249925541216e+00 -1.173837055607132696e+00 -1.117503907333220026e+00 1.553244962335214296e+01 -1.056731012615420084e+01 1.316130064570413083e+01 2.329236003192780302e+01 1.149372077789598556e+01 -4.038309454414341637e+00
9.894895037759502188e+00 -9.880201791255778687e+00 -1.043459267011651814e+00 1.470234387758800843e+01 4.487500071424045167e+00 -2.074143630845845632e+00 -2.581047020140545811e+01 -7.503042322687794474e+00 4.626115154993065137e-01 1.485496479878281484e+01 -8.975285656779879773e+00 1.580621164950933188e+00 -3.915942982110655279e+00 -1.435611901117049349e+01 -5.152562138474470643e+00 7.860248646250221682e+00 -9.052996979639164721e+00 -1.193600969386193000e+01 6.725853795304110871e-01 -3.667820781954213238e+00 -8.220595158806604630e+00 -4.062103941980599764e+00 -9.172682407516514758e+00 1.303968255873963145e+00 4.067513909452107335e+00 -5.851898090485454063e+00 -1.177940770513352930e+01 -1.553111764750340384e+01 1.191737125535446395e+01 1.066013191376978320e+01 2.105619002486399438e+00 7.144449536251243238e+00 1.283025471187581257e+00 -1.362564942698785764e+01 -1.186004012661974905e+01 -7.556674758073617326e+00 1.888088869211543752e+01 1.931051285981528665e+01 9.575748499006650150e+00 9.322937217889275985e+00 3.015141965985727257e+00 -1.512777126583760179e+00 6.796718168702145846e+00 5.451527955566061401e+00 -6.428377321343495154e+00 -2.105884779235696502e+00 -1.507635829628229551e+01 6.419861635023976554e+00 -9.228539725612376898e+00 -4.666528539139732423e+00 -7.529329059089553411e+00 -6.707659519796854042e+00 -1.160079554998942264e+01 1.950731953606106828e+01 -1.238897458543977237e+01 -1.561728199764391789e+01 9.309442664364931730e+00 -6.581719417275809114e+00 -8.122367705654285785e+00 1.759366134053832187e-01 -6.506833503217973380e+00 -1.619663793181156919e+01 -7.476805460296477968e+00 2.699824327280456071e+00 5.290186739391326221e+00 8.326128621857678880e+00 -3.732453723261428102e+00 6.624543462109052427e+00 -2.459355183816557266e-01 -9.924318776196230374e-01 7.948450872013193447e+00 -4.145620617389862872e+00 2.284135268927525075e+01 -3.497812434278991134e+00 -1.557710815932766657e+01 2.347203505136603141e+00 -1.439692011884031686e+01 4.205878508756040191e+00 1.510902408088565352e+01 6.843323640238829775e+00 -1.342865991192115915e+00 -1.694396421819203269e+01 -8.222878512191762468e+00 -5.821348068718847912e+00 6.991083256564162518e+00 -1.398560249795631272e+01 -1.201898135849432236e+01 -5.315501839905594217e-01 5.296480254818131783e+00 9.846891130684247706e-01 1.977419021974649382e+01 -3.951757196821008122e+00 -2.052989447441469650e+01 1.031382018828748137e+01 2.894885615268813606e+00 1.224440582911660691e+01 -6.349848374911286619e+00 -1.071665291744331938e+01 9.880929078897416895e-01 3.741151201287268080e+00
1.764018360728237145e+00 2.240876221399858981e+00 9.500499314036332521e-01 4.105925813524111123e-01 7.610053556869885716e-01 3.336605673696416141e-01 3.130657155599276265e-01 6.535896445313689185e-01 2.269728245298997749e+00 -1.871813665364880086e-01 1.549415041516699343e-01 -1.980763372350958340e+00 1.230255883591980570e+00 -3.022893297302973181e-01 -1.706251297247624699e+00 -4.380418880514147517e-01 -1.613855695873743334e+00 3.868980951675556890e-01 -2.816753398162736080e-02 3.026901879522306271e-01 -6.724476018414644596e-01 -1.726235243376361472e+00 -1.630149273563148427e+00 5.193473501492747169e-02 1.139382742194700926e+00 -6.847582106350157405e-01 -3.115560313019924421e-01 9.008070036775310818e-01 1.488239944843578355e+00 -1.799168116114061577e-01 -4.031392044822068588e-01 9.765066355814484567e-01 1.049606565885475434e-02 4.019828379939912044e-01 -1.270469712674958229e+00 1.943588428813139757e+00 1.922928424121763902e+00 9.060330408362594623e-01 -2.679137985718679782e-01 -1.550277767870113788e-01 3.764116220883691466e-01 1.326348522379316108e+00 -4.351434413292070702e-01 4.074465068937344614e-01 -6.743636273041506701e-01 6.764037458023981486e-01 3.960125305254496575e-01 4.393939848015096516e-01 2.383119467276173964e+00 1.116992307511881277e+00 -6.823499662981838410e-02 -8.263798380580101854e-01 1.126602744721808103e+00 -4.378088910549106094e-01 9.493924521936529803e-01 8.443326003918137923e-01 1.187966596532207708e+00 3.187399130941516168e-01 -1.034234455260818475e+00 -6.894603809382829906e-01 -3.539825187703599108e-01 -2.223375913626960187e+00 -1.104331472784779944e+00 1.542977761793969060e+00 -3.927369282681379692e-02 -1.715860207228043777e-01 2.163212017484142713e+00 -2.393691458595529620e-01 6.401223813386170969e-01 -7.380021991310957707e-01 9.102725679681495929e-01 -4.664096525776922908e-01 -1.701840986055006694e-02 -4.226115897510489966e-02 -4.635880820255162127e-01 6.326404279040985512e-02 -5.972872987178352577e-01 -4.932933123931483865e-01 -1.156161539015738482e+00 -2.069948191696868278e+00 -6.374135911089019446e-01 -2.977911681742970162e-01 1.152296596037567289e+00 -1.466393713378742802e+00 1.419625050117833132e-01 6.947290448142082742e-01 -1.582905970669268303e+00 -5.068344773119972668e-01 -1.936260105406506948e+00 8.842198676777983379e-02 3.990454320041509351e-01 3.898324313291892107e-01 4.937324532714474912e-01 2.064461460123697911e+00 -6.920139109188004900e-01 6.088308676135189001e-01 6.898023140434504930e-01 -4.810189741362451699e-01 -1.359597924001189895e-01 5.829221134560865769e-01
4.001457725996774295e-01 1.867540297497390256e+00 -1.513564670318517102e-01 1.440426749626832481e-01 1.216782484366751710e-01 1.494039861245227696e+00 -8.540850492481664169e-01 8.644249193271414944e-01 -1.454349937670990300e+00 1.532754740842980024e+00 3.781529744560828687e-01 -3.478957211373860936e-01 1.202353764827586158e+00 -1.048521456925247453e+00 1.950753889881990499e+00 -1.252755513644555618e+00 -2.127170462211461777e-01 -5.108020791310358133e-01 4.283230058721780309e-01 -6.343552169343645852e-01 -3.595164063566453905e-01 1.774313973358331575e-01 4.627812790158957190e-01 7.290557016743769436e-01 -1.234798679239703434e+00 -8.707618525793607844e-01 5.615547797300072391e-02 4.656461638129747449e-01 1.895870152408443365e+00 -1.070730951994450564e+00 1.222413101897440013e+00 3.562782738719901254e-01 1.785822160966758609e+00 1.883124124199192506e+00 9.693598369914487867e-01 -4.136147371284689123e-01 1.480505419524747124e+00 -8.612144852032908027e-01 8.023938327080323285e-01 6.141631381093929365e-01 -1.099354029571369074e+00 -6.945564960742530713e-01 1.849222298655085472e+00 -7.698899440280156936e-01 3.178249374427907781e-02 5.765781929157293151e-01 -1.093024134892076615e+00 1.666649949476342318e-01 9.444760306070971723e-01 -1.315875251632125265e+00 1.713309418209690849e+00 -9.841928344168641984e-02 -1.079906006176222677e+00 -4.980237828122283106e-01 8.755212324773156696e-02 -1.000183588540201507e+00 3.169366881308721129e-01 8.568084947131535678e-01 6.815641637212755954e-01 -4.555128552940800324e-01 -1.374895329944548772e+00 6.252257797224624047e-01 5.216010292375237306e-02 -1.292832054917878226e+00 -1.168049943482209807e+00 7.717489850660780304e-01 1.336514103681724297e+00 1.099612487118435400e+00 -1.616909889824767577e+00 2.799055209846377235e-01 3.172650162118693107e-01 -9.443965697203421383e-01 3.791473549380760533e-01 -9.558990844178841817e-01 4.814595172935053347e-01 1.565111369959708565e-01 -2.379107887867880078e-01 -5.428437790676341468e-01 7.811899509648411177e-01 4.262363239232567214e-01 -3.973119738934897116e-01 -3.090025955741582120e-01 1.079600980766598273e+00 5.210401052640072361e-01 -3.193181242676060849e-01 -7.255969624775000515e-01 6.103614470423169847e-01 -5.962466773467347547e-01 1.887918728845296990e-01 -3.108769725317079846e-01 -2.772578720629477633e+00 -6.523411542499879534e-01 -1.161070658506156428e-01 -1.105332505412650879e-01 1.536338625202594566e+00 -1.045229358932106445e+00 1.301802753561612347e+00 2.303888354514760373e+00 1.136861456099236056e+00 -3.994346979027342814e-01
9.787205833487135909e-01 -9.772686331488789069e-01 -1.032089195861726899e-01 1.454230443229839853e+00 4.438683334550269644e-01 -2.051574990101897034e-01 -2.552959201339559669e+00 -7.421356934457630228e-01 4.575767166140542325e-02 1.469328688418309214e+00 -8.877585403813844644e-01 1.563409932324493767e-01 -3.873350253268485477e-01 -1.419986667426168303e+00 -5.096496286412386389e-01 7.774690371191003146e-01 -8.954463029210876224e-01 -1.180610527342642602e+00 6.652869690201593245e-02 -3.628017006279330436e-01 -8.131088829566847087e-01 -4.017926984471599239e-01 -9.072859612160864007e-01 1.289770733267953662e-01 4.023225595041185487e-01 -5.788172398169196819e-01 -1.165119184773032002e+00 -1.536207209058355838e+00 1.178768818401890739e+00 1.054407021948631673e+00 2.082700877184116839e-01 7.066917831999298683e-01 1.269054430849951287e-01 -1.347735855468509270e+00 -1.173095095555517942e+00 -7.474436800359117727e-01 1.867543178839059070e+00 1.910035890641639700e+00 9.471364682422951375e-01 9.221384598587432091e-01 2.982326941641469387e-01 -1.496311936891080996e-01 6.722730837631386569e-01 5.392156524810620688e-01 -6.358429165700372199e-01 -2.082968913851913073e-01 -1.491227081961080891e+00 6.349949391379510200e-01 -9.128111431353962413e-01 -4.615736605390703406e-01 -7.447378730088067833e-01 -6.634656563730351175e-01 -1.147455239590770670e+00 1.929502310505925244e+00 -1.225414240800785537e+00 -1.544728925254100993e+00 9.208063703693072366e-01 -6.510077933753074531e-01 -8.033972676748437625e-01 1.738645243589867842e-02 -6.436006959324461763e-01 -1.602037991889950108e+00 -7.395419657040664951e-01 2.670437220310155624e-01 5.232599372079859146e-01 8.235639579504553387e-01 -3.691848586484447470e-01 6.552431267809664117e-01 -2.432593375800114199e-02 -9.816605693602699356e-02 7.861700099292016075e-01 -4.100518653415510806e-01 2.259277863516094165e+00 -3.459742283226718840e-01 -1.540755335908735368e+00 2.321635411686157335e-01 -1.424020897593667234e+00 4.160038615120192906e-01 1.494458956918477188e+00 6.768822170974133634e-01 -1.328142181554760604e-01 -1.675952042627159022e+00 -8.133363489570016869e-01 -5.758036678042104395e-01 6.914942283602064643e-01 -1.383339270593505921e+00 -1.188813277970252935e+00 -5.257859848360169064e-02 5.238841110803093004e-01 9.739699947379544531e-02 1.955902388973473016e+00 -3.908602000603208504e-01 -2.030645669329348646e+00 1.020157701411870788e+00 2.863378387196280350e-01 1.211112742613984716e+00 -6.280736309586550936e-01 -1.060003062511219785e+00 9.773611121101692667e-02 3.700423201560296693e-01
