# 
#                 ----------------------------------------------------
#                 Data from a 3D direct N-body simulation. 
# 
#                 rows are i-particle; 
#                 coumns are :mass, tag, x ,y, z, vx, vy, vz, ax, ay, az
# 
#                 NTHU, Computational Physics Lab
# 
#                 ----------------------------------------------------
#                 Time = 5.499999999999927
1.000000000000000000e+00 2.000000000000000000e+00 3.000000000000000000e+00 4.000000000000000000e+00 5.000000000000000000e+00 6.000000000000000000e+00 7.000000000000000000e+00 8.000000000000000000e+00 9.000000000000000000e+00 1.000000000000000000e+01 1.100000000000000000e+01 1.200000000000000000e+01 1.300000000000000000e+01 1.400000000000000000e+01 1.500000000000000000e+01 1.600000000000000000e+01 1.700000000000000000e+01 1.800000000000000000e+01 1.900000000000000000e+01 2.000000000000000000e+01 2.100000000000000000e+01 2.200000000000000000e+01 2.300000000000000000e+01 2.400000000000000000e+01 2.500000000000000000e+01 2.600000000000000000e+01 2.700000000000000000e+01 2.800000000000000000e+01 2.900000000000000000e+01 3.000000000000000000e+01 3.100000000000000000e+01 3.200000000000000000e+01 3.300000000000000000e+01 3.400000000000000000e+01 3.500000000000000000e+01 3.600000000000000000e+01 3.700000000000000000e+01 3.800000000000000000e+01 3.900000000000000000e+01 4.000000000000000000e+01 4.100000000000000000e+01 4.200000000000000000e+01 4.300000000000000000e+01 4.400000000000000000e+01 4.500000000000000000e+01 4.600000000000000000e+01 4.700000000000000000e+01 4.800000000000000000e+01 4.900000000000000000e+01 5.000000000000000000e+01 5.100000000000000000e+01 5.200000000000000000e+01 5.300000000000000000e+01 5.400000000000000000e+01 5.500000000000000000e+01 5.600000000000000000e+01 5.700000000000000000e+01 5.800000000000000000e+01 5.900000000000000000e+01 6.000000000000000000e+01 6.100000000000000000e+01 6.200000000000000000e+01 6.300000000000000000e+01 6.400000000000000000e+01 6.500000000000000000e+01 6.600000000000000000e+01 6.700000000000000000e+01 6.800000000000000000e+01 6.900000000000000000e+01 7.000000000000000000e+01 7.100000000000000000e+01 7.200000000000000000e+01 7.300000000000000000e+01 7.400000000000000000e+01 7.500000000000000000e+01 7.600000000000000000e+01 7.700000000000000000e+01 7.800000000000000000e+01 7.900000000000000000e+01 8.000000000000000000e+01 8.100000000000000000e+01 8.200000000000000000e+01 8.300000000000000000e+01 8.400000000000000000e+01 8.500000000000000000e+01 8.600000000000000000e+01 8.700000000000000000e+01 8.800000000000000000e+01 8.900000000000000000e+01 9.000000000000000000e+01 9.100000000000000000e+01 9.200000000000000000e+01 9.300000000000000000e+01 9.400000000000000000e+01 9.500000000000000000e+01 9.600000000000000000e+01 9.700000000000000000e+01 9.800000000000000000e+01 9.900000000000000000e+01 1.000000000000000000e+02
2.000000000000000111e-01 2.000000000000000111e-01 2.000000000000000111e-01 2.000000000000000111e-01 2.000000000000000111e-01 2.000000000000000111e-01 2.000000000000000111e-01 2.000000000000000111e-01 2.000000000000000111e-01 2.000000000000000111e-01 2.000000000000000111e-01 2.000000000000000111e-01 2.000000000000000111e-01 2.000000000000000111e-01 2.000000000000000111e-01 2.000000000000000111e-01 2.000000000000000111e-01 2.000000000000000111e-01 2.000000000000000111e-01 2.000000000000000111e-01 2.000000000000000111e-01 2.000000000000000111e-01 2.000000000000000111e-01 2.000000000000000111e-01 2.000000000000000111e-01 2.000000000000000111e-01 2.000000000000000111e-01 2.000000000000000111e-01 2.000000000000000111e-01 2.000000000000000111e-01 2.000000000000000111e-01 2.000000000000000111e-01 2.000000000000000111e-01 2.000000000000000111e-01 2.000000000000000111e-01 2.000000000000000111e-01 2.000000000000000111e-01 2.000000000000000111e-01 2.000000000000000111e-01 2.000000000000000111e-01 2.000000000000000111e-01 2.000000000000000111e-01 2.000000000000000111e-01 2.000000000000000111e-01 2.000000000000000111e-01 2.000000000000000111e-01 2.000000000000000111e-01 2.000000000000000111e-01 2.000000000000000111e-01 2.000000000000000111e-01 2.000000000000000111e-01 2.000000000000000111e-01 2.000000000000000111e-01 2.000000000000000111e-01 2.000000000000000111e-01 2.000000000000000111e-01 2.000000000000000111e-01 2.000000000000000111e-01 2.000000000000000111e-01 2.000000000000000111e-01 2.000000000000000111e-01 2.000000000000000111e-01 2.000000000000000111e-01 2.000000000000000111e-01 2.000000000000000111e-01 2.000000000000000111e-01 2.000000000000000111e-01 2.000000000000000111e-01 2.000000000000000111e-01 2.000000000000000111e-01 2.000000000000000111e-01 2.000000000000000111e-01 2.000000000000000111e-01 2.000000000000000111e-01 2.000000000000000111e-01 2.000000000000000111e-01 2.000000000000000111e-01 2.000000000000000111e-01 2.000000000000000111e-01 2.000000000000000111e-01 2.000000000000000111e-01 2.000000000000000111e-01 2.000000000000000111e-01 2.000000000000000111e-01 2.000000000000000111e-01 2.000000000000000111e-01 2.000000000000000111e-01 2.000000000000000111e-01 2.000000000000000111e-01 2.000000000000000111e-01 2.000000000000000111e-01 2.000000000000000111e-01 2.000000000000000111e-01 2.000000000000000111e-01 2.000000000000000111e-01 2.000000000000000111e-01 2.000000000000000111e-01 2.000000000000000111e-01 2.000000000000000111e-01 2.000000000000000111e-01
3.826197946209997980e+01 4.860488364855802246e+01 2.060700763627379928e+01 8.905831633974424122e+00 1.650656140222884005e+01 7.237249222702827112e+00 6.790430485102175950e+00 1.417667576626246628e+01 4.923077760776069312e+01 -4.059997534505479955e+00 3.360746996317317770e+00 -4.296318088587532458e+01 2.668465260263596406e+01 -6.556802185914585301e+00 -3.700886108294828603e+01 -9.501468076540351859e+00 -3.500502377600265902e+01 8.391882166853823932e+00 -6.110992172925270305e-01 6.563223212755278979e+00 -1.458554797521224167e+01 -3.744259280741990636e+01 -3.535850012255738761e+01 1.126571468825587452e+00 2.471344445756186659e+01 -1.485294821949778132e+01 -6.757631605538445996e+00 1.953873986383238304e+01 3.228011884095778328e+01 -3.902483265021206460e+00 -8.744479355693286493e+00 2.118177609926820537e+01 2.276989443247063594e-01 8.719091797334154847e+00 -2.755670137282687904e+01 4.215685117965562512e+01 4.170854695287397362e+01 1.965201579496292084e+01 -5.811941664651140371e+00 -3.362386877393806373e+00 8.164523199049600777e+00 2.876893199402326573e+01 -9.438382069716187317e+00 8.837685318054957051e+00 -1.462667725267907493e+01 1.467152061608635272e+01 8.589474573425750492e+00 9.530455114062354127e+00 5.169022838627326877e+01 2.422785398202065821e+01 -1.480085246951737599e+00 -1.792479529687272688e+01 2.443639496659913490e+01 -9.496206030759983818e+00 2.059264760234450264e+01 1.831391397743278304e+01 2.576767416542062250e+01 6.913364502471718964e+00 -2.243267921991290237e+01 -1.495530626004313746e+01 -7.678010164098598267e+00 -4.822540164241421934e+01 -2.395351311413649498e+01 3.346762573440150845e+01 -8.519377803986095676e-01 -3.721320258296356709e+00 4.692041132341803689e+01 -5.192027042398236425e+00 1.388437606522846046e+01 -1.600758592575146011e+01 1.974293875187571601e+01 -1.011654120857229344e+01 -3.691497976741304199e-01 -9.166073818781165228e-01 -1.005532601724605790e+01 1.372180179883680129e+00 -1.295547329629789246e+01 -1.069981697541953203e+01 -2.507740631471989801e+01 -4.489764070823405007e+01 -1.382576224112190744e+01 -6.459102492227454029e+00 2.499371343940408252e+01 -3.180645294562417291e+01 3.079082290971669522e+00 1.506890466376428428e+01 -3.433362739393525231e+01 -1.099308748910344491e+01 -4.199777153155384468e+01 1.917878295897829100e+00 8.655324324992966112e+00 8.458044474774613519e+00 1.070917296333848689e+01 4.477857998969723496e+01 -1.501016847409743704e+01 1.320569902087961189e+01 1.496200199801654840e+01 -1.043340540514475556e+01 -2.948875788316593916e+00 1.264391910519399609e+01
8.679293873652682123e+00 4.050721579745977152e+01 -3.282936600779566394e+00 3.124301603644080494e+00 2.639175617119415840e+00 3.240618352471147290e+01 -1.852525217265743152e+01 1.874953024418118375e+01 -3.154507706923075361e+01 3.324576677904124722e+01 8.202250454166328808e+00 -7.546036564609393871e+00 2.607936887097463341e+01 -2.274279157123769579e+01 4.231216013663706832e+01 -2.717272018159827596e+01 -4.614071037550768750e+00 -1.107935260195180227e+01 9.290434272021188988e+00 -1.375887116292173040e+01 -7.798289005880839397e+00 3.848444383158950099e+00 1.003775864074540181e+01 1.581359623068717646e+01 -2.678311104385809926e+01 -1.888721398181528954e+01 1.218111785703157590e+00 1.010004806314234749e+01 4.112170480859770549e+01 -2.322442021917187560e+01 2.651451456035498921e+01 7.728557667241064522e+00 3.873504557248547542e+01 4.084531679345874977e+01 2.102582463266462653e+01 -8.971365911568948803e+00 3.211232840837779889e+01 -1.867989499026673172e+01 1.740457555388158539e+01 1.332040809215707178e+01 -2.384550207944120359e+01 -1.506507647799453942e+01 4.011013008556409432e+01 -1.669920742844609762e+01 6.898349459766848213e-01 1.250613353022058938e+01 -2.370811436213157108e+01 3.615055369878490854e+00 2.048576619558262379e+01 -2.854171512220128903e+01 3.716209328199927597e+01 -2.135044981816849319e+00 -2.342346516260839451e+01 -1.080224568560778664e+01 1.899001287626710166e+00 -2.169434325376149886e+01 6.874430656505584381e+00 1.858443581361986929e+01 1.478345823146356963e+01 -9.880289191758283351e+00 -2.982209683418793844e+01 1.356123399570782162e+01 1.131404009801712629e+00 -2.804183546221910817e+01 -2.533548846051712644e+01 1.673968145686927755e+01 2.898919340696579638e+01 2.385111145143659073e+01 -3.507130861822928125e+01 6.071351691136568363e+00 6.881034894288288406e+00 -2.048449569485507737e+01 8.223768011023841140e+00 -2.073394886474009624e+01 1.044309615344368147e+01 3.394689310854833941e+00 -5.160404114040644252e+00 -1.177448212080274281e+01 1.694412896374075217e+01 9.245306755104570229e+00 -8.617322918360178718e+00 -6.702383398152340632e+00 2.341677182188430351e+01 1.130162866878299255e+01 -6.926126939328518084e+00 -1.573823846191522691e+01 1.323894602465480119e+01 -1.293328039085196757e+01 4.094775056854038198e+00 -6.743027220122049137e+00 -6.013750861363728717e+01 -1.414997360957731232e+01 -2.518337424107930822e+00 -2.397544309071315549e+00 3.332363816128284384e+01 -2.267131230007924003e+01 2.823659283598703951e+01 4.997173133422042923e+01 2.465887487131533362e+01 -8.663898999262778844e+00
2.122866889635115584e+01 -2.119709612382658648e+01 -2.238703952297359745e+00 3.154275300119141789e+01 9.627476351081613259e+00 -4.449883905107411941e+00 -5.537411271173547789e+01 -1.609724767387141853e+01 9.924944724220359227e-01 3.187010748253286962e+01 -1.925579372934214817e+01 3.391122114345936911e+00 -8.401235632832710465e+00 -3.079988822398524917e+01 -1.105435094517427430e+01 1.686355118570579847e+01 -1.942247359178836774e+01 -2.560771357740594567e+01 1.442898313256026244e+00 -7.868592856755450171e+00 -1.763673880507083780e+01 -8.714788458544770577e+00 -1.967919939364308846e+01 2.797576371736831380e+00 8.726583412570141363e+00 -1.255489261972049420e+01 -2.527179376627309537e+01 -3.332076861172188842e+01 2.556765997385839029e+01 2.287057909035736358e+01 4.517436540867294958e+00 1.532701663154875149e+01 2.752650564975516190e+00 -2.923268548111169807e+01 -2.544476868079695109e+01 -1.621219986712727490e+01 4.050725956738207856e+01 4.142905874848061387e+01 2.054456941213409138e+01 2.000189778719153111e+01 6.468735741675008200e+00 -3.245540866257185186e+00 1.458184917520605417e+01 1.169594311079333337e+01 -1.379149561286457981e+01 -4.517988254957032268e+00 -3.234508894036115123e+01 1.377342962209355015e+01 -1.979902792937292944e+01 -1.001166301771231915e+01 -1.615356778404104787e+01 -1.439072702894818789e+01 -2.488849294709960347e+01 4.185129303993423378e+01 -2.657950465202972268e+01 -3.350566086656814946e+01 1.997285022701424850e+01 -1.412056600482700297e+01 -1.742584837635100570e+01 3.780217068506492306e-01 -1.395990478412912950e+01 -3.474847682795363824e+01 -1.604090829479255120e+01 5.792261717428954348e+00 1.134969806926834224e+01 1.786255704387108523e+01 -8.007608443091887906e+00 1.421245807218755530e+01 -5.276325878643350897e-01 -2.129073159505938673e+00 1.705361574528409108e+01 -8.894024161899904968e+00 4.900415444184798730e+01 -7.504272265750764781e+00 -3.341946867690806755e+01 5.035810254061826363e+00 -3.088747653454619879e+01 9.023597123901518913e+00 3.241514022714846277e+01 1.468186212939624902e+01 -2.881397543923322146e+00 -3.635199083342735094e+01 -1.764157956941926741e+01 -1.248905651229459934e+01 1.499898066402866981e+01 -3.000493982516992020e+01 -2.578587000732748180e+01 -1.140321681951155242e+00 1.136314029071330722e+01 2.112576817504943527e+00 4.242371780916231216e+01 -8.478691295320581744e+00 -4.404518628073350328e+01 2.212741863518947127e+01 6.210739363242367084e+00 2.626941486744255627e+01 -1.362308494406422099e+01 -2.299164446137103823e+01 2.119791934344732010e+00 8.026369372689195814e+00
1.148381773921451554e+01 1.458813328120391439e+01 6.184890973839844541e+00 2.672967845492032701e+00 4.954200309551565873e+00 2.172153862318294326e+00 2.038061210098061959e+00 4.254918176403253760e+00 1.477597605892633581e+01 -1.218554949916344166e+00 1.008679334553945983e+00 -1.289482624137230005e+01 8.009025404219853428e+00 -1.967926524262057830e+00 -1.110772830603064776e+01 -2.851708211593938280e+00 -1.050627277893808120e+01 2.518714139744756331e+00 -1.833958172034678424e-01 1.970138462988058725e+00 -4.377655889268856626e+00 -1.123787255276026542e+01 -1.061235582702418156e+01 3.381133864352982021e-01 7.417412382776801039e+00 -4.457864819180969107e+00 -2.028223769508677332e+00 5.864286965361745096e+00 9.688463021142162290e+00 -1.171272187006624499e+00 -2.624500872317602873e+00 6.357285216189096033e+00 6.833616184020913087e-02 2.616919452330859652e+00 -8.270784010947416220e+00 1.265281677823913320e+01 1.251828733941652949e+01 5.898294994470925090e+00 -1.744272316855128180e+00 -1.009200519891346959e+00 2.450463484177453299e+00 8.634592896511332327e+00 -2.832801120349404123e+00 2.652503016646283296e+00 -4.390054148113428312e+00 4.403438998083390565e+00 2.578031607323318486e+00 2.860450927365257190e+00 1.551415107935126514e+01 7.271660996490870943e+00 -4.442211477518733242e-01 -5.379833311852530109e+00 7.334240695919231001e+00 -2.850154985067440361e+00 6.180593430640614727e+00 5.496657259298910247e+00 7.733770796990398821e+00 2.074975831382034119e+00 -6.732880667258437590e+00 -4.488540234545765450e+00 -2.304445710418908888e+00 -1.447422385264108513e+01 -7.189286730905564582e+00 1.004484831998704664e+01 -2.556873707140051022e-01 -1.116956965269381818e+00 1.408255122463967091e+01 -1.558310322338329224e+00 4.167212365815399444e+00 -4.804443491818333634e+00 5.925713748043246021e+00 -3.036343010056716363e+00 -1.107932806849538931e-01 -2.751132805877052334e-01 -3.017971932675917568e+00 4.118454102609436784e-01 -3.888389594769593671e+00 -3.211384975077460346e+00 -7.526647404658008966e+00 -1.347542581902050429e+01 -4.149602604812673512e+00 -1.938620008913928272e+00 7.501510736216680186e+00 -9.546275510394469421e+00 9.241599062340003501e-01 4.522720507439835558e+00 -1.030477341042406181e+01 -3.299461386020128728e+00 -1.260508702732555619e+01 5.756273054237340814e-01 2.597787327236594557e+00 2.538256758469520591e+00 3.214214241300911379e+00 1.343969789030536077e+01 -4.505072114920741555e+00 3.963511158220636599e+00 4.490640213449649032e+00 -3.131447471454169573e+00 -8.850809584934499208e-01 3.794877027251858159e+00
2.604968567381737987e+00 1.215771764111277875e+01 -9.853318699153695848e-01 9.377193490033236545e-01 7.921198601100626346e-01 9.726266659953022753e+00 -5.560111980774462559e+00 5.627425543793710183e+00 -9.467845048780729300e+00 9.978275281724338086e+00 2.461792212656037204e+00 -2.264829283423440476e+00 7.827367686579814965e+00 -6.825928652689044362e+00 1.269944465792657518e+01 -8.155506644628427892e+00 -1.384827767285579769e+00 -3.325326772833417266e+00 2.788397950644481149e+00 -4.129595569718229164e+00 -2.340514764794730418e+00 1.155069394945048344e+00 3.012707796871998411e+00 4.746212331575909715e+00 -8.038585889672237528e+00 -5.668720115986556785e+00 3.655890578988491013e-01 3.031384404782427211e+00 1.234214727621761298e+01 -6.970495612954028530e+00 7.957964051002365480e+00 2.319522646714057501e+00 1.162578505435543086e+01 1.225918356313330726e+01 6.310595693885566959e+00 -2.692639207253231692e+00 9.638106333453825059e+00 -5.606525481999253380e+00 5.223691048991477182e+00 3.998058487479110301e+00 -7.156874827366280556e+00 -4.521582253275126639e+00 1.203850812669570836e+01 -5.012028292407784136e+00 2.069863822249217999e-01 3.753545657871216523e+00 -7.115651134013422308e+00 1.085003677273186806e+00 6.148544879268319718e+00 -8.566402970727265753e+00 1.115370135550023711e+01 -6.407664903748171437e-01 -7.030231781251978340e+00 -3.242149672647433700e+00 5.699628113966028753e-01 -6.511249560838244577e+00 2.063267985627183165e+00 5.577861183377777365e+00 4.437034698400797339e+00 -2.965422355223669371e+00 -8.950664454752734756e+00 4.070229539930787510e+00 3.395707952757105463e-01 -8.416379249636886328e+00 -7.604079733368052096e+00 5.024157108478573441e+00 8.700730530283697917e+00 7.158557983367434652e+00 -1.052616243761840487e+01 1.822217619605415173e+00 2.065314952282105043e+00 -6.148106775025536486e+00 2.468256783879019256e+00 -6.222981686640118859e+00 3.134339065665136648e+00 1.018879621902815558e+00 -1.548817975159421989e+00 -3.533943313708823197e+00 5.085560541542811563e+00 2.774836851551062633e+00 -2.586432128790492779e+00 -2.011624665577631532e+00 7.028232549505688986e+00 3.392013514984543399e+00 -2.078778618788844845e+00 -4.723636935782602464e+00 3.973483736300188696e+00 -3.881681268137003205e+00 1.229012349243008728e+00 -2.023824847917638170e+00 -1.804951151203522031e+01 -4.246856564535541168e+00 -7.558516429230481837e-01 -7.195841476377742296e-01 1.000163027301352869e+01 -6.804484246835915684e+00 8.474810393908935424e+00 1.499836173471165424e+01 7.401019302811804756e+00 -2.600344430240277838e+00
6.371500802046274892e+00 -6.362034639832163663e+00 -6.719070790600669696e-01 9.467113946228817412e+00 2.889574110827577424e+00 -1.335576628446209835e+00 -1.661981683791274378e+01 -4.831353597619230555e+00 2.978838909257999767e-01 9.565381285959151825e+00 -5.779354699292735376e+00 1.017793527135304910e+00 -2.521536954947795284e+00 -9.244166764651559731e+00 -3.317823455462323157e+00 5.061359946427621104e+00 -5.829390131182128343e+00 -7.685811626602260027e+00 4.330821601915263996e-01 -2.361735138574522441e+00 -5.293402888543973006e+00 -2.615650319291097148e+00 -5.906452850472952321e+00 8.396507463814665284e-01 2.619152546465236320e+00 -3.768155774248937551e+00 -7.584978400958991784e+00 -1.000077141050529761e+01 7.673803425280683932e+00 6.864266286198094313e+00 1.355846648546502831e+00 4.600360049345082913e+00 8.261658242390840234e-01 -8.773800166388324939e+00 -7.636897561904480547e+00 -4.865877423163698978e+00 1.215773312526287242e+01 1.243438342693418086e+01 6.166056311042058979e+00 6.003238230084334326e+00 1.941504224291741743e+00 -9.741048032097071596e-01 4.376534898180464594e+00 3.510351345133801537e+00 -4.139342797176237987e+00 -1.356015955719881649e+00 -9.707940563351314722e+00 4.133879569552973088e+00 -5.942419523925838831e+00 -3.004863275873222328e+00 -4.848272584119456496e+00 -4.319183058318298407e+00 -7.469956582908627851e+00 1.256111098636156420e+01 -7.977483152680384215e+00 -1.005625753791374244e+01 5.994539321921172004e+00 -4.238091222368245425e+00 -5.230137445384876571e+00 1.133446602698495592e-01 -4.189870859807151682e+00 -1.042930100770921698e+01 -4.814454219782320799e+00 1.738466872253109141e+00 3.406450835069944283e+00 5.361298841772048185e+00 -2.403388255679650864e+00 4.265668045096772332e+00 -1.583621553659387837e-01 -6.390341948033682051e-01 5.118237597093768798e+00 -2.669433919173227032e+00 1.470795213826284176e+01 -2.252305153483956435e+00 -1.003038862511930773e+01 1.511414620507353090e+00 -9.270444575574867230e+00 2.708264247198938435e+00 9.728971636498231490e+00 4.406547457356984943e+00 -8.647342868700578222e-01 -1.091053646114763076e+01 -5.294867438329672993e+00 -3.748454987056755616e+00 4.501703687338526549e+00 -9.005580931395629207e+00 -7.739253199248165238e+00 -3.422673175625242092e-01 3.410497401089134240e+00 6.340598902840334228e-01 1.273294154211317952e+01 -2.544659743232336790e+00 -1.321956976235171233e+01 6.641252346183978972e+00 1.864069350272142822e+00 7.884399701963536344e+00 -4.088783194872293691e+00 -6.900641792924475659e+00 6.362429944624994338e-01 2.408998742955677397e+00
1.764018565473841837e+00 2.240876323681495919e+00 9.500501632747361258e-01 4.105926170204892700e-01 7.610055507103999917e-01 3.336606502710488531e-01 3.130657275249226767e-01 6.535898189920461565e-01 2.269728404217306483e+00 -1.871813814987135505e-01 1.549415398254889997e-01 -1.980763571737814033e+00 1.230256093241382187e+00 -3.022894105875719717e-01 -1.706251411069971580e+00 -4.380420833547700177e-01 -1.613855949825171665e+00 3.868981216814985635e-01 -2.816762253923476775e-02 3.026888566811350434e-01 -6.724476792102234146e-01 -1.726235528706901556e+00 -1.630149569240028962e+00 5.193479925894214227e-02 1.139382850274671677e+00 -6.847585232917724474e-01 -3.115560102074270699e-01 9.008071210561733322e-01 1.488240018636467044e+00 -1.799168599437805105e-01 -4.031394319433693751e-01 9.765074381084063448e-01 1.049608948770228666e-02 4.019828773074570760e-01 -1.270469804758061594e+00 1.943588626157680466e+00 1.922928506068423582e+00 9.060331108256739485e-01 -2.679143395002718808e-01 -1.550276698755007898e-01 3.764117058946143124e-01 1.326348747546304496e+00 -4.351435022399505748e-01 4.074465992520907576e-01 -6.743634402923711635e-01 6.764039238307513191e-01 3.960124954516516249e-01 4.393939710031256052e-01 2.383119619741260298e+00 1.116992451985637347e+00 -6.823503644658249212e-02 -8.263801921082656321e-01 1.126602944613395607e+00 -4.378089582504012811e-01 9.493926230212117456e-01 8.443327834270285548e-01 1.187966977460819473e+00 3.187398391780982276e-01 -1.034234505767938961e+00 -6.894609201360065720e-01 -3.539825874041214182e-01 -2.223376077726060718e+00 -1.104331785337087757e+00 1.542977983719016954e+00 -3.927374780705045199e-02 -1.715857806930031204e-01 2.163212161659365584e+00 -2.393692063002195725e-01 6.401224364309995307e-01 -7.380023720990807057e-01 9.102719986941152364e-01 -4.664097093971998897e-01 -1.701842193349635199e-02 -4.226113482869288396e-02 -4.635881295752000142e-01 6.326403045741374465e-02 -5.972874720720411368e-01 -4.932934724739339583e-01 -1.156161664884362672e+00 -2.069948413635200435e+00 -6.374137320774964088e-01 -2.977911664148760185e-01 1.152296806719697031e+00 -1.466393897804693536e+00 1.419624487207531427e-01 6.947291658978029805e-01 -1.582906166032225448e+00 -5.068343677475234399e-01 -1.936260224055983636e+00 8.842198736861765773e-02 3.990454375082245209e-01 3.898340192845454188e-01 4.937325094448132834e-01 2.064461649303162893e+00 -6.920141274414733923e-01 6.088309457346809950e-01 6.898024095346088069e-01 -4.810190232022174550e-01 -1.359597315249035099e-01 5.829223036480123410e-01
4.001458414989445544e-01 1.867540404087042694e+00 -1.513564714963775704e-01 1.440426803614736628e-01 1.216782289398294220e-01 1.494040097482226104e+00 -8.540851136505519525e-01 8.644249872694881320e-01 -1.454350032477823795e+00 1.532754888284673322e+00 3.781530319594038625e-01 -3.478958201123716343e-01 1.202353921977584283e+00 -1.048521646751656267e+00 1.950754019440255060e+00 -1.252755753716762621e+00 -2.127171862057246066e-01 -5.108020975436678990e-01 4.283230592598410436e-01 -6.343550140683071881e-01 -3.595166278656497516e-01 1.774313656657235394e-01 4.627812848660256551e-01 7.290559117568401470e-01 -1.234798842750829406e+00 -8.707620652071202949e-01 5.615553741095603152e-02 4.656462618770872974e-01 1.895870267015384636e+00 -1.070731082534851275e+00 1.222413294520321214e+00 3.562788076933286474e-01 1.785822452161549112e+00 1.883124284288110850e+00 9.693600591442981251e-01 -4.136147626938935229e-01 1.480505475984588371e+00 -8.612145526766898929e-01 8.023942104109312856e-01 6.141626322196179766e-01 -1.099354311311481425e+00 -6.945565645335597393e-01 1.849222548258398380e+00 -7.698901014527561593e-01 3.178278370241333084e-02 5.765782689656064885e-01 -1.093024360070616874e+00 1.666650461657775140e-01 9.444760514279303409e-01 -1.315875445376242237e+00 1.713309618849171212e+00 -9.841948404108878667e-02 -1.079906159820517297e+00 -4.980238350320499441e-01 8.755211792788260283e-02 -1.000183779906823833e+00 3.169367238140254339e-01 8.568086279569080421e-01 6.815643466039117415e-01 -4.555129739117950161e-01 -1.374895667120345832e+00 6.252258138893476147e-01 5.216013292742475299e-02 -1.292832204660762097e+00 -1.168050205886150827e+00 7.717492358679752806e-01 1.336514187095536599e+00 1.099612770979193410e+00 -1.616910167890463601e+00 2.799056359331547061e-01 3.172647313827136606e-01 -9.443968690996284998e-01 3.791473813292355333e-01 -9.558993610538878416e-01 4.814596495799137177e-01 1.565111092474032739e-01 -2.379108547055832912e-01 -5.428438856898046838e-01 7.811900000691022194e-01 4.262364589755299749e-01 -3.973117312822097014e-01 -3.090026580775929732e-01 1.079601086862255865e+00 5.210402545127192919e-01 -3.193181862758624479e-01 -7.255969649437405966e-01 6.103615551016949858e-01 -5.962470835746143116e-01 1.887917928434600656e-01 -3.108770279546592685e-01 -2.772578805186372897e+00 -6.523415637882136187e-01 -1.161070470119442005e-01 -1.105332951663186153e-01 1.536338856731345626e+00 -1.045229503565675122e+00 1.301803015509470640e+00 2.303888525268217524e+00 1.136861636253080787e+00 -3.994347842397777959e-01
9.787206881808975245e-01 -9.772686888560406793e-01 -1.032089794303681224e-01 1.454230702672960618e+00 4.438683026676775722e-01 -2.051575036181222667e-01 -2.552959385776646162e+00 -7.421358701497796639e-01 4.575767675583350402e-02 1.469328869646441049e+00 -8.877587042965741082e-01 1.563410412823315054e-01 -3.873349758591287384e-01 -1.419986855815317695e+00 -5.096496440222154645e-01 7.774691655486268838e-01 -8.954464249730499370e-01 -1.180610657806282937e+00 6.652862773286162545e-02 -3.628013307204900895e-01 -8.131091083099063477e-01 -4.017926275688336046e-01 -9.072860359165562105e-01 1.289771085003288686e-01 4.023226744705380997e-01 -5.788174352454306115e-01 -1.165119369458351928e+00 -1.536207428824620136e+00 1.178768883180782989e+00 1.054407291302069893e+00 2.082701172019092717e-01 7.066910626696477626e-01 1.269054831473242217e-01 -1.347735995272473675e+00 -1.173095266117412550e+00 -7.474437470973119835e-01 1.867543273914393342e+00 1.910036065728942800e+00 9.471371654713380828e-01 9.221388712052700498e-01 2.982327271638050559e-01 -1.496312138531125657e-01 6.722732143412860628e-01 5.392158545602306896e-01 -6.358429355170204245e-01 -2.082969026128628220e-01 -1.491227265780286304e+00 6.349951590477413976e-01 -9.128112099020124770e-01 -4.615737264761918257e-01 -7.447379751212241938e-01 -6.634657325165382868e-01 -1.147455320387060995e+00 1.929502489694253864e+00 -1.225414368985054736e+00 -1.544729179352108073e+00 9.208066865168745840e-01 -6.510079006021002312e-01 -8.033973423552434046e-01 1.738701217509672561e-02 -6.436008026162408635e-01 -1.602038110354398359e+00 -7.395420924222260162e-01 2.670437650864195267e-01 5.232600379558178805e-01 8.235635959224718583e-01 -3.691848404476795187e-01 6.552432508887900964e-01 -2.432593490707344111e-02 -9.816596253966679286e-02 7.861709673622324646e-01 -4.100518521952700723e-01 2.259278050800219262e+00 -3.459742737874744734e-01 -1.540755587009766225e+00 2.321636465914042324e-01 -1.424021138642142192e+00 4.160041397961368181e-01 1.494459111071165802e+00 6.768823726793640194e-01 -1.328146191646304708e-01 -1.675952354506037301e+00 -8.133365171243482905e-01 -5.758035731921388178e-01 6.914944966102629653e-01 -1.383339419293109662e+00 -1.188813555048197745e+00 -5.257853039281196184e-02 5.238841526867410447e-01 9.739701854485945109e-02 1.955902448730882259e+00 -3.908607666298400951e-01 -2.030645903074414171e+00 1.020157791841947326e+00 2.863378739625664915e-01 1.211112938698409636e+00 -6.280737148719874874e-01 -1.060003139385106596e+00 9.773604403291624720e-02 3.700424018916530500e-01
